3
5
8
10
12
15
17
20
22
24
27
29
31
34
36
39
41
43
46
48
51
53
55
58
60
62
65
67
70
72
74
77
79
82
84
86
89
91
93
96
98
101
103
105
108
110
113
115
117
120
122
124
127
129
132
134
136
139
141
144
146
148
151
153
155
158
160
163
165
167
170
172
175
177
179
182
184
186
189
191
194
196
198
201
203
206
208
210
213
215
217
220
222
225
227
229
232
234
237
239
241
244
246
248
251
253
256
258
260
263
265
268
270
272
275
277
279
282
284
287
289
291
294
296
299
301
303
306
308
310
313
315
318
320
322
325
327
330
332
334
337
339
341
344
346
349
351
353
356
358
361
363
365
368
370
372
375
377
380
382
384
387
389
392
394
396
399
401
403
406
408
411
413
415
418
420
423
425
427
430
432
434
437
439
442
444
446
449
451
453
456
458
461
463
465
468
470
473
475
477
480
482
484
487
489
492
494
496
499
501
504
506
508
511
513
515
518
520
523
525
527
530
532
535
537
539
542
544
546
549
551
554
556
558
561
563
566
568
570
573
575
577
580
582
585
587
589
592
594
597
599
601
604
606
608
611
613
616
618
620
623
625
628
630
632
635
637
639
642
644
647
649
651
654
656
659
661
663
666
668
670
673
675
678
680
682
685
687
690
692
694
697
699
701
704
706
709
711
713
716
718
721
723
725
728
730
732
735
737
740
742
744
747
749
752
754
756
759
761
763
766
768
771
773
775
778
780
783
785
787
790
792
794
797
799
802
804
806
809
811
814
816
818
821
823
825
828
830
833
835
837
840
842
845
847
849
852
854
856
859
861
864
866
868
871
873
875
878
880
883
885
887
890
892
895
897
899
902
904
906
909
911
914
916
918
921
923
926
928
930
933
935
937
940
942
945
947
949
952
954
957
959
961
964
966
968
971
973
976
978
980
983
985
988
990
992
995
997
999
