4
7
10
13
16
19
22
25
28
31
35
38
41
44
47
50
53
56
59
62
65
69
72
75
78
81
84
87
90
93
96
99
103
106
109
112
115
118
121
124
127
130
133
137
140
143
146
149
152
155
158
161
164
168
171
174
177
180
183
186
189
192
195
198
202
205
208
211
214
217
220
223
226
229
232
236
239
242
245
248
251
254
257
260
263
266
270
273
276
279
282
285
288
291
294
297
301
304
307
310
313
316
319
322
325
328
331
335
338
341
344
347
350
353
356
359
362
365
369
372
375
378
381
384
387
390
393
396
399
403
406
409
412
415
418
421
424
427
430
434
437
440
443
446
449
452
455
458
461
464
468
471
474
477
480
483
486
489
492
495
498
502
505
508
511
514
517
520
523
526
529
532
536
539
542
545
548
551
554
557
560
563
567
570
573
576
579
582
585
588
591
594
597
601
604
607
610
613
616
619
622
625
628
631
635
638
641
644
647
650
653
656
659
662
665
669
672
675
678
681
684
687
690
693
696
700
703
706
709
712
715
718
721
724
727
730
734
737
740
743
746
749
752
755
758
761
764
768
771
774
777
780
783
786
789
792
795
798
802
805
808
811
814
817
820
823
826
829
833
836
839
842
845
848
851
854
857
860
863
867
870
873
876
879
882
885
888
891
894
897
901
904
907
910
913
916
919
922
925
928
931
935
938
941
944
947
950
953
956
959
962
966
969
972
975
978
981
984
987
990
993
996
1000
