Log file created at: 2021/11/22 20:06:57
Running on machine: ehab-OptiPlex-5070
Log line format: [IWEF]mmdd hh:mm:ss.uuuuuu threadid file:line] msg
I1122 20:06:57.320772  7648 ClientNetworkLayer.cpp:91] Request (sender) -->Tiles
1:0:42,43,54,55,66,67,78,79,90,91,102,103,41,53,65,77,89,101,44,56,68,80,92,104,114,115,113,30,31,116,29,32
1:1:40,52,64,76,88,100,112,28,125,126,127,128,124
Quality
0
I1122 20:06:57.420423  7648 ClientNetworkLayer.cpp:91] Request (sender) -->Tiles
1:0:42,43,54,55,66,67,78,79,90,91,102,103,41,53,65,77,89,101,44,56,68,80,92,104,114,115,113,30,31,116,29,32
1:1:40,52,64,76,88,100,112,28,125,126,127,128,124
Quality
0
I1122 20:06:57.520419  7648 ClientNetworkLayer.cpp:91] Request (sender) -->Tiles
1:0:42,43,54,55,66,67,78,79,90,91,102,103,41,53,65,77,89,101,44,56,68,80,92,104,114,115,113,30,31,116,29,32
1:1:40,52,64,76,88,100,112,28,125,126,127,128,124
Quality
0
I1122 20:06:57.620502  7648 ClientNetworkLayer.cpp:91] Request (sender) -->Tiles
1:0:42,43,54,55,66,67,78,79,90,91,102,103,41,53,65,77,89,101,44,56,68,80,92,104,114,115,113,30,31,116,29,32
1:1:40,52,64,76,88,100,112,28,125,126,127,128,124
Quality
0
I1122 20:06:57.720461  7648 ClientNetworkLayer.cpp:91] Request (sender) -->Tiles
1:0:42,43,54,55,66,67,78,79,90,91,102,103,41,53,65,77,89,101,44,56,68,80,92,104,114,115,113,30,31,116,29,32
1:1:40,52,64,76,88,100,112,28,125,126,127,128,124
Quality
0
I1122 20:06:57.820545  7648 ClientNetworkLayer.cpp:91] Request (sender) -->Tiles
1:0:42,43,54,55,66,67,78,79,90,91,102,103,41,53,65,77,89,101,44,56,68,80,92,104,114,115,113,30,31,116,29,32
1:1:40,52,64,76,88,100,112,28,125,126,127,128,124
Quality
0
I1122 20:06:57.920346  7648 ClientNetworkLayer.cpp:91] Request (sender) -->Tiles
1:0:42,43,54,55,66,67,78,79,90,91,102,103,41,53,65,77,89,101,44,56,68,80,92,104,114,115,113,30,31,116,29,32
1:1:40,52,64,76,88,100,112,28,125,126,127,128,124
Quality
0
I1122 20:06:58.020336  7648 ClientNetworkLayer.cpp:91] Request (sender) -->Tiles
1:0:42,43,54,55,66,67,78,79,90,91,102,103,41,53,65,77,89,101,44,56,68,80,92,104,114,115,113,30,31,116,29,32
1:1:40,52,64,76,88,100,112,28,125,126,127,128,124
Quality
0
I1122 20:06:58.120307  7648 ClientNetworkLayer.cpp:91] Request (sender) -->Tiles
1:0:42,43,54,55,66,67,78,79,90,91,102,103,41,53,65,77,89,101,44,56,68,80,92,104,114,115,113,30,31,116,29,32
1:1:40,52,64,76,88,100,112,28,125,126,127,128,124
Quality
0
I1122 20:06:58.220597  7648 ClientNetworkLayer.cpp:91] Request (sender) -->Tiles
1:0:42,43,54,55,66,67,78,79,90,91,102,103,41,53,65,77,89,101,44,56,68,80,92,104,114,115,113,30,31,116,29,32
1:1:40,52,64,76,88,100,112,28,125,126,127,128,124
Quality
0
I1122 20:06:58.320344  7648 ClientNetworkLayer.cpp:91] Request (sender) -->Tiles
1:0:42,43,54,55,66,67,78,79,90,91,102,103,41,53,65,77,89,101,44,56,68,80,92,104,114,115,113,30,31,116,29,32
1:1:40,52,64,76,88,100,112,28,125,126,127,128,124
Quality
0
I1122 20:06:58.420337  7648 ClientNetworkLayer.cpp:91] Request (sender) -->Tiles
1:0:42,43,54,55,66,67,78,79,90,91,102,103,41,53,65,77,89,101,44,56,68,80,92,104,114,115,113,30,31,116,29,32
1:1:40,52,64,76,88,100,112,28,125,126,127,128,124
Quality
0
I1122 20:06:58.520283  7648 ClientNetworkLayer.cpp:91] Request (sender) -->Tiles
1:0:42,43,54,55,66,67,78,79,90,91,102,103,41,53,65,77,89,101,44,56,68,80,92,104,114,115,113,30,31,116,29,32
1:1:40,52,64,76,88,100,112,28,125,126,127,128,124
Quality
0
I1122 20:06:58.620420  7648 ClientNetworkLayer.cpp:91] Request (sender) -->Tiles
1:0:42,43,54,55,66,67,78,79,90,91,102,103,41,53,65,77,89,101,44,56,68,80,92,104,114,115,113,30,31,116,29,32
1:1:40,52,64,76,88,100,112,28,125,126,127,128,124
Quality
0
I1122 20:06:58.720368  7648 ClientNetworkLayer.cpp:91] Request (sender) -->Tiles
1:0:42,43,54,55,66,67,78,79,90,91,102,103,41,53,65,77,89,101,44,56,68,80,92,104,114,115,113,30,31,116,29,32
1:1:40,52,64,76,88,100,112,28,125,126,127,128,124
Quality
0
I1122 20:06:58.820335  7648 ClientNetworkLayer.cpp:91] Request (sender) -->Tiles
1:0:42,43,54,55,66,67,78,79,90,91,102,103,41,53,65,77,89,101,44,56,68,80,92,104,114,115,113,30,31,116,29,32
1:1:40,52,64,76,88,100,112,28,125,126,127,128,124
Quality
0
I1122 20:06:58.920437  7648 ClientNetworkLayer.cpp:91] Request (sender) -->Tiles
1:0:42,43,54,55,66,67,78,79,90,91,102,103,41,53,65,77,89,101,44,56,68,80,92,104,114,115,113,30,31,116,29,32
1:1:40,52,64,76,88,100,112,28,125,126,127,128,124
Quality
0
I1122 20:06:59.020481  7648 ClientNetworkLayer.cpp:91] Request (sender) -->Tiles
1:0:42,43,54,55,66,67,78,79,90,91,102,103,41,53,65,77,89,101,44,56,68,80,92,104,114,115,113,30,31,116,29,32
1:1:40,52,64,76,88,100,112,28,125,126,127,128,124
Quality
0
I1122 20:06:59.120463  7648 ClientNetworkLayer.cpp:91] Request (sender) -->Tiles
1:0:42,43,54,55,66,67,78,79,90,91,102,103,41,53,65,77,89,101,44,56,68,80,92,104,114,115,113,30,31,116,29,32
1:1:40,52,64,76,88,100,112,28,125,126,127,128,124
Quality
0
I1122 20:06:59.220342  7648 ClientNetworkLayer.cpp:91] Request (sender) -->Tiles
1:0:42,43,54,55,66,67,78,79,90,91,102,103,41,53,65,77,89,101,44,56,68,80,92,104,114,115,113,30,31,116,29,32
1:1:40,52,64,76,88,100,112,28,125,126,127,128,124
Quality
0
I1122 20:06:59.320333  7648 ClientNetworkLayer.cpp:91] Request (sender) -->Tiles
1:0:42,43,54,55,66,67,78,79,90,91,102,103,41,53,65,77,89,101,44,56,68,80,92,104,114,115,113,30,31,116,29,32
1:1:40,52,64,76,88,100,112,28,125,126,127,128,124
Quality
0
I1122 20:06:59.420293  7648 ClientNetworkLayer.cpp:91] Request (sender) -->Tiles
1:0:42,43,54,55,66,67,78,79,90,91,102,103,41,53,65,77,89,101,44,56,68,80,92,104,114,115,113,30,31,116,29,32
1:1:40,52,64,76,88,100,112,28,125,126,127,128,124
Quality
0
I1122 20:06:59.520285  7648 ClientNetworkLayer.cpp:91] Request (sender) -->Tiles
1:0:42,43,54,55,66,67,78,79,90,91,102,103,41,53,65,77,89,101,44,56,68,80,92,104,114,115,113,30,31,116,29,32
1:1:40,52,64,76,88,100,112,28,125,126,127,128,124
Quality
0
I1122 20:06:59.620278  7648 ClientNetworkLayer.cpp:91] Request (sender) -->Tiles
1:0:42,43,54,55,66,67,78,79,90,91,102,103,41,53,65,77,89,101,44,56,68,80,92,104,114,115,113,30,31,116,29,32
1:1:40,52,64,76,88,100,112,28,125,126,127,128,124
Quality
0
I1122 20:06:59.720289  7648 ClientNetworkLayer.cpp:91] Request (sender) -->Tiles
1:0:42,43,54,55,66,67,78,79,90,91,102,103,41,53,65,77,89,101,44,56,68,80,92,104,114,115,113,30,31,116,29,32
1:1:40,52,64,76,88,100,112,28,125,126,127,128,124
Quality
0
I1122 20:06:59.820281  7648 ClientNetworkLayer.cpp:91] Request (sender) -->Tiles
1:0:42,43,54,55,66,67,78,79,90,91,102,103,41,53,65,77,89,101,44,56,68,80,92,104,114,115,113,30,31,116,29,32
1:1:40,52,64,76,88,100,112,28,125,126,127,128,124
Quality
0
I1122 20:06:59.920290  7648 ClientNetworkLayer.cpp:91] Request (sender) -->Tiles
1:0:42,43,54,55,66,67,78,79,90,91,102,103,41,53,65,77,89,101,44,56,68,80,92,104,114,115,113,30,31,116,29,32
1:1:40,52,64,76,88,100,112,28,125,126,127,128,124
Quality
0
I1122 20:07:00.020293  7648 ClientNetworkLayer.cpp:91] Request (sender) -->Tiles
1:0:42,43,54,55,66,67,78,79,90,91,102,103,41,53,65,77,89,101,44,56,68,80,92,104,114,115,113,30,31,116,29,32
1:1:40,52,64,76,88,100,112,28,125,126,127,128,124
Quality
0
I1122 20:07:00.120292  7648 ClientNetworkLayer.cpp:91] Request (sender) -->Tiles
1:0:42,43,54,55,66,67,78,79,90,91,102,103,41,53,65,77,89,101,44,56,68,80,92,104,114,115,113,30,31,116,29,32
1:1:40,52,64,76,88,100,112,28,125,126,127,128,124
Quality
0
I1122 20:07:00.220501  7648 ClientNetworkLayer.cpp:91] Request (sender) -->Tiles
1:0:42,43,54,55,66,67,78,79,90,91,102,103,41,53,65,77,89,101,44,56,68,80,92,104,114,115,113,30,31,116,29,32
1:1:40,52,64,76,88,100,112,28,125,126,127,128,124
Quality
0
I1122 20:07:00.320312  7648 ClientNetworkLayer.cpp:91] Request (sender) -->Tiles
1:0:42,43,54,55,66,67,78,79,90,91,102,103,41,53,65,77,89,101,44,56,68,80,92,104,114,115,113,30,31,116,29,32
1:1:40,52,64,76,88,100,112,28,125,126,127,128,124
Quality
0
I1122 20:07:00.420537  7648 ClientNetworkLayer.cpp:91] Request (sender) -->Tiles
1:0:42,43,54,55,66,67,78,79,90,91,102,103,41,53,65,77,89,101,44,56,68,80,92,104,114,115,113,30,31,116,29,32
1:1:40,52,64,76,88,100,112,28,125,126,127,128,124
Quality
0
I1122 20:07:00.520534  7648 ClientNetworkLayer.cpp:91] Request (sender) -->Tiles
1:0:42,43,54,55,66,67,78,79,90,91,102,103,41,53,65,77,89,101,44,56,68,80,92,104,114,115,113,30,31,116,29,32
1:1:40,52,64,76,88,100,112,28,125,126,127,128,124
Quality
0
I1122 20:07:00.620499  7648 ClientNetworkLayer.cpp:91] Request (sender) -->Tiles
1:0:42,43,54,55,66,67,78,79,90,91,102,103,41,53,65,77,89,101,44,56,68,80,92,104,114,115,113,30,31,116,29,32
1:1:40,52,64,76,88,100,112,28,125,126,127,128,124
Quality
0
I1122 20:07:00.720430  7648 ClientNetworkLayer.cpp:91] Request (sender) -->Tiles
1:0:42,43,54,55,66,67,78,79,90,91,102,103,41,53,65,77,89,101,44,56,68,80,92,104,114,115,113,30,31,116,29,32
1:1:40,52,64,76,88,100,112,28,125,126,127,128,124
Quality
0
I1122 20:07:00.820590  7648 ClientNetworkLayer.cpp:91] Request (sender) -->Tiles
1:0:42,43,54,55,66,67,78,79,90,91,102,103,41,53,65,77,89,101,44,56,68,80,92,104,114,115,113,30,31,116,29,32
1:1:40,52,64,76,88,100,112,28,125,126,127,128,124
Quality
0
I1122 20:07:00.920544  7648 ClientNetworkLayer.cpp:91] Request (sender) -->Tiles
1:0:42,43,54,55,66,67,78,79,90,91,102,103,41,53,65,77,89,101,44,56,68,80,92,104,114,115,113,30,31,116,29,32
1:1:40,52,64,76,88,100,112,28,125,126,127,128,124
Quality
0
I1122 20:07:01.020538  7648 ClientNetworkLayer.cpp:91] Request (sender) -->Tiles
1:0:42,43,54,55,66,67,78,79,90,91,102,103,41,53,65,77,89,101,44,56,68,80,92,104,114,115,113,30,31,116,29,32
1:1:40,52,64,76,88,100,112,28,125,126,127,128,124
Quality
0
I1122 20:07:01.120849  7648 ClientNetworkLayer.cpp:91] Request (sender) -->Tiles
1:0:42,43,54,55,66,67,78,79,90,91,102,103,41,53,65,77,89,101,44,56,68,80,92,104,114,115,113,30,31,116,29,32
1:1:40,52,64,76,88,100,112,28,125,126,127,128,124
Quality
0
I1122 20:07:01.221077  7648 ClientNetworkLayer.cpp:91] Request (sender) -->Tiles
1:0:42,43,54,55,66,67,78,79,90,91,102,103,41,53,65,77,89,101,44,56,68,80,92,104,114,115,113,30,31,116,29,32
1:1:40,52,64,76,88,100,112,28,125,126,127,128,124
Quality
0
I1122 20:07:01.320998  7648 ClientNetworkLayer.cpp:91] Request (sender) -->Tiles
1:0:42,43,54,55,66,67,78,79,90,91,102,103,41,53,65,77,89,101,44,56,68,80,92,104,114,115,113,30,31,116,29,32
1:1:40,52,64,76,88,100,112,28,125,126,127,128,124
Quality
0
I1122 20:07:01.420598  7648 ClientNetworkLayer.cpp:91] Request (sender) -->Tiles
1:0:42,43,54,55,66,67,78,79,90,91,102,103,41,53,65,77,89,101,44,56,68,80,92,104,114,115,113,30,31,116,29,32
1:1:40,52,64,76,88,100,112,28,125,126,127,128,124
Quality
0
I1122 20:07:01.520602  7648 ClientNetworkLayer.cpp:91] Request (sender) -->Tiles
1:0:42,43,54,55,66,67,78,79,90,91,102,103,41,53,65,77,89,101,44,56,68,80,92,104,114,115,113,30,31,116,29,32
1:1:40,52,64,76,88,100,112,28,125,126,127,128,124
Quality
0
I1122 20:07:01.620594  7648 ClientNetworkLayer.cpp:91] Request (sender) -->Tiles
1:0:42,43,54,55,66,67,78,79,90,91,102,103,41,53,65,77,89,101,44,56,68,80,92,104,114,115,113,30,31,116,29,32
1:1:40,52,64,76,88,100,112,28,125,126,127,128,124
Quality
0
I1122 20:07:01.720603  7648 ClientNetworkLayer.cpp:91] Request (sender) -->Tiles
1:0:42,43,54,55,66,67,78,79,90,91,102,103,41,53,65,77,89,101,44,56,68,80,92,104,114,115,113,30,31,116,29,32
1:1:40,52,64,76,88,100,112,28,125,126,127,128,124
Quality
0
I1122 20:07:01.820582  7648 ClientNetworkLayer.cpp:91] Request (sender) -->Tiles
1:0:42,43,54,55,66,67,78,79,90,91,102,103,41,53,65,77,89,101,44,56,68,80,92,104,114,115,113,30,31,116,29,32
1:1:40,52,64,76,88,100,112,28,125,126,127,128,124
Quality
0
I1122 20:07:01.920522  7648 ClientNetworkLayer.cpp:91] Request (sender) -->Tiles
1:0:42,43,54,55,66,67,78,79,90,91,102,103,41,53,65,77,89,101,44,56,68,80,92,104,114,115,113,30,31,116,29,32
1:1:40,52,64,76,88,100,112,28,125,126,127,128,124
Quality
0
I1122 20:07:02.020557  7648 ClientNetworkLayer.cpp:91] Request (sender) -->Tiles
1:0:42,43,54,55,66,67,78,79,90,91,102,103,41,53,65,77,89,101,44,56,68,80,92,104,114,115,113,30,31,116,29,32
1:1:40,52,64,76,88,100,112,28,125,126,127,128,124
Quality
0
I1122 20:07:02.120587  7648 ClientNetworkLayer.cpp:91] Request (sender) -->Tiles
1:0:42,43,54,55,66,67,78,79,90,91,102,103,41,53,65,77,89,101,44,56,68,80,92,104,114,115,113,30,31,116,29,32
1:1:40,52,64,76,88,100,112,28,125,126,127,128,124
Quality
0
I1122 20:07:02.220587  7648 ClientNetworkLayer.cpp:91] Request (sender) -->Tiles
1:0:42,43,54,55,66,67,78,79,90,91,102,103,41,53,65,77,89,101,44,56,68,80,92,104,114,115,113,30,31,116,29,32
1:1:40,52,64,76,88,100,112,28,125,126,127,128,124
Quality
0
I1122 20:07:02.320662  7648 ClientNetworkLayer.cpp:91] Request (sender) -->Tiles
1:0:42,43,54,55,66,67,78,79,90,91,102,103,41,53,65,77,89,101,44,56,68,80,92,104,114,115,113,30,31,116,29,32
1:1:40,52,64,76,88,100,112,28,125,126,127,128,124
Quality
0
I1122 20:07:02.420536  7648 ClientNetworkLayer.cpp:91] Request (sender) -->Tiles
1:0:42,43,54,55,66,67,78,79,90,91,102,103,41,53,65,77,89,101,44,56,68,80,92,104,114,115,113,30,31,116,29,32
1:1:40,52,64,76,88,100,112,28,125,126,127,128,124
Quality
0
I1122 20:07:02.520608  7648 ClientNetworkLayer.cpp:91] Request (sender) -->Tiles
1:0:42,43,54,55,66,67,78,79,90,91,102,103,41,53,65,77,89,101,44,56,68,80,92,104,114,115,113,30,31,116,29,32
1:1:40,52,64,76,88,100,112,28,125,126,127,128,124
Quality
0
I1122 20:07:02.620821  7648 ClientNetworkLayer.cpp:91] Request (sender) -->Tiles
1:0:42,43,54,55,66,67,78,79,90,91,102,103,41,53,65,77,89,101,44,56,68,80,92,104,114,115,113,30,31,116,29,32
1:1:40,52,64,76,88,100,112,28,125,126,127,128,124
Quality
0
I1122 20:07:02.720551  7648 ClientNetworkLayer.cpp:91] Request (sender) -->Tiles
1:0:42,43,54,55,66,67,78,79,90,91,102,103,41,53,65,77,89,101,44,56,68,80,92,104,114,115,113,30,31,116,29,32
1:1:40,52,64,76,88,100,112,28,125,126,127,128,124
Quality
0
I1122 20:07:02.820685  7648 ClientNetworkLayer.cpp:91] Request (sender) -->Tiles
1:0:42,43,54,55,66,67,78,79,90,91,102,103,41,53,65,77,89,101,44,56,68,80,92,104,114,115,113,30,31,116,29,32
1:1:40,52,64,76,88,100,112,28,125,126,127,128,124
Quality
0
I1122 20:07:02.920876  7648 ClientNetworkLayer.cpp:91] Request (sender) -->Tiles
1:0:42,43,54,55,66,67,78,79,90,91,102,103,41,53,65,77,89,101,44,56,68,80,92,104,114,115,113,30,31,116,29,32
1:1:40,52,64,76,88,100,112,28,125,126,127,128,124
Quality
0
I1122 20:07:03.021337  7648 ClientNetworkLayer.cpp:91] Request (sender) -->Tiles
1:0:42,43,54,55,66,67,78,79,90,91,102,103,41,53,65,77,89,101,44,56,68,80,92,104,114,115,113,30,31,116,29,32
1:1:40,52,64,76,88,100,112,28,125,126,127,128,124
Quality
0
I1122 20:07:03.121330  7648 ClientNetworkLayer.cpp:91] Request (sender) -->Tiles
1:0:42,43,54,55,66,67,78,79,90,91,102,103,41,53,65,77,89,101,44,56,68,80,92,104,114,115,113,30,31,116,29,32
1:1:40,52,64,76,88,100,112,28,125,126,127,128,124
Quality
0
I1122 20:07:03.221413  7648 ClientNetworkLayer.cpp:91] Request (sender) -->Tiles
1:0:42,43,54,55,66,67,78,79,90,91,102,103,41,53,65,77,89,101,44,56,68,80,92,104,114,115,113,30,31,116,29,32
1:1:40,52,64,76,88,100,112,28,125,126,127,128,124
Quality
0
I1122 20:07:03.321554  7648 ClientNetworkLayer.cpp:91] Request (sender) -->Tiles
1:0:42,43,54,55,66,67,78,79,90,91,102,103,41,53,65,77,89,101,44,56,68,80,92,104,114,115,113,30,31,116,29,32
1:1:40,52,64,76,88,100,112,28,125,126,127,128,124
Quality
0
I1122 20:07:03.421480  7648 ClientNetworkLayer.cpp:91] Request (sender) -->Tiles
1:0:42,43,54,55,66,67,78,79,90,91,102,103,41,53,65,77,89,101,44,56,68,80,92,104,114,115,113,30,31,116,29,32
1:1:40,52,64,76,88,100,112,28,125,126,127,128,124
Quality
0
I1122 20:07:03.521498  7648 ClientNetworkLayer.cpp:91] Request (sender) -->Tiles
1:0:42,43,54,55,66,67,78,79,90,91,102,103,41,53,65,77,89,101,44,56,68,80,92,104,114,115,113,30,31,116,29,32
1:1:40,52,64,76,88,100,112,28,125,126,127,128,124
Quality
0
I1122 20:07:03.621353  7648 ClientNetworkLayer.cpp:91] Request (sender) -->Tiles
1:0:42,43,54,55,66,67,78,79,90,91,102,103,41,53,65,77,89,101,44,56,68,80,92,104,114,115,113,30,31,116,29,32
1:1:40,52,64,76,88,100,112,28,125,126,127,128,124
Quality
0
I1122 20:07:03.721311  7648 ClientNetworkLayer.cpp:91] Request (sender) -->Tiles
1:0:42,43,54,55,66,67,78,79,90,91,102,103,41,53,65,77,89,101,44,56,68,80,92,104,114,115,113,30,31,116,29,32
1:1:40,52,64,76,88,100,112,28,125,126,127,128,124
Quality
0
I1122 20:07:03.821293  7648 ClientNetworkLayer.cpp:91] Request (sender) -->Tiles
1:0:42,43,54,55,66,67,78,79,90,91,102,103,41,53,65,77,89,101,44,56,68,80,92,104,114,115,113,30,31,116,29,32
1:1:40,52,64,76,88,100,112,28,125,126,127,128,124
Quality
0
I1122 20:07:03.920599  7648 ClientNetworkLayer.cpp:91] Request (sender) -->Tiles
1:0:42,43,54,55,66,67,78,79,90,91,102,103,41,53,65,77,89,101,44,56,68,80,92,104,114,115,113,30,31,116,29,32
1:1:40,52,64,76,88,100,112,28,125,126,127,128,124
Quality
0
I1122 20:07:04.020469  7648 ClientNetworkLayer.cpp:91] Request (sender) -->Tiles
1:0:42,43,54,55,66,67,78,79,90,91,102,103,41,53,65,77,89,101,44,56,68,80,92,104,114,115,113,30,31,116,29,32
1:1:40,52,64,76,88,100,112,28,125,126,127,128,124
Quality
0
I1122 20:07:04.120468  7648 ClientNetworkLayer.cpp:91] Request (sender) -->Tiles
1:0:42,43,54,55,66,67,78,79,90,91,102,103,41,53,65,77,89,101,44,56,68,80,92,104,114,115,113,30,31,116,29,32
1:1:40,52,64,76,88,100,112,28,125,126,127,128,124
Quality
0
I1122 20:07:04.220510  7648 ClientNetworkLayer.cpp:91] Request (sender) -->Tiles
1:0:42,43,54,55,66,67,78,79,90,91,102,103,41,53,65,77,89,101,44,56,68,80,92,104,114,115,113,30,31,116,29,32
1:1:40,52,64,76,88,100,112,28,125,126,127,128,124
Quality
0
I1122 20:07:04.320911  7648 ClientNetworkLayer.cpp:91] Request (sender) -->Tiles
1:0:42,43,54,55,66,67,78,79,90,91,102,103,41,53,65,77,89,101,44,56,68,80,92,104,114,115,113,30,31,116,29,32
1:1:40,52,64,76,88,100,112,28,125,126,127,128,124
Quality
0
I1122 20:07:04.420471  7648 ClientNetworkLayer.cpp:91] Request (sender) -->Tiles
1:0:42,43,54,55,66,67,78,79,90,91,102,103,41,53,65,77,89,101,44,56,68,80,92,104,114,115,113,30,31,116,29,32
1:1:40,52,64,76,88,100,112,28,125,126,127,128,124
Quality
0
I1122 20:07:04.520509  7648 ClientNetworkLayer.cpp:91] Request (sender) -->Tiles
1:0:42,43,54,55,66,67,78,79,90,91,102,103,41,53,65,77,89,101,44,56,68,80,92,104,114,115,113,30,31,116,29,32
1:1:40,52,64,76,88,100,112,28,125,126,127,128,124
Quality
0
I1122 20:07:04.620456  7648 ClientNetworkLayer.cpp:91] Request (sender) -->Tiles
1:0:42,43,54,55,66,67,78,79,90,91,102,103,41,53,65,77,89,101,44,56,68,80,92,104,114,115,113,30,31,116,29,32
1:1:40,52,64,76,88,100,112,28,125,126,127,128,124
Quality
0
I1122 20:07:04.720657  7648 ClientNetworkLayer.cpp:91] Request (sender) -->Tiles
1:0:42,43,54,55,66,67,78,79,90,91,102,103,41,53,65,77,89,101,44,56,68,80,92,104,114,115,113,30,31,116,29,32
1:1:40,52,64,76,88,100,112,28,125,126,127,128,124
Quality
0
I1122 20:07:04.821009  7648 ClientNetworkLayer.cpp:91] Request (sender) -->Tiles
1:0:42,43,54,55,66,67,78,79,90,91,102,103,41,53,65,77,89,101,44,56,68,80,92,104,114,115,113,30,31,116,29,32
1:1:40,52,64,76,88,100,112,28,125,126,127,128,124
Quality
0
I1122 20:07:04.921164  7648 ClientNetworkLayer.cpp:91] Request (sender) -->Tiles
1:0:42,43,54,55,66,67,78,79,90,91,102,103,41,53,65,77,89,101,44,56,68,80,92,104,114,115,113,30,31,116,29,32
1:1:40,52,64,76,88,100,112,28,125,126,127,128,124
Quality
0
I1122 20:07:05.021138  7648 ClientNetworkLayer.cpp:91] Request (sender) -->Tiles
1:0:42,43,54,55,66,67,78,79,90,91,102,103,41,53,65,77,89,101,44,56,68,80,92,104,114,115,113,30,31,116,29,32
1:1:40,52,64,76,88,100,112,28,125,126,127,128,124
Quality
0
I1122 20:07:05.121275  7648 ClientNetworkLayer.cpp:91] Request (sender) -->Tiles
1:0:42,43,54,55,66,67,78,79,90,91,102,103,41,53,65,77,89,101,44,56,68,80,92,104,114,115,113,30,31,116,29,32
1:1:40,52,64,76,88,100,112,28,125,126,127,128,124
Quality
0
I1122 20:07:05.221500  7648 ClientNetworkLayer.cpp:91] Request (sender) -->Tiles
1:0:42,43,54,55,66,67,78,79,90,91,102,103,41,53,65,77,89,101,44,56,68,80,92,104,114,115,113,30,31,116,29,32
1:1:40,52,64,76,88,100,112,28,125,126,127,128,124
Quality
0
I1122 20:07:05.320502  7648 ClientNetworkLayer.cpp:91] Request (sender) -->Tiles
1:0:42,43,54,55,66,67,78,79,90,91,102,103,41,53,65,77,89,101,44,56,68,80,92,104,114,115,113,30,31,116,29,32
1:1:40,52,64,76,88,100,112,28,125,126,127,128,124
Quality
0
I1122 20:07:05.420306  7648 ClientNetworkLayer.cpp:91] Request (sender) -->Tiles
1:0:42,43,54,55,66,67,78,79,90,91,102,103,41,53,65,77,89,101,44,56,68,80,92,104,114,115,113,30,31,116,29,32
1:1:40,52,64,76,88,100,112,28,125,126,127,128,124
Quality
0
I1122 20:07:05.520278  7648 ClientNetworkLayer.cpp:91] Request (sender) -->Tiles
1:0:42,43,54,55,66,67,78,79,90,91,102,103,41,53,65,77,89,101,44,56,68,80,92,104,114,115,113,30,31,116,29,32
1:1:40,52,64,76,88,100,112,28,125,126,127,128,124
Quality
0
I1122 20:07:05.620283  7648 ClientNetworkLayer.cpp:91] Request (sender) -->Tiles
1:0:42,43,54,55,66,67,78,79,90,91,102,103,41,53,65,77,89,101,44,56,68,80,92,104,114,115,113,30,31,116,29,32
1:1:40,52,64,76,88,100,112,28,125,126,127,128,124
Quality
0
I1122 20:07:05.720312  7648 ClientNetworkLayer.cpp:91] Request (sender) -->Tiles
1:0:42,43,54,55,66,67,78,79,90,91,102,103,41,53,65,77,89,101,44,56,68,80,92,104,114,115,113,30,31,116,29,32
1:1:40,52,64,76,88,100,112,28,125,126,127,128,124
Quality
0
I1122 20:07:05.820279  7648 ClientNetworkLayer.cpp:91] Request (sender) -->Tiles
1:0:42,43,54,55,66,67,78,79,90,91,102,103,41,53,65,77,89,101,44,56,68,80,92,104,114,115,113,30,31,116,29,32
1:1:40,52,64,76,88,100,112,28,125,126,127,128,124
Quality
0
I1122 20:07:05.920287  7648 ClientNetworkLayer.cpp:91] Request (sender) -->Tiles
1:0:42,43,54,55,66,67,78,79,90,91,102,103,41,53,65,77,89,101,44,56,68,80,92,104,114,115,113,30,31,116,29,32
1:1:40,52,64,76,88,100,112,28,125,126,127,128,124
Quality
0
I1122 20:07:06.020277  7648 ClientNetworkLayer.cpp:91] Request (sender) -->Tiles
1:0:42,43,54,55,66,67,78,79,90,91,102,103,41,53,65,77,89,101,44,56,68,80,92,104,114,115,113,30,31,116,29,32
1:1:40,52,64,76,88,100,112,28,125,126,127,128,124
Quality
0
I1122 20:07:06.120288  7648 ClientNetworkLayer.cpp:91] Request (sender) -->Tiles
1:0:42,43,54,55,66,67,78,79,90,91,102,103,41,53,65,77,89,101,44,56,68,80,92,104,114,115,113,30,31,116,29,32
1:1:40,52,64,76,88,100,112,28,125,126,127,128,124
Quality
0
I1122 20:07:06.220280  7648 ClientNetworkLayer.cpp:91] Request (sender) -->Tiles
1:0:42,43,54,55,66,67,78,79,90,91,102,103,41,53,65,77,89,101,44,56,68,80,92,104,114,115,113,30,31,116,29,32
1:1:40,52,64,76,88,100,112,28,125,126,127,128,124
Quality
0
I1122 20:07:06.320282  7648 ClientNetworkLayer.cpp:91] Request (sender) -->Tiles
1:0:42,43,54,55,66,67,78,79,90,91,102,103,41,53,65,77,89,101,44,56,68,80,92,104,114,115,113,30,31,116,29,32
1:1:40,52,64,76,88,100,112,28,125,126,127,128,124
Quality
0
I1122 20:07:06.420374  7648 ClientNetworkLayer.cpp:91] Request (sender) -->Tiles
1:0:42,43,54,55,66,67,78,79,90,91,102,103,41,53,65,77,89,101,44,56,68,80,92,104,114,115,113,30,31,116,29,32
1:1:40,52,64,76,88,100,112,28,125,126,127,128,124
Quality
0
I1122 20:07:06.520285  7648 ClientNetworkLayer.cpp:91] Request (sender) -->Tiles
1:0:42,43,54,55,66,67,78,79,90,91,102,103,41,53,65,77,89,101,44,56,68,80,92,104,114,115,113,30,31,116,29,32
1:1:40,52,64,76,88,100,112,28,125,126,127,128,124
Quality
0
I1122 20:07:06.620285  7648 ClientNetworkLayer.cpp:91] Request (sender) -->Tiles
1:0:42,43,54,55,66,67,78,79,90,91,102,103,41,53,65,77,89,101,44,56,68,80,92,104,114,115,113,30,31,116,29,32
1:1:40,52,64,76,88,100,112,28,125,126,127,128,124
Quality
0
I1122 20:07:06.720288  7648 ClientNetworkLayer.cpp:91] Request (sender) -->Tiles
1:0:42,43,54,55,66,67,78,79,90,91,102,103,41,53,65,77,89,101,44,56,68,80,92,104,114,115,113,30,31,116,29,32
1:1:40,52,64,76,88,100,112,28,125,126,127,128,124
Quality
0
I1122 20:07:06.820338  7648 ClientNetworkLayer.cpp:91] Request (sender) -->Tiles
1:0:42,43,54,55,66,67,78,79,90,91,102,103,41,53,65,77,89,101,44,56,68,80,92,104,114,115,113,30,31,116,29,32
1:1:40,52,64,76,88,100,112,28,125,126,127,128,124
Quality
0
I1122 20:07:06.920285  7648 ClientNetworkLayer.cpp:91] Request (sender) -->Tiles
1:0:42,43,54,55,66,67,78,79,90,91,102,103,41,53,65,77,89,101,44,56,68,80,92,104,114,115,113,30,31,116,29,32
1:1:40,52,64,76,88,100,112,28,125,126,127,128,124
Quality
0
I1122 20:07:07.020283  7648 ClientNetworkLayer.cpp:91] Request (sender) -->Tiles
1:0:42,43,54,55,66,67,78,79,90,91,102,103,41,53,65,77,89,101,44,56,68,80,92,104,114,115,113,30,31,116,29,32
1:1:40,52,64,76,88,100,112,28,125,126,127,128,124
Quality
0
I1122 20:07:07.120288  7648 ClientNetworkLayer.cpp:91] Request (sender) -->Tiles
1:0:42,43,54,55,66,67,78,79,90,91,102,103,41,53,65,77,89,101,44,56,68,80,92,104,114,115,113,30,31,116,29,32
1:1:40,52,64,76,88,100,112,28,125,126,127,128,124
Quality
0
I1122 20:07:07.220293  7648 ClientNetworkLayer.cpp:91] Request (sender) -->Tiles
1:0:42,43,54,55,66,67,78,79,90,91,102,103,41,53,65,77,89,101,44,56,68,80,92,104,114,115,113,30,31,116,29,32
1:1:40,52,64,76,88,100,112,28,125,126,127,128,124
Quality
0
I1122 20:07:07.320286  7648 ClientNetworkLayer.cpp:91] Request (sender) -->Tiles
1:0:42,43,54,55,66,67,78,79,90,91,102,103,41,53,65,77,89,101,44,56,68,80,92,104,114,115,113,30,31,116,29,32
1:1:40,52,64,76,88,100,112,28,125,126,127,128,124
Quality
0
I1122 20:07:07.420279  7648 ClientNetworkLayer.cpp:91] Request (sender) -->Tiles
1:0:42,43,54,55,66,67,78,79,90,91,102,103,41,53,65,77,89,101,44,56,68,80,92,104,114,115,113,30,31,116,29,32
1:1:40,52,64,76,88,100,112,28,125,126,127,128,124
Quality
0
I1122 20:07:07.520289  7648 ClientNetworkLayer.cpp:91] Request (sender) -->Tiles
1:0:42,43,54,55,66,67,78,79,90,91,102,103,41,53,65,77,89,101,44,56,68,80,92,104,114,115,113,30,31,116,29,32
1:1:40,52,64,76,88,100,112,28,125,126,127,128,124
Quality
0
I1122 20:07:07.620280  7648 ClientNetworkLayer.cpp:91] Request (sender) -->Tiles
1:0:42,43,54,55,66,67,78,79,90,91,102,103,41,53,65,77,89,101,44,56,68,80,92,104,114,115,113,30,31,116,29,32
1:1:40,52,64,76,88,100,112,28,125,126,127,128,124
Quality
0
I1122 20:07:07.720291  7648 ClientNetworkLayer.cpp:91] Request (sender) -->Tiles
1:0:42,43,54,55,66,67,78,79,90,91,102,103,41,53,65,77,89,101,44,56,68,80,92,104,114,115,113,30,31,116,29,32
1:1:40,52,64,76,88,100,112,28,125,126,127,128,124
Quality
0
I1122 20:07:07.820279  7648 ClientNetworkLayer.cpp:91] Request (sender) -->Tiles
1:0:42,43,54,55,66,67,78,79,90,91,102,103,41,53,65,77,89,101,44,56,68,80,92,104,114,115,113,30,31,116,29,32
1:1:40,52,64,76,88,100,112,28,125,126,127,128,124
Quality
0
I1122 20:07:07.920272  7648 ClientNetworkLayer.cpp:91] Request (sender) -->Tiles
1:0:42,43,54,55,66,67,78,79,90,91,102,103,41,53,65,77,89,101,44,56,68,80,92,104,114,115,113,30,31,116,29,32
1:1:40,52,64,76,88,100,112,28,125,126,127,128,124
Quality
0
I1122 20:07:08.020313  7648 ClientNetworkLayer.cpp:91] Request (sender) -->Tiles
1:0:42,43,54,55,66,67,78,79,90,91,102,103,41,53,65,77,89,101,44,56,68,80,92,104,114,115,113,30,31,116,29,32
1:1:40,52,64,76,88,100,112,28,125,126,127,128,124
Quality
0
I1122 20:07:08.120316  7648 ClientNetworkLayer.cpp:91] Request (sender) -->Tiles
1:0:42,43,54,55,66,67,78,79,90,91,102,103,41,53,65,77,89,101,44,56,68,80,92,104,114,115,113,30,31,116,29,32
1:1:40,52,64,76,88,100,112,28,125,126,127,128,124
Quality
0
I1122 20:07:08.220283  7648 ClientNetworkLayer.cpp:91] Request (sender) -->Tiles
1:0:42,43,54,55,66,67,78,79,90,91,102,103,41,53,65,77,89,101,44,56,68,80,92,104,114,115,113,30,31,116,29,32
1:1:40,52,64,76,88,100,112,28,125,126,127,128,124
Quality
0
I1122 20:07:08.320345  7648 ClientNetworkLayer.cpp:91] Request (sender) -->Tiles
1:0:42,43,54,55,66,67,78,79,90,91,102,103,41,53,65,77,89,101,44,56,68,80,92,104,114,115,113,30,31,116,29,32
1:1:40,52,64,76,88,100,112,28,125,126,127,128,124
Quality
0
I1122 20:07:08.420672  7648 ClientNetworkLayer.cpp:91] Request (sender) -->Tiles
1:0:42,43,54,55,66,67,78,79,90,91,102,103,41,53,65,77,89,101,44,56,68,80,92,104,114,115,113,30,31,116,29,32
1:1:40,52,64,76,88,100,112,28,125,126,127,128,124
Quality
0
I1122 20:07:08.520347  7648 ClientNetworkLayer.cpp:91] Request (sender) -->Tiles
1:0:42,43,54,55,66,67,78,79,90,91,102,103,41,53,65,77,89,101,44,56,68,80,92,104,114,115,113,30,31,116,29,32
1:1:40,52,64,76,88,100,112,28,125,126,127,128,124
Quality
0
I1122 20:07:08.620290  7648 ClientNetworkLayer.cpp:91] Request (sender) -->Tiles
1:0:42,43,54,55,66,67,78,79,90,91,102,103,41,53,65,77,89,101,44,56,68,80,92,104,114,115,113,30,31,116,29,32
1:1:40,52,64,76,88,100,112,28,125,126,127,128,124
Quality
0
I1122 20:07:08.720286  7648 ClientNetworkLayer.cpp:91] Request (sender) -->Tiles
1:0:42,43,54,55,66,67,78,79,90,91,102,103,41,53,65,77,89,101,44,56,68,80,92,104,114,115,113,30,31,116,29,32
1:1:40,52,64,76,88,100,112,28,125,126,127,128,124
Quality
0
I1122 20:07:08.820287  7648 ClientNetworkLayer.cpp:91] Request (sender) -->Tiles
1:0:42,43,54,55,66,67,78,79,90,91,102,103,41,53,65,77,89,101,44,56,68,80,92,104,114,115,113,30,31,116,29,32
1:1:40,52,64,76,88,100,112,28,125,126,127,128,124
Quality
0
I1122 20:07:08.920279  7648 ClientNetworkLayer.cpp:91] Request (sender) -->Tiles
1:0:42,43,54,55,66,67,78,79,90,91,102,103,41,53,65,77,89,101,44,56,68,80,92,104,114,115,113,30,31,116,29,32
1:1:40,52,64,76,88,100,112,28,125,126,127,128,124
Quality
0
I1122 20:07:09.020293  7648 ClientNetworkLayer.cpp:91] Request (sender) -->Tiles
1:0:42,43,54,55,66,67,78,79,90,91,102,103,41,53,65,77,89,101,44,56,68,80,92,104,114,115,113,30,31,116,29,32
1:1:40,52,64,76,88,100,112,28,125,126,127,128,124
Quality
0
I1122 20:07:09.120286  7648 ClientNetworkLayer.cpp:91] Request (sender) -->Tiles
1:0:42,43,54,55,66,67,78,79,90,91,102,103,41,53,65,77,89,101,44,56,68,80,92,104,114,115,113,30,31,116,29,32
1:1:40,52,64,76,88,100,112,28,125,126,127,128,124
Quality
0
I1122 20:07:09.220284  7648 ClientNetworkLayer.cpp:91] Request (sender) -->Tiles
1:0:42,43,54,55,66,67,78,79,90,91,102,103,41,53,65,77,89,101,44,56,68,80,92,104,114,115,113,30,31,116,29,32
1:1:40,52,64,76,88,100,112,28,125,126,127,128,124
Quality
0
I1122 20:07:09.320284  7648 ClientNetworkLayer.cpp:91] Request (sender) -->Tiles
1:0:42,43,54,55,66,67,78,79,90,91,102,103,41,53,65,77,89,101,44,56,68,80,92,104,114,115,113,30,31,116,29,32
1:1:40,52,64,76,88,100,112,28,125,126,127,128,124
Quality
0
I1122 20:07:09.420282  7648 ClientNetworkLayer.cpp:91] Request (sender) -->Tiles
1:0:42,43,54,55,66,67,78,79,90,91,102,103,41,53,65,77,89,101,44,56,68,80,92,104,114,115,113,30,31,116,29,32
1:1:40,52,64,76,88,100,112,28,125,126,127,128,124
Quality
0
I1122 20:07:09.520280  7648 ClientNetworkLayer.cpp:91] Request (sender) -->Tiles
1:0:42,43,54,55,66,67,78,79,90,91,102,103,41,53,65,77,89,101,44,56,68,80,92,104,114,115,113,30,31,116,29,32
1:1:40,52,64,76,88,100,112,28,125,126,127,128,124
Quality
0
I1122 20:07:09.620283  7648 ClientNetworkLayer.cpp:91] Request (sender) -->Tiles
1:0:42,43,54,55,66,67,78,79,90,91,102,103,41,53,65,77,89,101,44,56,68,80,92,104,114,115,113,30,31,116,29,32
1:1:40,52,64,76,88,100,112,28,125,126,127,128,124
Quality
0
I1122 20:07:09.720278  7648 ClientNetworkLayer.cpp:91] Request (sender) -->Tiles
1:0:42,43,54,55,66,67,78,79,90,91,102,103,41,53,65,77,89,101,44,56,68,80,92,104,114,115,113,30,31,116,29,32
1:1:40,52,64,76,88,100,112,28,125,126,127,128,124
Quality
0
I1122 20:07:09.820297  7648 ClientNetworkLayer.cpp:91] Request (sender) -->Tiles
1:0:42,43,54,55,66,67,78,79,90,91,102,103,41,53,65,77,89,101,44,56,68,80,92,104,114,115,113,30,31,116,29,32
1:1:40,52,64,76,88,100,112,28,125,126,127,128,124
Quality
0
I1122 20:07:09.920295  7648 ClientNetworkLayer.cpp:91] Request (sender) -->Tiles
1:0:42,43,54,55,66,67,78,79,90,91,102,103,41,53,65,77,89,101,44,56,68,80,92,104,114,115,113,30,31,116,29,32
1:1:40,52,64,76,88,100,112,28,125,126,127,128,124
Quality
0
I1122 20:07:10.020272  7648 ClientNetworkLayer.cpp:91] Request (sender) -->Tiles
1:0:42,43,54,55,66,67,78,79,90,91,102,103,41,53,65,77,89,101,44,56,68,80,92,104,114,115,113,30,31,116,29,32
1:1:40,52,64,76,88,100,112,28,125,126,127,128,124
Quality
0
I1122 20:07:10.120286  7648 ClientNetworkLayer.cpp:91] Request (sender) -->Tiles
1:0:42,43,54,55,66,67,78,79,90,91,102,103,41,53,65,77,89,101,44,56,68,80,92,104,114,115,113,30,31,116,29,32
1:1:40,52,64,76,88,100,112,28,125,126,127,128,124
Quality
0
I1122 20:07:10.220317  7648 ClientNetworkLayer.cpp:91] Request (sender) -->Tiles
1:0:42,43,54,55,66,67,78,79,90,91,102,103,41,53,65,77,89,101,44,56,68,80,92,104,114,115,113,30,31,116,29,32
1:1:40,52,64,76,88,100,112,28,125,126,127,128,124
Quality
0
I1122 20:07:10.320282  7648 ClientNetworkLayer.cpp:91] Request (sender) -->Tiles
1:0:42,43,54,55,66,67,78,79,90,91,102,103,41,53,65,77,89,101,44,56,68,80,92,104,114,115,113,30,31,116,29,32
1:1:40,52,64,76,88,100,112,28,125,126,127,128,124
Quality
0
I1122 20:07:10.420284  7648 ClientNetworkLayer.cpp:91] Request (sender) -->Tiles
1:0:42,43,54,55,66,67,78,79,90,91,102,103,41,53,65,77,89,101,44,56,68,80,92,104,114,115,113,30,31,116,29,32
1:1:40,52,64,76,88,100,112,28,125,126,127,128,124
Quality
0
I1122 20:07:10.520378  7648 ClientNetworkLayer.cpp:91] Request (sender) -->Tiles
1:0:42,43,54,55,66,67,78,79,90,91,102,103,41,53,65,77,89,101,44,56,68,80,92,104,114,115,113,30,31,116,29,32
1:1:40,52,64,76,88,100,112,28,125,126,127,128,124
Quality
0
I1122 20:07:10.620302  7648 ClientNetworkLayer.cpp:91] Request (sender) -->Tiles
1:0:42,43,54,55,66,67,78,79,90,91,102,103,41,53,65,77,89,101,44,56,68,80,92,104,114,115,113,30,31,116,29,32
1:1:40,52,64,76,88,100,112,28,125,126,127,128,124
Quality
0
I1122 20:07:10.720293  7648 ClientNetworkLayer.cpp:91] Request (sender) -->Tiles
1:0:42,43,54,55,66,67,78,79,90,91,102,103,41,53,65,77,89,101,44,56,68,80,92,104,114,115,113,30,31,116,29,32
1:1:40,52,64,76,88,100,112,28,125,126,127,128,124
Quality
0
I1122 20:07:10.820282  7648 ClientNetworkLayer.cpp:91] Request (sender) -->Tiles
1:0:42,43,54,55,66,67,78,79,90,91,102,103,41,53,65,77,89,101,44,56,68,80,92,104,114,115,113,30,31,116,29,32
1:1:40,52,64,76,88,100,112,28,125,126,127,128,124
Quality
0
I1122 20:07:10.920291  7648 ClientNetworkLayer.cpp:91] Request (sender) -->Tiles
1:0:42,43,54,55,66,67,78,79,90,91,102,103,41,53,65,77,89,101,44,56,68,80,92,104,114,115,113,30,31,116,29,32
1:1:40,52,64,76,88,100,112,28,125,126,127,128,124
Quality
0
I1122 20:07:11.020272  7648 ClientNetworkLayer.cpp:91] Request (sender) -->Tiles
1:0:42,43,54,55,66,67,78,79,90,91,102,103,41,53,65,77,89,101,44,56,68,80,92,104,114,115,113,30,31,116,29,32
1:1:40,52,64,76,88,100,112,28,125,126,127,128,124
Quality
0
I1122 20:07:11.120271  7648 ClientNetworkLayer.cpp:91] Request (sender) -->Tiles
1:0:42,43,54,55,66,67,78,79,90,91,102,103,41,53,65,77,89,101,44,56,68,80,92,104,114,115,113,30,31,116,29,32
1:1:40,52,64,76,88,100,112,28,125,126,127,128,124
Quality
0
I1122 20:07:11.220283  7648 ClientNetworkLayer.cpp:91] Request (sender) -->Tiles
1:0:42,43,54,55,66,67,78,79,90,91,102,103,41,53,65,77,89,101,44,56,68,80,92,104,114,115,113,30,31,116,29,32
1:1:40,52,64,76,88,100,112,28,125,126,127,128,124
Quality
0
I1122 20:07:11.320456  7648 ClientNetworkLayer.cpp:91] Request (sender) -->Tiles
1:0:42,43,54,55,66,67,78,79,90,91,102,103,41,53,65,77,89,101,44,56,68,80,92,104,114,115,113,30,31,116,29,32
1:1:40,52,64,76,88,100,112,28,125,126,127,128,124
Quality
0
I1122 20:07:11.420317  7648 ClientNetworkLayer.cpp:91] Request (sender) -->Tiles
1:0:42,43,54,55,66,67,78,79,90,91,102,103,41,53,65,77,89,101,44,56,68,80,92,104,114,115,113,30,31,116,29,32
1:1:40,52,64,76,88,100,112,28,125,126,127,128,124
Quality
0
I1122 20:07:11.520318  7648 ClientNetworkLayer.cpp:91] Request (sender) -->Tiles
1:0:42,43,54,55,66,67,78,79,90,91,102,103,41,53,65,77,89,101,44,56,68,80,92,104,114,115,113,30,31,116,29,32
1:1:40,52,64,76,88,100,112,28,125,126,127,128,124
Quality
0
I1122 20:07:11.620280  7648 ClientNetworkLayer.cpp:91] Request (sender) -->Tiles
1:0:42,43,54,55,66,67,78,79,90,91,102,103,41,53,65,77,89,101,44,56,68,80,92,104,114,115,113,30,31,116,29,32
1:1:40,52,64,76,88,100,112,28,125,126,127,128,124
Quality
0
I1122 20:07:11.720276  7648 ClientNetworkLayer.cpp:91] Request (sender) -->Tiles
1:0:42,43,54,55,66,67,78,79,90,91,102,103,41,53,65,77,89,101,44,56,68,80,92,104,114,115,113,30,31,116,29,32
1:1:40,52,64,76,88,100,112,28,125,126,127,128,124
Quality
0
I1122 20:07:11.820291  7648 ClientNetworkLayer.cpp:91] Request (sender) -->Tiles
1:0:42,43,54,55,66,67,78,79,90,91,102,103,41,53,65,77,89,101,44,56,68,80,92,104,114,115,113,30,31,116,29,32
1:1:40,52,64,76,88,100,112,28,125,126,127,128,124
Quality
0
I1122 20:07:11.920293  7648 ClientNetworkLayer.cpp:91] Request (sender) -->Tiles
1:0:42,43,54,55,66,67,78,79,90,91,102,103,41,53,65,77,89,101,44,56,68,80,92,104,114,115,113,30,31,116,29,32
1:1:40,52,64,76,88,100,112,28,125,126,127,128,124
Quality
0
I1122 20:07:12.020282  7648 ClientNetworkLayer.cpp:91] Request (sender) -->Tiles
1:0:42,43,54,55,66,67,78,79,90,91,102,103,41,53,65,77,89,101,44,56,68,80,92,104,114,115,113,30,31,116,29,32
1:1:40,52,64,76,88,100,112,28,125,126,127,128,124
Quality
0
I1122 20:07:12.120280  7648 ClientNetworkLayer.cpp:91] Request (sender) -->Tiles
1:0:42,43,54,55,66,67,78,79,90,91,102,103,41,53,65,77,89,101,44,56,68,80,92,104,114,115,113,30,31,116,29,32
1:1:40,52,64,76,88,100,112,28,125,126,127,128,124
Quality
0
I1122 20:07:12.220268  7648 ClientNetworkLayer.cpp:91] Request (sender) -->Tiles
1:0:42,43,54,55,66,67,78,79,90,91,102,103,41,53,65,77,89,101,44,56,68,80,92,104,114,115,113,30,31,116,29,32
1:1:40,52,64,76,88,100,112,28,125,126,127,128,124
Quality
0
I1122 20:07:12.320298  7648 ClientNetworkLayer.cpp:91] Request (sender) -->Tiles
1:0:42,43,54,55,66,67,78,79,90,91,102,103,41,53,65,77,89,101,44,56,68,80,92,104,114,115,113,30,31,116,29,32
1:1:40,52,64,76,88,100,112,28,125,126,127,128,124
Quality
0
I1122 20:07:12.420279  7648 ClientNetworkLayer.cpp:91] Request (sender) -->Tiles
1:0:42,43,54,55,66,67,78,79,90,91,102,103,41,53,65,77,89,101,44,56,68,80,92,104,114,115,113,30,31,116,29,32
1:1:40,52,64,76,88,100,112,28,125,126,127,128,124
Quality
0
I1122 20:07:12.520612  7648 ClientNetworkLayer.cpp:91] Request (sender) -->Tiles
1:0:42,43,54,55,66,67,78,79,90,91,102,103,41,53,65,77,89,101,44,56,68,80,92,104,114,115,113,30,31,116,29,32
1:1:40,52,64,76,88,100,112,28,125,126,127,128,124
Quality
0
I1122 20:07:12.620342  7648 ClientNetworkLayer.cpp:91] Request (sender) -->Tiles
1:0:42,43,54,55,66,67,78,79,90,91,102,103,41,53,65,77,89,101,44,56,68,80,92,104,114,115,113,30,31,116,29,32
1:1:40,52,64,76,88,100,112,28,125,126,127,128,124
Quality
0
I1122 20:07:12.720281  7648 ClientNetworkLayer.cpp:91] Request (sender) -->Tiles
1:0:42,43,54,55,66,67,78,79,90,91,102,103,41,53,65,77,89,101,44,56,68,80,92,104,114,115,113,30,31,116,29,32
1:1:40,52,64,76,88,100,112,28,125,126,127,128,124
Quality
0
I1122 20:07:12.820278  7648 ClientNetworkLayer.cpp:91] Request (sender) -->Tiles
1:0:42,43,54,55,66,67,78,79,90,91,102,103,41,53,65,77,89,101,44,56,68,80,92,104,114,115,113,30,31,116,29,32
1:1:40,52,64,76,88,100,112,28,125,126,127,128,124
Quality
0
I1122 20:07:12.920287  7648 ClientNetworkLayer.cpp:91] Request (sender) -->Tiles
1:0:42,43,54,55,66,67,78,79,90,91,102,103,41,53,65,77,89,101,44,56,68,80,92,104,114,115,113,30,31,116,29,32
1:1:40,52,64,76,88,100,112,28,125,126,127,128,124
Quality
0
I1122 20:07:13.020277  7648 ClientNetworkLayer.cpp:91] Request (sender) -->Tiles
1:0:42,43,54,55,66,67,78,79,90,91,102,103,41,53,65,77,89,101,44,56,68,80,92,104,114,115,113,30,31,116,29,32
1:1:40,52,64,76,88,100,112,28,125,126,127,128,124
Quality
0
I1122 20:07:13.120275  7648 ClientNetworkLayer.cpp:91] Request (sender) -->Tiles
1:0:42,43,54,55,66,67,78,79,90,91,102,103,41,53,65,77,89,101,44,56,68,80,92,104,114,115,113,30,31,116,29,32
1:1:40,52,64,76,88,100,112,28,125,126,127,128,124
Quality
0
I1122 20:07:13.220310  7648 ClientNetworkLayer.cpp:91] Request (sender) -->Tiles
1:0:42,43,54,55,66,67,78,79,90,91,102,103,41,53,65,77,89,101,44,56,68,80,92,104,114,115,113,30,31,116,29,32
1:1:40,52,64,76,88,100,112,28,125,126,127,128,124
Quality
0
I1122 20:07:13.320392  7648 ClientNetworkLayer.cpp:91] Request (sender) -->Tiles
1:0:42,43,54,55,66,67,78,79,90,91,102,103,41,53,65,77,89,101,44,56,68,80,92,104,114,115,113,30,31,116,29,32
1:1:40,52,64,76,88,100,112,28,125,126,127,128,124
Quality
0
I1122 20:07:13.420320  7648 ClientNetworkLayer.cpp:91] Request (sender) -->Tiles
1:0:42,43,54,55,66,67,78,79,90,91,102,103,41,53,65,77,89,101,44,56,68,80,92,104,114,115,113,30,31,116,29,32
1:1:40,52,64,76,88,100,112,28,125,126,127,128,124
Quality
0
I1122 20:07:13.520294  7648 ClientNetworkLayer.cpp:91] Request (sender) -->Tiles
1:0:42,43,54,55,66,67,78,79,90,91,102,103,41,53,65,77,89,101,44,56,68,80,92,104,114,115,113,30,31,116,29,32
1:1:40,52,64,76,88,100,112,28,125,126,127,128,124
Quality
0
I1122 20:07:13.620322  7648 ClientNetworkLayer.cpp:91] Request (sender) -->Tiles
1:0:42,43,54,55,66,67,78,79,90,91,102,103,41,53,65,77,89,101,44,56,68,80,92,104,114,115,113,30,31,116,29,32
1:1:40,52,64,76,88,100,112,28,125,126,127,128,124
Quality
0
I1122 20:07:13.720278  7648 ClientNetworkLayer.cpp:91] Request (sender) -->Tiles
1:0:42,43,54,55,66,67,78,79,90,91,102,103,41,53,65,77,89,101,44,56,68,80,92,104,114,115,113,30,31,116,29,32
1:1:40,52,64,76,88,100,112,28,125,126,127,128,124
Quality
0
I1122 20:07:13.820284  7648 ClientNetworkLayer.cpp:91] Request (sender) -->Tiles
1:0:42,43,54,55,66,67,78,79,90,91,102,103,41,53,65,77,89,101,44,56,68,80,92,104,114,115,113,30,31,116,29,32
1:1:40,52,64,76,88,100,112,28,125,126,127,128,124
Quality
0
I1122 20:07:13.920310  7648 ClientNetworkLayer.cpp:91] Request (sender) -->Tiles
1:0:42,43,54,55,66,67,78,79,90,91,102,103,41,53,65,77,89,101,44,56,68,80,92,104,114,115,113,30,31,116,29,32
1:1:40,52,64,76,88,100,112,28,125,126,127,128,124
Quality
0
I1122 20:07:14.020285  7648 ClientNetworkLayer.cpp:91] Request (sender) -->Tiles
1:0:42,43,54,55,66,67,78,79,90,91,102,103,41,53,65,77,89,101,44,56,68,80,92,104,114,115,113,30,31,116,29,32
1:1:40,52,64,76,88,100,112,28,125,126,127,128,124
Quality
0
I1122 20:07:14.120275  7648 ClientNetworkLayer.cpp:91] Request (sender) -->Tiles
1:0:42,43,54,55,66,67,78,79,90,91,102,103,41,53,65,77,89,101,44,56,68,80,92,104,114,115,113,30,31,116,29,32
1:1:40,52,64,76,88,100,112,28,125,126,127,128,124
Quality
0
I1122 20:07:14.220276  7648 ClientNetworkLayer.cpp:91] Request (sender) -->Tiles
1:0:42,43,54,55,66,67,78,79,90,91,102,103,41,53,65,77,89,101,44,56,68,80,92,104,114,115,113,30,31,116,29,32
1:1:40,52,64,76,88,100,112,28,125,126,127,128,124
Quality
0
I1122 20:07:14.320281  7648 ClientNetworkLayer.cpp:91] Request (sender) -->Tiles
1:0:42,43,54,55,66,67,78,79,90,91,102,103,41,53,65,77,89,101,44,56,68,80,92,104,114,115,113,30,31,116,29,32
1:1:40,52,64,76,88,100,112,28,125,126,127,128,124
Quality
0
I1122 20:07:14.420279  7648 ClientNetworkLayer.cpp:91] Request (sender) -->Tiles
1:0:42,43,54,55,66,67,78,79,90,91,102,103,41,53,65,77,89,101,44,56,68,80,92,104,114,115,113,30,31,116,29,32
1:1:40,52,64,76,88,100,112,28,125,126,127,128,124
Quality
0
I1122 20:07:14.520275  7648 ClientNetworkLayer.cpp:91] Request (sender) -->Tiles
1:0:42,43,54,55,66,67,78,79,90,91,102,103,41,53,65,77,89,101,44,56,68,80,92,104,114,115,113,30,31,116,29,32
1:1:40,52,64,76,88,100,112,28,125,126,127,128,124
Quality
0
I1122 20:07:14.620340  7648 ClientNetworkLayer.cpp:91] Request (sender) -->Tiles
1:0:42,43,54,55,66,67,78,79,90,91,102,103,41,53,65,77,89,101,44,56,68,80,92,104,114,115,113,30,31,116,29,32
1:1:40,52,64,76,88,100,112,28,125,126,127,128,124
Quality
0
I1122 20:07:14.720281  7648 ClientNetworkLayer.cpp:91] Request (sender) -->Tiles
1:0:42,43,54,55,66,67,78,79,90,91,102,103,41,53,65,77,89,101,44,56,68,80,92,104,114,115,113,30,31,116,29,32
1:1:40,52,64,76,88,100,112,28,125,126,127,128,124
Quality
0
I1122 20:07:14.820284  7648 ClientNetworkLayer.cpp:91] Request (sender) -->Tiles
1:0:42,43,54,55,66,67,78,79,90,91,102,103,41,53,65,77,89,101,44,56,68,80,92,104,114,115,113,30,31,116,29,32
1:1:40,52,64,76,88,100,112,28,125,126,127,128,124
Quality
0
I1122 20:07:14.920289  7648 ClientNetworkLayer.cpp:91] Request (sender) -->Tiles
1:0:42,43,54,55,66,67,78,79,90,91,102,103,41,53,65,77,89,101,44,56,68,80,92,104,114,115,113,30,31,116,29,32
1:1:40,52,64,76,88,100,112,28,125,126,127,128,124
Quality
0
I1122 20:07:15.020287  7648 ClientNetworkLayer.cpp:91] Request (sender) -->Tiles
1:0:42,43,54,55,66,67,78,79,90,91,102,103,41,53,65,77,89,101,44,56,68,80,92,104,114,115,113,30,31,116,29,32
1:1:40,52,64,76,88,100,112,28,125,126,127,128,124
Quality
0
I1122 20:07:15.120277  7648 ClientNetworkLayer.cpp:91] Request (sender) -->Tiles
1:0:42,43,54,55,66,67,78,79,90,91,102,103,41,53,65,77,89,101,44,56,68,80,92,104,114,115,113,30,31,116,29,32
1:1:40,52,64,76,88,100,112,28,125,126,127,128,124
Quality
0
I1122 20:07:15.220325  7648 ClientNetworkLayer.cpp:91] Request (sender) -->Tiles
1:0:42,43,54,55,66,67,78,79,90,91,102,103,41,53,65,77,89,101,44,56,68,80,92,104,114,115,113,30,31,116,29,32
1:1:40,52,64,76,88,100,112,28,125,126,127,128,124
Quality
0
I1122 20:07:15.320335  7648 ClientNetworkLayer.cpp:91] Request (sender) -->Tiles
1:0:42,43,54,55,66,67,78,79,90,91,102,103,41,53,65,77,89,101,44,56,68,80,92,104,114,115,113,30,31,116,29,32
1:1:40,52,64,76,88,100,112,28,125,126,127,128,124
Quality
0
I1122 20:07:15.420274  7648 ClientNetworkLayer.cpp:91] Request (sender) -->Tiles
1:0:42,43,54,55,66,67,78,79,90,91,102,103,41,53,65,77,89,101,44,56,68,80,92,104,114,115,113,30,31,116,29,32
1:1:40,52,64,76,88,100,112,28,125,126,127,128,124
Quality
0
I1122 20:07:15.520287  7648 ClientNetworkLayer.cpp:91] Request (sender) -->Tiles
1:0:42,43,54,55,66,67,78,79,90,91,102,103,41,53,65,77,89,101,44,56,68,80,92,104,114,115,113,30,31,116,29,32
1:1:40,52,64,76,88,100,112,28,125,126,127,128,124
Quality
0
I1122 20:07:15.620352  7648 ClientNetworkLayer.cpp:91] Request (sender) -->Tiles
1:0:42,43,54,55,66,67,78,79,90,91,102,103,41,53,65,77,89,101,44,56,68,80,92,104,114,115,113,30,31,116,29,32
1:1:40,52,64,76,88,100,112,28,125,126,127,128,124
Quality
0
I1122 20:07:15.720291  7648 ClientNetworkLayer.cpp:91] Request (sender) -->Tiles
1:0:42,43,54,55,66,67,78,79,90,91,102,103,41,53,65,77,89,101,44,56,68,80,92,104,114,115,113,30,31,116,29,32
1:1:40,52,64,76,88,100,112,28,125,126,127,128,124
Quality
0
I1122 20:07:15.820286  7648 ClientNetworkLayer.cpp:91] Request (sender) -->Tiles
1:0:42,43,54,55,66,67,78,79,90,91,102,103,41,53,65,77,89,101,44,56,68,80,92,104,114,115,113,30,31,116,29,32
1:1:40,52,64,76,88,100,112,28,125,126,127,128,124
Quality
0
I1122 20:07:15.920293  7648 ClientNetworkLayer.cpp:91] Request (sender) -->Tiles
1:0:42,43,54,55,66,67,78,79,90,91,102,103,41,53,65,77,89,101,44,56,68,80,92,104,114,115,113,30,31,116,29,32
1:1:40,52,64,76,88,100,112,28,125,126,127,128,124
Quality
0
I1122 20:07:16.020279  7648 ClientNetworkLayer.cpp:91] Request (sender) -->Tiles
1:0:42,43,54,55,66,67,78,79,90,91,102,103,41,53,65,77,89,101,44,56,68,80,92,104,114,115,113,30,31,116,29,32
1:1:40,52,64,76,88,100,112,28,125,126,127,128,124
Quality
0
I1122 20:07:16.120290  7648 ClientNetworkLayer.cpp:91] Request (sender) -->Tiles
1:0:42,43,54,55,66,67,78,79,90,91,102,103,41,53,65,77,89,101,44,56,68,80,92,104,114,115,113,30,31,116,29,32
1:1:40,52,64,76,88,100,112,28,125,126,127,128,124
Quality
0
I1122 20:07:16.220276  7648 ClientNetworkLayer.cpp:91] Request (sender) -->Tiles
1:0:42,43,54,55,66,67,78,79,90,91,102,103,41,53,65,77,89,101,44,56,68,80,92,104,114,115,113,30,31,116,29,32
1:1:40,52,64,76,88,100,112,28,125,126,127,128,124
Quality
0
I1122 20:07:16.320389  7648 ClientNetworkLayer.cpp:91] Request (sender) -->Tiles
1:0:42,43,54,55,66,67,78,79,90,91,102,103,41,53,65,77,89,101,44,56,68,80,92,104,114,115,113,30,31,116,29,32
1:1:40,52,64,76,88,100,112,28,125,126,127,128,124
Quality
0
I1122 20:07:16.420328  7648 ClientNetworkLayer.cpp:91] Request (sender) -->Tiles
1:0:42,43,54,55,66,67,78,79,90,91,102,103,41,53,65,77,89,101,44,56,68,80,92,104,114,115,113,30,31,116,29,32
1:1:40,52,64,76,88,100,112,28,125,126,127,128,124
Quality
0
I1122 20:07:16.520282  7648 ClientNetworkLayer.cpp:91] Request (sender) -->Tiles
1:0:42,43,54,55,66,67,78,79,90,91,102,103,41,53,65,77,89,101,44,56,68,80,92,104,114,115,113,30,31,116,29,32
1:1:40,52,64,76,88,100,112,28,125,126,127,128,124
Quality
0
I1122 20:07:16.620442  7648 ClientNetworkLayer.cpp:91] Request (sender) -->Tiles
1:0:42,43,54,55,66,67,78,79,90,91,102,103,41,53,65,77,89,101,44,56,68,80,92,104,114,115,113,30,31,116,29,32
1:1:40,52,64,76,88,100,112,28,125,126,127,128,124
Quality
0
I1122 20:07:16.720342  7648 ClientNetworkLayer.cpp:91] Request (sender) -->Tiles
1:0:42,43,54,55,66,67,78,79,90,91,102,103,41,53,65,77,89,101,44,56,68,80,92,104,114,115,113,30,31,116,29,32
1:1:40,52,64,76,88,100,112,28,125,126,127,128,124
Quality
0
I1122 20:07:16.820286  7648 ClientNetworkLayer.cpp:91] Request (sender) -->Tiles
1:0:42,43,54,55,66,67,78,79,90,91,102,103,41,53,65,77,89,101,44,56,68,80,92,104,114,115,113,30,31,116,29,32
1:1:40,52,64,76,88,100,112,28,125,126,127,128,124
Quality
0
I1122 20:07:16.920280  7648 ClientNetworkLayer.cpp:91] Request (sender) -->Tiles
1:0:42,43,54,55,66,67,78,79,90,91,102,103,41,53,65,77,89,101,44,56,68,80,92,104,114,115,113,30,31,116,29,32
1:1:40,52,64,76,88,100,112,28,125,126,127,128,124
Quality
0
I1122 20:07:17.020285  7648 ClientNetworkLayer.cpp:91] Request (sender) -->Tiles
1:0:42,43,54,55,66,67,78,79,90,91,102,103,41,53,65,77,89,101,44,56,68,80,92,104,114,115,113,30,31,116,29,32
1:1:40,52,64,76,88,100,112,28,125,126,127,128,124
Quality
0
I1122 20:07:17.120288  7648 ClientNetworkLayer.cpp:91] Request (sender) -->Tiles
1:0:42,43,54,55,66,67,78,79,90,91,102,103,41,53,65,77,89,101,44,56,68,80,92,104,114,115,113,30,31,116,29,32
1:1:40,52,64,76,88,100,112,28,125,126,127,128,124
Quality
0
I1122 20:07:17.220290  7648 ClientNetworkLayer.cpp:91] Request (sender) -->Tiles
1:0:42,43,54,55,66,67,78,79,90,91,102,103,41,53,65,77,89,101,44,56,68,80,92,104,114,115,113,30,31,116,29,32
1:1:40,52,64,76,88,100,112,28,125,126,127,128,124
Quality
0
I1122 20:07:17.320286  7648 ClientNetworkLayer.cpp:91] Request (sender) -->Tiles
1:0:42,43,54,55,66,67,78,79,90,91,102,103,41,53,65,77,89,101,44,56,68,80,92,104,114,115,113,30,31,116,29,32
1:1:40,52,64,76,88,100,112,28,125,126,127,128,124
Quality
0
I1122 20:07:17.420281  7648 ClientNetworkLayer.cpp:91] Request (sender) -->Tiles
1:0:42,43,54,55,66,67,78,79,90,91,102,103,41,53,65,77,89,101,44,56,68,80,92,104,114,115,113,30,31,116,29,32
1:1:40,52,64,76,88,100,112,28,125,126,127,128,124
Quality
0
I1122 20:07:17.520328  7648 ClientNetworkLayer.cpp:91] Request (sender) -->Tiles
1:0:42,43,54,55,66,67,78,79,90,91,102,103,41,53,65,77,89,101,44,56,68,80,92,104,114,115,113,30,31,116,29,32
1:1:40,52,64,76,88,100,112,28,125,126,127,128,124
Quality
0
I1122 20:07:17.620278  7648 ClientNetworkLayer.cpp:91] Request (sender) -->Tiles
1:0:42,43,54,55,66,67,78,79,90,91,102,103,41,53,65,77,89,101,44,56,68,80,92,104,114,115,113,30,31,116,29,32
1:1:40,52,64,76,88,100,112,28,125,126,127,128,124
Quality
0
I1122 20:07:17.720283  7648 ClientNetworkLayer.cpp:91] Request (sender) -->Tiles
1:0:42,43,54,55,66,67,78,79,90,91,102,103,41,53,65,77,89,101,44,56,68,80,92,104,114,115,113,30,31,116,29,32
1:1:40,52,64,76,88,100,112,28,125,126,127,128,124
Quality
0
I1122 20:07:17.820286  7648 ClientNetworkLayer.cpp:91] Request (sender) -->Tiles
1:0:42,43,54,55,66,67,78,79,90,91,102,103,41,53,65,77,89,101,44,56,68,80,92,104,114,115,113,30,31,116,29,32
1:1:40,52,64,76,88,100,112,28,125,126,127,128,124
Quality
0
I1122 20:07:17.920280  7648 ClientNetworkLayer.cpp:91] Request (sender) -->Tiles
1:0:42,43,54,55,66,67,78,79,90,91,102,103,41,53,65,77,89,101,44,56,68,80,92,104,114,115,113,30,31,116,29,32
1:1:40,52,64,76,88,100,112,28,125,126,127,128,124
Quality
0
I1122 20:07:18.020282  7648 ClientNetworkLayer.cpp:91] Request (sender) -->Tiles
1:0:42,43,54,55,66,67,78,79,90,91,102,103,41,53,65,77,89,101,44,56,68,80,92,104,114,115,113,30,31,116,29,32
1:1:40,52,64,76,88,100,112,28,125,126,127,128,124
Quality
0
I1122 20:07:18.120285  7648 ClientNetworkLayer.cpp:91] Request (sender) -->Tiles
1:0:42,43,54,55,66,67,78,79,90,91,102,103,41,53,65,77,89,101,44,56,68,80,92,104,114,115,113,30,31,116,29,32
1:1:40,52,64,76,88,100,112,28,125,126,127,128,124
Quality
0
I1122 20:07:18.220325  7648 ClientNetworkLayer.cpp:91] Request (sender) -->Tiles
1:0:42,43,54,55,66,67,78,79,90,91,102,103,41,53,65,77,89,101,44,56,68,80,92,104,114,115,113,30,31,116,29,32
1:1:40,52,64,76,88,100,112,28,125,126,127,128,124
Quality
0
I1122 20:07:18.320415  7648 ClientNetworkLayer.cpp:91] Request (sender) -->Tiles
1:0:42,43,54,55,66,67,78,79,90,91,102,103,41,53,65,77,89,101,44,56,68,80,92,104,114,115,113,30,31,116,29,32
1:1:40,52,64,76,88,100,112,28,125,126,127,128,124
Quality
0
I1122 20:07:18.420333  7648 ClientNetworkLayer.cpp:91] Request (sender) -->Tiles
1:0:42,43,54,55,66,67,78,79,90,91,102,103,41,53,65,77,89,101,44,56,68,80,92,104,114,115,113,30,31,116,29,32
1:1:40,52,64,76,88,100,112,28,125,126,127,128,124
Quality
0
I1122 20:07:18.520285  7648 ClientNetworkLayer.cpp:91] Request (sender) -->Tiles
1:0:42,43,54,55,66,67,78,79,90,91,102,103,41,53,65,77,89,101,44,56,68,80,92,104,114,115,113,30,31,116,29,32
1:1:40,52,64,76,88,100,112,28,125,126,127,128,124
Quality
0
I1122 20:07:18.620286  7648 ClientNetworkLayer.cpp:91] Request (sender) -->Tiles
1:0:42,43,54,55,66,67,78,79,90,91,102,103,41,53,65,77,89,101,44,56,68,80,92,104,114,115,113,30,31,116,29,32
1:1:40,52,64,76,88,100,112,28,125,126,127,128,124
Quality
0
I1122 20:07:18.720381  7648 ClientNetworkLayer.cpp:91] Request (sender) -->Tiles
1:0:42,43,54,55,66,67,78,79,90,91,102,103,41,53,65,77,89,101,44,56,68,80,92,104,114,115,113,30,31,116,29,32
1:1:40,52,64,76,88,100,112,28,125,126,127,128,124
Quality
0
I1122 20:07:18.820310  7648 ClientNetworkLayer.cpp:91] Request (sender) -->Tiles
1:0:42,43,54,55,66,67,78,79,90,91,102,103,41,53,65,77,89,101,44,56,68,80,92,104,114,115,113,30,31,116,29,32
1:1:40,52,64,76,88,100,112,28,125,126,127,128,124
Quality
0
I1122 20:07:18.920289  7648 ClientNetworkLayer.cpp:91] Request (sender) -->Tiles
1:0:42,43,54,55,66,67,78,79,90,91,102,103,41,53,65,77,89,101,44,56,68,80,92,104,114,115,113,30,31,116,29,32
1:1:40,52,64,76,88,100,112,28,125,126,127,128,124
Quality
0
I1122 20:07:19.020325  7648 ClientNetworkLayer.cpp:91] Request (sender) -->Tiles
1:0:42,43,54,55,66,67,78,79,90,91,102,103,41,53,65,77,89,101,44,56,68,80,92,104,114,115,113,30,31,116,29,32
1:1:40,52,64,76,88,100,112,28,125,126,127,128,124
Quality
0
I1122 20:07:19.120291  7648 ClientNetworkLayer.cpp:91] Request (sender) -->Tiles
1:0:42,43,54,55,66,67,78,79,90,91,102,103,41,53,65,77,89,101,44,56,68,80,92,104,114,115,113,30,31,116,29,32
1:1:40,52,64,76,88,100,112,28,125,126,127,128,124
Quality
0
I1122 20:07:19.220304  7648 ClientNetworkLayer.cpp:91] Request (sender) -->Tiles
1:0:42,43,54,55,66,67,78,79,90,91,102,103,41,53,65,77,89,101,44,56,68,80,92,104,114,115,113,30,31,116,29,32
1:1:40,52,64,76,88,100,112,28,125,126,127,128,124
Quality
0
I1122 20:07:19.320292  7648 ClientNetworkLayer.cpp:91] Request (sender) -->Tiles
1:0:42,43,54,55,66,67,78,79,90,91,102,103,41,53,65,77,89,101,44,56,68,80,92,104,114,115,113,30,31,116,29,32
1:1:40,52,64,76,88,100,112,28,125,126,127,128,124
Quality
0
I1122 20:07:19.420280  7648 ClientNetworkLayer.cpp:91] Request (sender) -->Tiles
1:0:42,43,54,55,66,67,78,79,90,91,102,103,41,53,65,77,89,101,44,56,68,80,92,104,114,115,113,30,31,116,29,32
1:1:40,52,64,76,88,100,112,28,125,126,127,128,124
Quality
0
I1122 20:07:19.520274  7648 ClientNetworkLayer.cpp:91] Request (sender) -->Tiles
1:0:42,43,54,55,66,67,78,79,90,91,102,103,41,53,65,77,89,101,44,56,68,80,92,104,114,115,113,30,31,116,29,32
1:1:40,52,64,76,88,100,112,28,125,126,127,128,124
Quality
0
I1122 20:07:19.620282  7648 ClientNetworkLayer.cpp:91] Request (sender) -->Tiles
1:0:42,43,54,55,66,67,78,79,90,91,102,103,41,53,65,77,89,101,44,56,68,80,92,104,114,115,113,30,31,116,29,32
1:1:40,52,64,76,88,100,112,28,125,126,127,128,124
Quality
0
I1122 20:07:19.720280  7648 ClientNetworkLayer.cpp:91] Request (sender) -->Tiles
1:0:42,43,54,55,66,67,78,79,90,91,102,103,41,53,65,77,89,101,44,56,68,80,92,104,114,115,113,30,31,116,29,32
1:1:40,52,64,76,88,100,112,28,125,126,127,128,124
Quality
0
I1122 20:07:19.820379  7648 ClientNetworkLayer.cpp:91] Request (sender) -->Tiles
1:0:42,43,54,55,66,67,78,79,90,91,102,103,41,53,65,77,89,101,44,56,68,80,92,104,114,115,113,30,31,116,29,32
1:1:40,52,64,76,88,100,112,28,125,126,127,128,124
Quality
0
I1122 20:07:19.920280  7648 ClientNetworkLayer.cpp:91] Request (sender) -->Tiles
1:0:42,43,54,55,66,67,78,79,90,91,102,103,41,53,65,77,89,101,44,56,68,80,92,104,114,115,113,30,31,116,29,32
1:1:40,52,64,76,88,100,112,28,125,126,127,128,124
Quality
0
I1122 20:07:20.020274  7648 ClientNetworkLayer.cpp:91] Request (sender) -->Tiles
1:0:42,43,54,55,66,67,78,79,90,91,102,103,41,53,65,77,89,101,44,56,68,80,92,104,114,115,113,30,31,116,29,32
1:1:40,52,64,76,88,100,112,28,125,126,127,128,124
Quality
0
I1122 20:07:20.120323  7648 ClientNetworkLayer.cpp:91] Request (sender) -->Tiles
1:0:42,43,54,55,66,67,78,79,90,91,102,103,41,53,65,77,89,101,44,56,68,80,92,104,114,115,113,30,31,116,29,32
1:1:40,52,64,76,88,100,112,28,125,126,127,128,124
Quality
0
I1122 20:07:20.220288  7648 ClientNetworkLayer.cpp:91] Request (sender) -->Tiles
1:0:42,43,54,55,66,67,78,79,90,91,102,103,41,53,65,77,89,101,44,56,68,80,92,104,114,115,113,30,31,116,29,32
1:1:40,52,64,76,88,100,112,28,125,126,127,128,124
Quality
0
I1122 20:07:20.320317  7648 ClientNetworkLayer.cpp:91] Request (sender) -->Tiles
1:0:42,43,54,55,66,67,78,79,90,91,102,103,41,53,65,77,89,101,44,56,68,80,92,104,114,115,113,30,31,116,29,32
1:1:40,52,64,76,88,100,112,28,125,126,127,128,124
Quality
0
I1122 20:07:20.420276  7648 ClientNetworkLayer.cpp:91] Request (sender) -->Tiles
1:0:42,43,54,55,66,67,78,79,90,91,102,103,41,53,65,77,89,101,44,56,68,80,92,104,114,115,113,30,31,116,29,32
1:1:40,52,64,76,88,100,112,28,125,126,127,128,124
Quality
0
I1122 20:07:20.520300  7648 ClientNetworkLayer.cpp:91] Request (sender) -->Tiles
1:0:42,43,54,55,66,67,78,79,90,91,102,103,41,53,65,77,89,101,44,56,68,80,92,104,114,115,113,30,31,116,29,32
1:1:40,52,64,76,88,100,112,28,125,126,127,128,124
Quality
0
I1122 20:07:20.620287  7648 ClientNetworkLayer.cpp:91] Request (sender) -->Tiles
1:0:42,43,54,55,66,67,78,79,90,91,102,103,41,53,65,77,89,101,44,56,68,80,92,104,114,115,113,30,31,116,29,32
1:1:40,52,64,76,88,100,112,28,125,126,127,128,124
Quality
0
I1122 20:07:20.720530  7648 ClientNetworkLayer.cpp:91] Request (sender) -->Tiles
1:0:42,43,54,55,66,67,78,79,90,91,102,103,41,53,65,77,89,101,44,56,68,80,92,104,114,115,113,30,31,116,29,32
1:1:40,52,64,76,88,100,112,28,125,126,127,128,124
Quality
0
I1122 20:07:20.820377  7648 ClientNetworkLayer.cpp:91] Request (sender) -->Tiles
1:0:42,43,54,55,66,67,78,79,90,91,102,103,41,53,65,77,89,101,44,56,68,80,92,104,114,115,113,30,31,116,29,32
1:1:40,52,64,76,88,100,112,28,125,126,127,128,124
Quality
0
I1122 20:07:20.920274  7648 ClientNetworkLayer.cpp:91] Request (sender) -->Tiles
1:0:42,43,54,55,66,67,78,79,90,91,102,103,41,53,65,77,89,101,44,56,68,80,92,104,114,115,113,30,31,116,29,32
1:1:40,52,64,76,88,100,112,28,125,126,127,128,124
Quality
0
I1122 20:07:21.020300  7648 ClientNetworkLayer.cpp:91] Request (sender) -->Tiles
1:0:42,43,54,55,66,67,78,79,90,91,102,103,41,53,65,77,89,101,44,56,68,80,92,104,114,115,113,30,31,116,29,32
1:1:40,52,64,76,88,100,112,28,125,126,127,128,124
Quality
0
I1122 20:07:21.120281  7648 ClientNetworkLayer.cpp:91] Request (sender) -->Tiles
1:0:42,43,54,55,66,67,78,79,90,91,102,103,41,53,65,77,89,101,44,56,68,80,92,104,114,115,113,30,31,116,29,32
1:1:40,52,64,76,88,100,112,28,125,126,127,128,124
Quality
0
I1122 20:07:21.220279  7648 ClientNetworkLayer.cpp:91] Request (sender) -->Tiles
1:0:42,43,54,55,66,67,78,79,90,91,102,103,41,53,65,77,89,101,44,56,68,80,92,104,114,115,113,30,31,116,29,32
1:1:40,52,64,76,88,100,112,28,125,126,127,128,124
Quality
0
I1122 20:07:21.320340  7648 ClientNetworkLayer.cpp:91] Request (sender) -->Tiles
1:0:42,43,54,55,66,67,78,79,90,91,102,103,41,53,65,77,89,101,44,56,68,80,92,104,114,115,113,30,31,116,29,32
1:1:40,52,64,76,88,100,112,28,125,126,127,128,124
Quality
0
I1122 20:07:21.420306  7648 ClientNetworkLayer.cpp:91] Request (sender) -->Tiles
1:0:42,43,54,55,66,67,78,79,90,91,102,103,41,53,65,77,89,101,44,56,68,80,92,104,114,115,113,30,31,116,29,32
1:1:40,52,64,76,88,100,112,28,125,126,127,128,124
Quality
0
I1122 20:07:21.520279  7648 ClientNetworkLayer.cpp:91] Request (sender) -->Tiles
1:0:42,43,54,55,66,67,78,79,90,91,102,103,41,53,65,77,89,101,44,56,68,80,92,104,114,115,113,30,31,116,29,32
1:1:40,52,64,76,88,100,112,28,125,126,127,128,124
Quality
0
I1122 20:07:21.620280  7648 ClientNetworkLayer.cpp:91] Request (sender) -->Tiles
1:0:42,43,54,55,66,67,78,79,90,91,102,103,41,53,65,77,89,101,44,56,68,80,92,104,114,115,113,30,31,116,29,32
1:1:40,52,64,76,88,100,112,28,125,126,127,128,124
Quality
0
I1122 20:07:21.720283  7648 ClientNetworkLayer.cpp:91] Request (sender) -->Tiles
1:0:42,43,54,55,66,67,78,79,90,91,102,103,41,53,65,77,89,101,44,56,68,80,92,104,114,115,113,30,31,116,29,32
1:1:40,52,64,76,88,100,112,28,125,126,127,128,124
Quality
0
I1122 20:07:21.820286  7648 ClientNetworkLayer.cpp:91] Request (sender) -->Tiles
1:0:42,43,54,55,66,67,78,79,90,91,102,103,41,53,65,77,89,101,44,56,68,80,92,104,114,115,113,30,31,116,29,32
1:1:40,52,64,76,88,100,112,28,125,126,127,128,124
Quality
0
I1122 20:07:21.920284  7648 ClientNetworkLayer.cpp:91] Request (sender) -->Tiles
1:0:42,43,54,55,66,67,78,79,90,91,102,103,41,53,65,77,89,101,44,56,68,80,92,104,114,115,113,30,31,116,29,32
1:1:40,52,64,76,88,100,112,28,125,126,127,128,124
Quality
0
I1122 20:07:22.020287  7648 ClientNetworkLayer.cpp:91] Request (sender) -->Tiles
1:0:42,43,54,55,66,67,78,79,90,91,102,103,41,53,65,77,89,101,44,56,68,80,92,104,114,115,113,30,31,116,29,32
1:1:40,52,64,76,88,100,112,28,125,126,127,128,124
Quality
0
I1122 20:07:22.120350  7648 ClientNetworkLayer.cpp:91] Request (sender) -->Tiles
1:0:42,43,54,55,66,67,78,79,90,91,102,103,41,53,65,77,89,101,44,56,68,80,92,104,114,115,113,30,31,116,29,32
1:1:40,52,64,76,88,100,112,28,125,126,127,128,124
Quality
0
I1122 20:07:22.220314  7648 ClientNetworkLayer.cpp:91] Request (sender) -->Tiles
1:0:42,43,54,55,66,67,78,79,90,91,102,103,41,53,65,77,89,101,44,56,68,80,92,104,114,115,113,30,31,116,29,32
1:1:40,52,64,76,88,100,112,28,125,126,127,128,124
Quality
0
I1122 20:07:22.320277  7648 ClientNetworkLayer.cpp:91] Request (sender) -->Tiles
1:0:42,43,54,55,66,67,78,79,90,91,102,103,41,53,65,77,89,101,44,56,68,80,92,104,114,115,113,30,31,116,29,32
1:1:40,52,64,76,88,100,112,28,125,126,127,128,124
Quality
0
I1122 20:07:22.420281  7648 ClientNetworkLayer.cpp:91] Request (sender) -->Tiles
1:0:42,43,54,55,66,67,78,79,90,91,102,103,41,53,65,77,89,101,44,56,68,80,92,104,114,115,113,30,31,116,29,32
1:1:40,52,64,76,88,100,112,28,125,126,127,128,124
Quality
0
I1122 20:07:22.520311  7648 ClientNetworkLayer.cpp:91] Request (sender) -->Tiles
1:0:42,43,54,55,66,67,78,79,90,91,102,103,41,53,65,77,89,101,44,56,68,80,92,104,114,115,113,30,31,116,29,32
1:1:40,52,64,76,88,100,112,28,125,126,127,128,124
Quality
0
I1122 20:07:22.620286  7648 ClientNetworkLayer.cpp:91] Request (sender) -->Tiles
1:0:42,43,54,55,66,67,78,79,90,91,102,103,41,53,65,77,89,101,44,56,68,80,92,104,114,115,113,30,31,116,29,32
1:1:40,52,64,76,88,100,112,28,125,126,127,128,124
Quality
0
I1122 20:07:22.720276  7648 ClientNetworkLayer.cpp:91] Request (sender) -->Tiles
1:0:42,43,54,55,66,67,78,79,90,91,102,103,41,53,65,77,89,101,44,56,68,80,92,104,114,115,113,30,31,116,29,32
1:1:40,52,64,76,88,100,112,28,125,126,127,128,124
Quality
0
I1122 20:07:22.820376  7648 ClientNetworkLayer.cpp:91] Request (sender) -->Tiles
1:0:42,43,54,55,66,67,78,79,90,91,102,103,41,53,65,77,89,101,44,56,68,80,92,104,114,115,113,30,31,116,29,32
1:1:40,52,64,76,88,100,112,28,125,126,127,128,124
Quality
0
I1122 20:07:22.920302  7648 ClientNetworkLayer.cpp:91] Request (sender) -->Tiles
1:0:42,43,54,55,66,67,78,79,90,91,102,103,41,53,65,77,89,101,44,56,68,80,92,104,114,115,113,30,31,116,29,32
1:1:40,52,64,76,88,100,112,28,125,126,127,128,124
Quality
0
I1122 20:07:23.020315  7648 ClientNetworkLayer.cpp:91] Request (sender) -->Tiles
1:0:42,43,54,55,66,67,78,79,90,91,102,103,41,53,65,77,89,101,44,56,68,80,92,104,114,115,113,30,31,116,29,32
1:1:40,52,64,76,88,100,112,28,125,126,127,128,124
Quality
0
I1122 20:07:23.120283  7648 ClientNetworkLayer.cpp:91] Request (sender) -->Tiles
1:0:42,43,54,55,66,67,78,79,90,91,102,103,41,53,65,77,89,101,44,56,68,80,92,104,114,115,113,30,31,116,29,32
1:1:40,52,64,76,88,100,112,28,125,126,127,128,124
Quality
0
I1122 20:07:23.220276  7648 ClientNetworkLayer.cpp:91] Request (sender) -->Tiles
1:0:42,43,54,55,66,67,78,79,90,91,102,103,41,53,65,77,89,101,44,56,68,80,92,104,114,115,113,30,31,116,29,32
1:1:40,52,64,76,88,100,112,28,125,126,127,128,124
Quality
0
I1122 20:07:23.320601  7648 ClientNetworkLayer.cpp:91] Request (sender) -->Tiles
1:0:42,43,54,55,66,67,78,79,90,91,102,103,41,53,65,77,89,101,44,56,68,80,92,104,114,115,113,30,31,116,29,32
1:1:40,52,64,76,88,100,112,28,125,126,127,128,124
Quality
0
I1122 20:07:23.420326  7648 ClientNetworkLayer.cpp:91] Request (sender) -->Tiles
1:0:42,43,54,55,66,67,78,79,90,91,102,103,41,53,65,77,89,101,44,56,68,80,92,104,114,115,113,30,31,116,29,32
1:1:40,52,64,76,88,100,112,28,125,126,127,128,124
Quality
0
I1122 20:07:23.520287  7648 ClientNetworkLayer.cpp:91] Request (sender) -->Tiles
1:0:42,43,54,55,66,67,78,79,90,91,102,103,41,53,65,77,89,101,44,56,68,80,92,104,114,115,113,30,31,116,29,32
1:1:40,52,64,76,88,100,112,28,125,126,127,128,124
Quality
0
I1122 20:07:23.620285  7648 ClientNetworkLayer.cpp:91] Request (sender) -->Tiles
1:0:42,43,54,55,66,67,78,79,90,91,102,103,41,53,65,77,89,101,44,56,68,80,92,104,114,115,113,30,31,116,29,32
1:1:40,52,64,76,88,100,112,28,125,126,127,128,124
Quality
0
I1122 20:07:23.720284  7648 ClientNetworkLayer.cpp:91] Request (sender) -->Tiles
1:0:42,43,54,55,66,67,78,79,90,91,102,103,41,53,65,77,89,101,44,56,68,80,92,104,114,115,113,30,31,116,29,32
1:1:40,52,64,76,88,100,112,28,125,126,127,128,124
Quality
0
I1122 20:07:23.820317  7648 ClientNetworkLayer.cpp:91] Request (sender) -->Tiles
1:0:42,43,54,55,66,67,78,79,90,91,102,103,41,53,65,77,89,101,44,56,68,80,92,104,114,115,113,30,31,116,29,32
1:1:40,52,64,76,88,100,112,28,125,126,127,128,124
Quality
0
I1122 20:07:23.920284  7648 ClientNetworkLayer.cpp:91] Request (sender) -->Tiles
1:0:42,43,54,55,66,67,78,79,90,91,102,103,41,53,65,77,89,101,44,56,68,80,92,104,114,115,113,30,31,116,29,32
1:1:40,52,64,76,88,100,112,28,125,126,127,128,124
Quality
0
I1122 20:07:24.020287  7648 ClientNetworkLayer.cpp:91] Request (sender) -->Tiles
1:0:42,43,54,55,66,67,78,79,90,91,102,103,41,53,65,77,89,101,44,56,68,80,92,104,114,115,113,30,31,116,29,32
1:1:40,52,64,76,88,100,112,28,125,126,127,128,124
Quality
0
I1122 20:07:24.120281  7648 ClientNetworkLayer.cpp:91] Request (sender) -->Tiles
1:0:42,43,54,55,66,67,78,79,90,91,102,103,41,53,65,77,89,101,44,56,68,80,92,104,114,115,113,30,31,116,29,32
1:1:40,52,64,76,88,100,112,28,125,126,127,128,124
Quality
0
I1122 20:07:24.220281  7648 ClientNetworkLayer.cpp:91] Request (sender) -->Tiles
1:0:42,43,54,55,66,67,78,79,90,91,102,103,41,53,65,77,89,101,44,56,68,80,92,104,114,115,113,30,31,116,29,32
1:1:40,52,64,76,88,100,112,28,125,126,127,128,124
Quality
0
I1122 20:07:24.320283  7648 ClientNetworkLayer.cpp:91] Request (sender) -->Tiles
1:0:42,43,54,55,66,67,78,79,90,91,102,103,41,53,65,77,89,101,44,56,68,80,92,104,114,115,113,30,31,116,29,32
1:1:40,52,64,76,88,100,112,28,125,126,127,128,124
Quality
0
I1122 20:07:24.420287  7648 ClientNetworkLayer.cpp:91] Request (sender) -->Tiles
1:0:42,43,54,55,66,67,78,79,90,91,102,103,41,53,65,77,89,101,44,56,68,80,92,104,114,115,113,30,31,116,29,32
1:1:40,52,64,76,88,100,112,28,125,126,127,128,124
Quality
0
I1122 20:07:24.520294  7648 ClientNetworkLayer.cpp:91] Request (sender) -->Tiles
1:0:42,43,54,55,66,67,78,79,90,91,102,103,41,53,65,77,89,101,44,56,68,80,92,104,114,115,113,30,31,116,29,32
1:1:40,52,64,76,88,100,112,28,125,126,127,128,124
Quality
0
I1122 20:07:24.620337  7648 ClientNetworkLayer.cpp:91] Request (sender) -->Tiles
1:0:42,43,54,55,66,67,78,79,90,91,102,103,41,53,65,77,89,101,44,56,68,80,92,104,114,115,113,30,31,116,29,32
1:1:40,52,64,76,88,100,112,28,125,126,127,128,124
Quality
0
I1122 20:07:24.720285  7648 ClientNetworkLayer.cpp:91] Request (sender) -->Tiles
1:0:42,43,54,55,66,67,78,79,90,91,102,103,41,53,65,77,89,101,44,56,68,80,92,104,114,115,113,30,31,116,29,32
1:1:40,52,64,76,88,100,112,28,125,126,127,128,124
Quality
0
I1122 20:07:24.820423  7648 ClientNetworkLayer.cpp:91] Request (sender) -->Tiles
1:0:42,43,54,55,66,67,78,79,90,91,102,103,41,53,65,77,89,101,44,56,68,80,92,104,114,115,113,30,31,116,29,32
1:1:40,52,64,76,88,100,112,28,125,126,127,128,124
Quality
0
I1122 20:07:24.920336  7648 ClientNetworkLayer.cpp:91] Request (sender) -->Tiles
1:0:42,43,54,55,66,67,78,79,90,91,102,103,41,53,65,77,89,101,44,56,68,80,92,104,114,115,113,30,31,116,29,32
1:1:40,52,64,76,88,100,112,28,125,126,127,128,124
Quality
0
I1122 20:07:25.020325  7648 ClientNetworkLayer.cpp:91] Request (sender) -->Tiles
1:0:42,43,54,55,66,67,78,79,90,91,102,103,41,53,65,77,89,101,44,56,68,80,92,104,114,115,113,30,31,116,29,32
1:1:40,52,64,76,88,100,112,28,125,126,127,128,124
Quality
0
I1122 20:07:25.120282  7648 ClientNetworkLayer.cpp:91] Request (sender) -->Tiles
1:0:42,43,54,55,66,67,78,79,90,91,102,103,41,53,65,77,89,101,44,56,68,80,92,104,114,115,113,30,31,116,29,32
1:1:40,52,64,76,88,100,112,28,125,126,127,128,124
Quality
0
I1122 20:07:25.220288  7648 ClientNetworkLayer.cpp:91] Request (sender) -->Tiles
1:0:42,43,54,55,66,67,78,79,90,91,102,103,41,53,65,77,89,101,44,56,68,80,92,104,114,115,113,30,31,116,29,32
1:1:40,52,64,76,88,100,112,28,125,126,127,128,124
Quality
0
I1122 20:07:25.320279  7648 ClientNetworkLayer.cpp:91] Request (sender) -->Tiles
1:0:42,43,54,55,66,67,78,79,90,91,102,103,41,53,65,77,89,101,44,56,68,80,92,104,114,115,113,30,31,116,29,32
1:1:40,52,64,76,88,100,112,28,125,126,127,128,124
Quality
0
I1122 20:07:25.420298  7648 ClientNetworkLayer.cpp:91] Request (sender) -->Tiles
1:0:42,43,54,55,66,67,78,79,90,91,102,103,41,53,65,77,89,101,44,56,68,80,92,104,114,115,113,30,31,116,29,32
1:1:40,52,64,76,88,100,112,28,125,126,127,128,124
Quality
0
I1122 20:07:25.520308  7648 ClientNetworkLayer.cpp:91] Request (sender) -->Tiles
1:0:42,43,54,55,66,67,78,79,90,91,102,103,41,53,65,77,89,101,44,56,68,80,92,104,114,115,113,30,31,116,29,32
1:1:40,52,64,76,88,100,112,28,125,126,127,128,124
Quality
0
I1122 20:07:25.620321  7648 ClientNetworkLayer.cpp:91] Request (sender) -->Tiles
1:0:42,43,54,55,66,67,78,79,90,91,102,103,41,53,65,77,89,101,44,56,68,80,92,104,114,115,113,30,31,116,29,32
1:1:40,52,64,76,88,100,112,28,125,126,127,128,124
Quality
0
I1122 20:07:25.720358  7648 ClientNetworkLayer.cpp:91] Request (sender) -->Tiles
1:0:42,43,54,55,66,67,78,79,90,91,102,103,41,53,65,77,89,101,44,56,68,80,92,104,114,115,113,30,31,116,29,32
1:1:40,52,64,76,88,100,112,28,125,126,127,128,124
Quality
0
I1122 20:07:25.820307  7648 ClientNetworkLayer.cpp:91] Request (sender) -->Tiles
1:0:42,43,54,55,66,67,78,79,90,91,102,103,41,53,65,77,89,101,44,56,68,80,92,104,114,115,113,30,31,116,29,32
1:1:40,52,64,76,88,100,112,28,125,126,127,128,124
Quality
0
I1122 20:07:25.920284  7648 ClientNetworkLayer.cpp:91] Request (sender) -->Tiles
1:0:42,43,54,55,66,67,78,79,90,91,102,103,41,53,65,77,89,101,44,56,68,80,92,104,114,115,113,30,31,116,29,32
1:1:40,52,64,76,88,100,112,28,125,126,127,128,124
Quality
0
I1122 20:07:26.020287  7648 ClientNetworkLayer.cpp:91] Request (sender) -->Tiles
1:0:42,43,54,55,66,67,78,79,90,91,102,103,41,53,65,77,89,101,44,56,68,80,92,104,114,115,113,30,31,116,29,32
1:1:40,52,64,76,88,100,112,28,125,126,127,128,124
Quality
0
I1122 20:07:26.120285  7648 ClientNetworkLayer.cpp:91] Request (sender) -->Tiles
1:0:42,43,54,55,66,67,78,79,90,91,102,103,41,53,65,77,89,101,44,56,68,80,92,104,114,115,113,30,31,116,29,32
1:1:40,52,64,76,88,100,112,28,125,126,127,128,124
Quality
0
I1122 20:07:26.220299  7648 ClientNetworkLayer.cpp:91] Request (sender) -->Tiles
1:0:42,43,54,55,66,67,78,79,90,91,102,103,41,53,65,77,89,101,44,56,68,80,92,104,114,115,113,30,31,116,29,32
1:1:40,52,64,76,88,100,112,28,125,126,127,128,124
Quality
0
I1122 20:07:26.320384  7648 ClientNetworkLayer.cpp:91] Request (sender) -->Tiles
1:0:42,43,54,55,66,67,78,79,90,91,102,103,41,53,65,77,89,101,44,56,68,80,92,104,114,115,113,30,31,116,29,32
1:1:40,52,64,76,88,100,112,28,125,126,127,128,124
Quality
0
I1122 20:07:26.420320  7648 ClientNetworkLayer.cpp:91] Request (sender) -->Tiles
1:0:42,43,54,55,66,67,78,79,90,91,102,103,41,53,65,77,89,101,44,56,68,80,92,104,114,115,113,30,31,116,29,32
1:1:40,52,64,76,88,100,112,28,125,126,127,128,124
Quality
0
I1122 20:07:26.520279  7648 ClientNetworkLayer.cpp:91] Request (sender) -->Tiles
1:0:42,43,54,55,66,67,78,79,90,91,102,103,41,53,65,77,89,101,44,56,68,80,92,104,114,115,113,30,31,116,29,32
1:1:40,52,64,76,88,100,112,28,125,126,127,128,124
Quality
0
I1122 20:07:26.620273  7648 ClientNetworkLayer.cpp:91] Request (sender) -->Tiles
1:0:42,43,54,55,66,67,78,79,90,91,102,103,41,53,65,77,89,101,44,56,68,80,92,104,114,115,113,30,31,116,29,32
1:1:40,52,64,76,88,100,112,28,125,126,127,128,124
Quality
0
I1122 20:07:26.720285  7648 ClientNetworkLayer.cpp:91] Request (sender) -->Tiles
1:0:42,43,54,55,66,67,78,79,90,91,102,103,41,53,65,77,89,101,44,56,68,80,92,104,114,115,113,30,31,116,29,32
1:1:40,52,64,76,88,100,112,28,125,126,127,128,124
Quality
0
I1122 20:07:26.820278  7648 ClientNetworkLayer.cpp:91] Request (sender) -->Tiles
1:0:42,43,54,55,66,67,78,79,90,91,102,103,41,53,65,77,89,101,44,56,68,80,92,104,114,115,113,30,31,116,29,32
1:1:40,52,64,76,88,100,112,28,125,126,127,128,124
Quality
0
I1122 20:07:26.920815  7648 ClientNetworkLayer.cpp:91] Request (sender) -->Tiles
1:0:42,43,54,55,66,67,78,79,90,91,102,103,41,53,65,77,89,101,44,56,68,80,92,104,114,115,113,30,31,116,29,32
1:1:40,52,64,76,88,100,112,28,125,126,127,128,124
Quality
0
I1122 20:07:27.020371  7648 ClientNetworkLayer.cpp:91] Request (sender) -->Tiles
1:0:42,43,54,55,66,67,78,79,90,91,102,103,41,53,65,77,89,101,44,56,68,80,92,104,114,115,113,30,31,116,29,32
1:1:40,52,64,76,88,100,112,28,125,126,127,128,124
Quality
0
I1122 20:07:27.120302  7648 ClientNetworkLayer.cpp:91] Request (sender) -->Tiles
1:0:42,43,54,55,66,67,78,79,90,91,102,103,41,53,65,77,89,101,44,56,68,80,92,104,114,115,113,30,31,116,29,32
1:1:40,52,64,76,88,100,112,28,125,126,127,128,124
Quality
0
I1122 20:07:27.220273  7648 ClientNetworkLayer.cpp:91] Request (sender) -->Tiles
1:0:42,43,54,55,66,67,78,79,90,91,102,103,41,53,65,77,89,101,44,56,68,80,92,104,114,115,113,30,31,116,29,32
1:1:40,52,64,76,88,100,112,28,125,126,127,128,124
Quality
0
I1122 20:07:27.320273  7648 ClientNetworkLayer.cpp:91] Request (sender) -->Tiles
1:0:42,43,54,55,66,67,78,79,90,91,102,103,41,53,65,77,89,101,44,56,68,80,92,104,114,115,113,30,31,116,29,32
1:1:40,52,64,76,88,100,112,28,125,126,127,128,124
Quality
0
I1122 20:07:27.420358  7648 ClientNetworkLayer.cpp:91] Request (sender) -->Tiles
1:0:42,43,54,55,66,67,78,79,90,91,102,103,41,53,65,77,89,101,44,56,68,80,92,104,114,115,113,30,31,116,29,32
1:1:40,52,64,76,88,100,112,28,125,126,127,128,124
Quality
0
I1122 20:07:27.520293  7648 ClientNetworkLayer.cpp:91] Request (sender) -->Tiles
1:0:42,43,54,55,66,67,78,79,90,91,102,103,41,53,65,77,89,101,44,56,68,80,92,104,114,115,113,30,31,116,29,32
1:1:40,52,64,76,88,100,112,28,125,126,127,128,124
Quality
0
I1122 20:07:27.620290  7648 ClientNetworkLayer.cpp:91] Request (sender) -->Tiles
1:0:42,43,54,55,66,67,78,79,90,91,102,103,41,53,65,77,89,101,44,56,68,80,92,104,114,115,113,30,31,116,29,32
1:1:40,52,64,76,88,100,112,28,125,126,127,128,124
Quality
0
I1122 20:07:27.720281  7648 ClientNetworkLayer.cpp:91] Request (sender) -->Tiles
1:0:42,43,54,55,66,67,78,79,90,91,102,103,41,53,65,77,89,101,44,56,68,80,92,104,114,115,113,30,31,116,29,32
1:1:40,52,64,76,88,100,112,28,125,126,127,128,124
Quality
0
I1122 20:07:27.820286  7648 ClientNetworkLayer.cpp:91] Request (sender) -->Tiles
1:0:42,43,54,55,66,67,78,79,90,91,102,103,41,53,65,77,89,101,44,56,68,80,92,104,114,115,113,30,31,116,29,32
1:1:40,52,64,76,88,100,112,28,125,126,127,128,124
Quality
0
I1122 20:07:27.920284  7648 ClientNetworkLayer.cpp:91] Request (sender) -->Tiles
1:0:42,43,54,55,66,67,78,79,90,91,102,103,41,53,65,77,89,101,44,56,68,80,92,104,114,115,113,30,31,116,29,32
1:1:40,52,64,76,88,100,112,28,125,126,127,128,124
Quality
0
I1122 20:07:28.020274  7648 ClientNetworkLayer.cpp:91] Request (sender) -->Tiles
1:0:42,43,54,55,66,67,78,79,90,91,102,103,41,53,65,77,89,101,44,56,68,80,92,104,114,115,113,30,31,116,29,32
1:1:40,52,64,76,88,100,112,28,125,126,127,128,124
Quality
0
I1122 20:07:28.120285  7648 ClientNetworkLayer.cpp:91] Request (sender) -->Tiles
1:0:42,43,54,55,66,67,78,79,90,91,102,103,41,53,65,77,89,101,44,56,68,80,92,104,114,115,113,30,31,116,29,32
1:1:40,52,64,76,88,100,112,28,125,126,127,128,124
Quality
0
I1122 20:07:28.220278  7648 ClientNetworkLayer.cpp:91] Request (sender) -->Tiles
1:0:42,43,54,55,66,67,78,79,90,91,102,103,41,53,65,77,89,101,44,56,68,80,92,104,114,115,113,30,31,116,29,32
1:1:40,52,64,76,88,100,112,28,125,126,127,128,124
Quality
0
I1122 20:07:28.320358  7648 ClientNetworkLayer.cpp:91] Request (sender) -->Tiles
1:0:42,43,54,55,66,67,78,79,90,91,102,103,41,53,65,77,89,101,44,56,68,80,92,104,114,115,113,30,31,116,29,32
1:1:40,52,64,76,88,100,112,28,125,126,127,128,124
Quality
0
I1122 20:07:28.420315  7648 ClientNetworkLayer.cpp:91] Request (sender) -->Tiles
1:0:42,43,54,55,66,67,78,79,90,91,102,103,41,53,65,77,89,101,44,56,68,80,92,104,114,115,113,30,31,116,29,32
1:1:40,52,64,76,88,100,112,28,125,126,127,128,124
Quality
0
I1122 20:07:28.520277  7648 ClientNetworkLayer.cpp:91] Request (sender) -->Tiles
1:0:42,43,54,55,66,67,78,79,90,91,102,103,41,53,65,77,89,101,44,56,68,80,92,104,114,115,113,30,31,116,29,32
1:1:40,52,64,76,88,100,112,28,125,126,127,128,124
Quality
0
I1122 20:07:28.620318  7648 ClientNetworkLayer.cpp:91] Request (sender) -->Tiles
1:0:42,43,54,55,66,67,78,79,90,91,102,103,41,53,65,77,89,101,44,56,68,80,92,104,114,115,113,30,31,116,29,32
1:1:40,52,64,76,88,100,112,28,125,126,127,128,124
Quality
0
I1122 20:07:28.720273  7648 ClientNetworkLayer.cpp:91] Request (sender) -->Tiles
1:0:42,43,54,55,66,67,78,79,90,91,102,103,41,53,65,77,89,101,44,56,68,80,92,104,114,115,113,30,31,116,29,32
1:1:40,52,64,76,88,100,112,28,125,126,127,128,124
Quality
0
I1122 20:07:28.820284  7648 ClientNetworkLayer.cpp:91] Request (sender) -->Tiles
1:0:42,43,54,55,66,67,78,79,90,91,102,103,41,53,65,77,89,101,44,56,68,80,92,104,114,115,113,30,31,116,29,32
1:1:40,52,64,76,88,100,112,28,125,126,127,128,124
Quality
0
I1122 20:07:28.920292  7648 ClientNetworkLayer.cpp:91] Request (sender) -->Tiles
1:0:42,43,54,55,66,67,78,79,90,91,102,103,41,53,65,77,89,101,44,56,68,80,92,104,114,115,113,30,31,116,29,32
1:1:40,52,64,76,88,100,112,28,125,126,127,128,124
Quality
0
I1122 20:07:29.020396  7648 ClientNetworkLayer.cpp:91] Request (sender) -->Tiles
1:0:42,43,54,55,66,67,78,79,90,91,102,103,41,53,65,77,89,101,44,56,68,80,92,104,114,115,113,30,31,116,29,32
1:1:40,52,64,76,88,100,112,28,125,126,127,128,124
Quality
0
I1122 20:07:29.120334  7648 ClientNetworkLayer.cpp:91] Request (sender) -->Tiles
1:0:42,43,54,55,66,67,78,79,90,91,102,103,41,53,65,77,89,101,44,56,68,80,92,104,114,115,113,30,31,116,29,32
1:1:40,52,64,76,88,100,112,28,125,126,127,128,124
Quality
0
I1122 20:07:29.220310  7648 ClientNetworkLayer.cpp:91] Request (sender) -->Tiles
1:0:42,43,54,55,66,67,78,79,90,91,102,103,41,53,65,77,89,101,44,56,68,80,92,104,114,115,113,30,31,116,29,32
1:1:40,52,64,76,88,100,112,28,125,126,127,128,124
Quality
0
I1122 20:07:29.320286  7648 ClientNetworkLayer.cpp:91] Request (sender) -->Tiles
1:0:42,43,54,55,66,67,78,79,90,91,102,103,41,53,65,77,89,101,44,56,68,80,92,104,114,115,113,30,31,116,29,32
1:1:40,52,64,76,88,100,112,28,125,126,127,128,124
Quality
0
I1122 20:07:29.420300  7648 ClientNetworkLayer.cpp:91] Request (sender) -->Tiles
1:0:42,43,54,55,66,67,78,79,90,91,102,103,41,53,65,77,89,101,44,56,68,80,92,104,114,115,113,30,31,116,29,32
1:1:40,52,64,76,88,100,112,28,125,126,127,128,124
Quality
0
I1122 20:07:29.520285  7648 ClientNetworkLayer.cpp:91] Request (sender) -->Tiles
1:0:42,43,54,55,66,67,78,79,90,91,102,103,41,53,65,77,89,101,44,56,68,80,92,104,114,115,113,30,31,116,29,32
1:1:40,52,64,76,88,100,112,28,125,126,127,128,124
Quality
0
I1122 20:07:29.620287  7648 ClientNetworkLayer.cpp:91] Request (sender) -->Tiles
1:0:42,43,54,55,66,67,78,79,90,91,102,103,41,53,65,77,89,101,44,56,68,80,92,104,114,115,113,30,31,116,29,32
1:1:40,52,64,76,88,100,112,28,125,126,127,128,124
Quality
0
I1122 20:07:29.720275  7648 ClientNetworkLayer.cpp:91] Request (sender) -->Tiles
1:0:42,43,54,55,66,67,78,79,90,91,102,103,41,53,65,77,89,101,44,56,68,80,92,104,114,115,113,30,31,116,29,32
1:1:40,52,64,76,88,100,112,28,125,126,127,128,124
Quality
0
I1122 20:07:29.820333  7648 ClientNetworkLayer.cpp:91] Request (sender) -->Tiles
1:0:42,43,54,55,66,67,78,79,90,91,102,103,41,53,65,77,89,101,44,56,68,80,92,104,114,115,113,30,31,116,29,32
1:1:40,52,64,76,88,100,112,28,125,126,127,128,124
Quality
0
I1122 20:07:29.920328  7648 ClientNetworkLayer.cpp:91] Request (sender) -->Tiles
1:0:42,43,54,55,66,67,78,79,90,91,102,103,41,53,65,77,89,101,44,56,68,80,92,104,114,115,113,30,31,116,29,32
1:1:40,52,64,76,88,100,112,28,125,126,127,128,124
Quality
0
I1122 20:07:30.020289  7648 ClientNetworkLayer.cpp:91] Request (sender) -->Tiles
1:0:42,43,54,55,66,67,78,79,90,91,102,103,41,53,65,77,89,101,44,56,68,80,92,104,114,115,113,30,31,116,29,32
1:1:40,52,64,76,88,100,112,28,125,126,127,128,124
Quality
0
I1122 20:07:30.120287  7648 ClientNetworkLayer.cpp:91] Request (sender) -->Tiles
1:0:42,43,54,55,66,67,78,79,90,91,102,103,41,53,65,77,89,101,44,56,68,80,92,104,114,115,113,30,31,116,29,32
1:1:40,52,64,76,88,100,112,28,125,126,127,128,124
Quality
0
I1122 20:07:30.220515  7648 ClientNetworkLayer.cpp:91] Request (sender) -->Tiles
1:0:42,43,54,55,66,67,78,79,90,91,102,103,41,53,65,77,89,101,44,56,68,80,92,104,114,115,113,30,31,116,29,32
1:1:40,52,64,76,88,100,112,28,125,126,127,128,124
Quality
0
I1122 20:07:30.320284  7648 ClientNetworkLayer.cpp:91] Request (sender) -->Tiles
1:0:42,43,54,55,66,67,78,79,90,91,102,103,41,53,65,77,89,101,44,56,68,80,92,104,114,115,113,30,31,116,29,32
1:1:40,52,64,76,88,100,112,28,125,126,127,128,124
Quality
0
I1122 20:07:30.420276  7648 ClientNetworkLayer.cpp:91] Request (sender) -->Tiles
1:0:42,43,54,55,66,67,78,79,90,91,102,103,41,53,65,77,89,101,44,56,68,80,92,104,114,115,113,30,31,116,29,32
1:1:40,52,64,76,88,100,112,28,125,126,127,128,124
Quality
0
I1122 20:07:30.520280  7648 ClientNetworkLayer.cpp:91] Request (sender) -->Tiles
1:0:42,43,54,55,66,67,78,79,90,91,102,103,41,53,65,77,89,101,44,56,68,80,92,104,114,115,113,30,31,116,29,32
1:1:40,52,64,76,88,100,112,28,125,126,127,128,124
Quality
0
I1122 20:07:30.620745  7648 ClientNetworkLayer.cpp:91] Request (sender) -->Tiles
1:0:42,43,54,55,66,67,78,79,90,91,102,103,41,53,65,77,89,101,44,56,68,80,92,104,114,115,113,30,31,116,29,32
1:1:40,52,64,76,88,100,112,28,125,126,127,128,124
Quality
0
I1122 20:07:30.720492  7648 ClientNetworkLayer.cpp:91] Request (sender) -->Tiles
1:0:42,43,54,55,66,67,78,79,90,91,102,103,41,53,65,77,89,101,44,56,68,80,92,104,114,115,113,30,31,116,29,32
1:1:40,52,64,76,88,100,112,28,125,126,127,128,124
Quality
0
I1122 20:07:30.820936  7648 ClientNetworkLayer.cpp:91] Request (sender) -->Tiles
1:0:42,43,54,55,66,67,78,79,90,91,102,103,41,53,65,77,89,101,44,56,68,80,92,104,114,115,113,30,31,116,29,32
1:1:40,52,64,76,88,100,112,28,125,126,127,128,124
Quality
0
I1122 20:07:30.920739  7648 ClientNetworkLayer.cpp:91] Request (sender) -->Tiles
1:0:42,43,54,55,66,67,78,79,90,91,102,103,41,53,65,77,89,101,44,56,68,80,92,104,114,115,113,30,31,116,29,32
1:1:40,52,64,76,88,100,112,28,125,126,127,128,124
Quality
0
I1122 20:07:31.020817  7648 ClientNetworkLayer.cpp:91] Request (sender) -->Tiles
1:0:42,43,54,55,66,67,78,79,90,91,102,103,41,53,65,77,89,101,44,56,68,80,92,104,114,115,113,30,31,116,29,32
1:1:40,52,64,76,88,100,112,28,125,126,127,128,124
Quality
0
I1122 20:07:31.125231  7648 ClientNetworkLayer.cpp:91] Request (sender) -->Tiles
1:0:42,43,54,55,66,67,78,79,90,91,102,103,41,53,65,77,89,101,44,56,68,80,92,104,114,115,113,30,31,116,29,32
1:1:40,52,64,76,88,100,112,28,125,126,127,128,124
Quality
0
I1122 20:07:31.221302  7648 ClientNetworkLayer.cpp:91] Request (sender) -->Tiles
1:0:42,43,54,55,66,67,78,79,90,91,102,103,41,53,65,77,89,101,44,56,68,80,92,104,114,115,113,30,31,116,29,32
1:1:40,52,64,76,88,100,112,28,125,126,127,128,124
Quality
0
I1122 20:07:31.321393  7648 ClientNetworkLayer.cpp:91] Request (sender) -->Tiles
1:0:42,43,54,55,66,67,78,79,90,91,102,103,41,53,65,77,89,101,44,56,68,80,92,104,114,115,113,30,31,116,29,32
1:1:40,52,64,76,88,100,112,28,125,126,127,128,124
Quality
0
I1122 20:07:31.425314  7648 ClientNetworkLayer.cpp:91] Request (sender) -->Tiles
1:0:42,43,54,55,66,67,78,79,90,91,102,103,41,53,65,77,89,101,44,56,68,80,92,104,114,115,113,30,31,116,29,32
1:1:40,52,64,76,88,100,112,28,125,126,127,128,124
Quality
0
I1122 20:07:31.520680  7648 ClientNetworkLayer.cpp:91] Request (sender) -->Tiles
1:0:42,43,54,55,66,67,78,79,90,91,102,103,41,53,65,77,89,101,44,56,68,80,92,104,114,115,113,30,31,116,29,32
1:1:40,52,64,76,88,100,112,28,125,126,127,128,124
Quality
0
I1122 20:07:31.620465  7648 ClientNetworkLayer.cpp:91] Request (sender) -->Tiles
1:0:42,43,54,55,66,67,78,79,90,91,102,103,41,53,65,77,89,101,44,56,68,80,92,104,114,115,113,30,31,116,29,32
1:1:40,52,64,76,88,100,112,28,125,126,127,128,124
Quality
0
I1122 20:07:31.720468  7648 ClientNetworkLayer.cpp:91] Request (sender) -->Tiles
1:0:42,43,54,55,66,67,78,79,90,91,102,103,41,53,65,77,89,101,44,56,68,80,92,104,114,115,113,30,31,116,29,32
1:1:40,52,64,76,88,100,112,28,125,126,127,128,124
Quality
0
I1122 20:07:31.820495  7648 ClientNetworkLayer.cpp:91] Request (sender) -->Tiles
1:0:42,43,54,55,66,67,78,79,90,91,102,103,41,53,65,77,89,101,44,56,68,80,92,104,114,115,113,30,31,116,29,32
1:1:40,52,64,76,88,100,112,28,125,126,127,128,124
Quality
0
I1122 20:07:31.920459  7648 ClientNetworkLayer.cpp:91] Request (sender) -->Tiles
1:0:42,43,54,55,66,67,78,79,90,91,102,103,41,53,65,77,89,101,44,56,68,80,92,104,114,115,113,30,31,116,29,32
1:1:40,52,64,76,88,100,112,28,125,126,127,128,124
Quality
0
I1122 20:07:32.020463  7648 ClientNetworkLayer.cpp:91] Request (sender) -->Tiles
1:0:42,43,54,55,66,67,78,79,90,91,102,103,41,53,65,77,89,101,44,56,68,80,92,104,114,115,113,30,31,116,29,32
1:1:40,52,64,76,88,100,112,28,125,126,127,128,124
Quality
0
I1122 20:07:32.120501  7648 ClientNetworkLayer.cpp:91] Request (sender) -->Tiles
1:0:42,43,54,55,66,67,78,79,90,91,102,103,41,53,65,77,89,101,44,56,68,80,92,104,114,115,113,30,31,116,29,32
1:1:40,52,64,76,88,100,112,28,125,126,127,128,124
Quality
0
I1122 20:07:32.220541  7648 ClientNetworkLayer.cpp:91] Request (sender) -->Tiles
1:0:42,43,54,55,66,67,78,79,90,91,102,103,41,53,65,77,89,101,44,56,68,80,92,104,114,115,113,30,31,116,29,32
1:1:40,52,64,76,88,100,112,28,125,126,127,128,124
Quality
0
I1122 20:07:32.320497  7648 ClientNetworkLayer.cpp:91] Request (sender) -->Tiles
1:0:42,43,54,55,66,67,78,79,90,91,102,103,41,53,65,77,89,101,44,56,68,80,92,104,114,115,113,30,31,116,29,32
1:1:40,52,64,76,88,100,112,28,125,126,127,128,124
Quality
0
I1122 20:07:32.420536  7648 ClientNetworkLayer.cpp:91] Request (sender) -->Tiles
1:0:42,43,54,55,66,67,78,79,90,91,102,103,41,53,65,77,89,101,44,56,68,80,92,104,114,115,113,30,31,116,29,32
1:1:40,52,64,76,88,100,112,28,125,126,127,128,124
Quality
0
I1122 20:07:32.520630  7648 ClientNetworkLayer.cpp:91] Request (sender) -->Tiles
1:0:42,43,54,55,66,67,78,79,90,91,102,103,41,53,65,77,89,101,44,56,68,80,92,104,114,115,113,30,31,116,29,32
1:1:40,52,64,76,88,100,112,28,125,126,127,128,124
Quality
0
I1122 20:07:32.620549  7648 ClientNetworkLayer.cpp:91] Request (sender) -->Tiles
1:0:42,43,54,55,66,67,78,79,90,91,102,103,41,53,65,77,89,101,44,56,68,80,92,104,114,115,113,30,31,116,29,32
1:1:40,52,64,76,88,100,112,28,125,126,127,128,124
Quality
0
I1122 20:07:32.720696  7648 ClientNetworkLayer.cpp:91] Request (sender) -->Tiles
1:0:42,43,54,55,66,67,78,79,90,91,102,103,41,53,65,77,89,101,44,56,68,80,92,104,114,115,113,30,31,116,29,32
1:1:40,52,64,76,88,100,112,28,125,126,127,128,124
Quality
0
I1122 20:07:32.820417  7648 ClientNetworkLayer.cpp:91] Request (sender) -->Tiles
1:0:42,43,54,55,66,67,78,79,90,91,102,103,41,53,65,77,89,101,44,56,68,80,92,104,114,115,113,30,31,116,29,32
1:1:40,52,64,76,88,100,112,28,125,126,127,128,124
Quality
0
I1122 20:07:32.920316  7648 ClientNetworkLayer.cpp:91] Request (sender) -->Tiles
1:0:42,43,54,55,66,67,78,79,90,91,102,103,41,53,65,77,89,101,44,56,68,80,92,104,114,115,113,30,31,116,29,32
1:1:40,52,64,76,88,100,112,28,125,126,127,128,124
Quality
0
I1122 20:07:33.020323  7648 ClientNetworkLayer.cpp:91] Request (sender) -->Tiles
1:0:42,43,54,55,66,67,78,79,90,91,102,103,41,53,65,77,89,101,44,56,68,80,92,104,114,115,113,30,31,116,29,32
1:1:40,52,64,76,88,100,112,28,125,126,127,128,124
Quality
0
I1122 20:07:33.120319  7648 ClientNetworkLayer.cpp:91] Request (sender) -->Tiles
1:0:42,43,54,55,66,67,78,79,90,91,102,103,41,53,65,77,89,101,44,56,68,80,92,104,114,115,113,30,31,116,29,32
1:1:40,52,64,76,88,100,112,28,125,126,127,128,124
Quality
0
I1122 20:07:33.220392  7648 ClientNetworkLayer.cpp:91] Request (sender) -->Tiles
1:0:42,43,54,55,66,67,78,79,90,91,102,103,41,53,65,77,89,101,44,56,68,80,92,104,114,115,113,30,31,116,29,32
1:1:40,52,64,76,88,100,112,28,125,126,127,128,124
Quality
0
I1122 20:07:33.320397  7648 ClientNetworkLayer.cpp:91] Request (sender) -->Tiles
1:0:42,43,54,55,66,67,78,79,90,91,102,103,41,53,65,77,89,101,44,56,68,80,92,104,114,115,113,30,31,116,29,32
1:1:40,52,64,76,88,100,112,28,125,126,127,128,124
Quality
0
I1122 20:07:33.420325  7648 ClientNetworkLayer.cpp:91] Request (sender) -->Tiles
1:0:42,43,54,55,66,67,78,79,90,91,102,103,41,53,65,77,89,101,44,56,68,80,92,104,114,115,113,30,31,116,29,32
1:1:40,52,64,76,88,100,112,28,125,126,127,128,124
Quality
0
I1122 20:07:33.520285  7648 ClientNetworkLayer.cpp:91] Request (sender) -->Tiles
1:0:42,43,54,55,66,67,78,79,90,91,102,103,41,53,65,77,89,101,44,56,68,80,92,104,114,115,113,30,31,116,29,32
1:1:40,52,64,76,88,100,112,28,125,126,127,128,124
Quality
0
I1122 20:07:33.620290  7648 ClientNetworkLayer.cpp:91] Request (sender) -->Tiles
1:0:42,43,54,55,66,67,78,79,90,91,102,103,41,53,65,77,89,101,44,56,68,80,92,104,114,115,113,30,31,116,29,32
1:1:40,52,64,76,88,100,112,28,125,126,127,128,124
Quality
0
I1122 20:07:33.720304  7648 ClientNetworkLayer.cpp:91] Request (sender) -->Tiles
1:0:42,43,54,55,66,67,78,79,90,91,102,103,41,53,65,77,89,101,44,56,68,80,92,104,114,115,113,30,31,116,29,32
1:1:40,52,64,76,88,100,112,28,125,126,127,128,124
Quality
0
I1122 20:07:33.820395  7648 ClientNetworkLayer.cpp:91] Request (sender) -->Tiles
1:0:42,43,54,55,66,67,78,79,90,91,102,103,41,53,65,77,89,101,44,56,68,80,92,104,114,115,113,30,31,116,29,32
1:1:40,52,64,76,88,100,112,28,125,126,127,128,124
Quality
0
I1122 20:07:33.920307  7648 ClientNetworkLayer.cpp:91] Request (sender) -->Tiles
1:0:42,43,54,55,66,67,78,79,90,91,102,103,41,53,65,77,89,101,44,56,68,80,92,104,114,115,113,30,31,116,29,32
1:1:40,52,64,76,88,100,112,28,125,126,127,128,124
Quality
0
I1122 20:07:34.020335  7648 ClientNetworkLayer.cpp:91] Request (sender) -->Tiles
1:0:42,43,54,55,66,67,78,79,90,91,102,103,41,53,65,77,89,101,44,56,68,80,92,104,114,115,113,30,31,116,29,32
1:1:40,52,64,76,88,100,112,28,125,126,127,128,124
Quality
0
I1122 20:07:34.120308  7648 ClientNetworkLayer.cpp:91] Request (sender) -->Tiles
1:0:42,43,54,55,66,67,78,79,90,91,102,103,41,53,65,77,89,101,44,56,68,80,92,104,114,115,113,30,31,116,29,32
1:1:40,52,64,76,88,100,112,28,125,126,127,128,124
Quality
0
I1122 20:07:34.220333  7648 ClientNetworkLayer.cpp:91] Request (sender) -->Tiles
1:0:42,43,54,55,66,67,78,79,90,91,102,103,41,53,65,77,89,101,44,56,68,80,92,104,114,115,113,30,31,116,29,32
1:1:40,52,64,76,88,100,112,28,125,126,127,128,124
Quality
0
I1122 20:07:34.320451  7648 ClientNetworkLayer.cpp:91] Request (sender) -->Tiles
1:0:42,43,54,55,66,67,78,79,90,91,102,103,41,53,65,77,89,101,44,56,68,80,92,104,114,115,113,30,31,116,29,32
1:1:40,52,64,76,88,100,112,28,125,126,127,128,124
Quality
0
I1122 20:07:34.420369  7648 ClientNetworkLayer.cpp:91] Request (sender) -->Tiles
1:0:42,43,54,55,66,67,78,79,90,91,102,103,41,53,65,77,89,101,44,56,68,80,92,104,114,115,113,30,31,116,29,32
1:1:40,52,64,76,88,100,112,28,125,126,127,128,124
Quality
0
I1122 20:07:34.520300  7648 ClientNetworkLayer.cpp:91] Request (sender) -->Tiles
1:0:42,43,54,55,66,67,78,79,90,91,102,103,41,53,65,77,89,101,44,56,68,80,92,104,114,115,113,30,31,116,29,32
1:1:40,52,64,76,88,100,112,28,125,126,127,128,124
Quality
0
I1122 20:07:34.620293  7648 ClientNetworkLayer.cpp:91] Request (sender) -->Tiles
1:0:42,43,54,55,66,67,78,79,90,91,102,103,41,53,65,77,89,101,44,56,68,80,92,104,114,115,113,30,31,116,29,32
1:1:40,52,64,76,88,100,112,28,125,126,127,128,124
Quality
0
I1122 20:07:34.720291  7648 ClientNetworkLayer.cpp:91] Request (sender) -->Tiles
1:0:42,43,54,55,66,67,78,79,90,91,102,103,41,53,65,77,89,101,44,56,68,80,92,104,114,115,113,30,31,116,29,32
1:1:40,52,64,76,88,100,112,28,125,126,127,128,124
Quality
0
I1122 20:07:34.820289  7648 ClientNetworkLayer.cpp:91] Request (sender) -->Tiles
1:0:42,43,54,55,66,67,78,79,90,91,102,103,41,53,65,77,89,101,44,56,68,80,92,104,114,115,113,30,31,116,29,32
1:1:40,52,64,76,88,100,112,28,125,126,127,128,124
Quality
0
I1122 20:07:34.920279  7648 ClientNetworkLayer.cpp:91] Request (sender) -->Tiles
1:0:42,43,54,55,66,67,78,79,90,91,102,103,41,53,65,77,89,101,44,56,68,80,92,104,114,115,113,30,31,116,29,32
1:1:40,52,64,76,88,100,112,28,125,126,127,128,124
Quality
0
I1122 20:07:35.020288  7648 ClientNetworkLayer.cpp:91] Request (sender) -->Tiles
1:0:42,43,54,55,66,67,78,79,90,91,102,103,41,53,65,77,89,101,44,56,68,80,92,104,114,115,113,30,31,116,29,32
1:1:40,52,64,76,88,100,112,28,125,126,127,128,124
Quality
0
I1122 20:07:35.120285  7648 ClientNetworkLayer.cpp:91] Request (sender) -->Tiles
1:0:42,43,54,55,66,67,78,79,90,91,102,103,41,53,65,77,89,101,44,56,68,80,92,104,114,115,113,30,31,116,29,32
1:1:40,52,64,76,88,100,112,28,125,126,127,128,124
Quality
0
I1122 20:07:35.220693  7648 ClientNetworkLayer.cpp:91] Request (sender) -->Tiles
1:0:42,43,54,55,66,67,78,79,90,91,102,103,41,53,65,77,89,101,44,56,68,80,92,104,114,115,113,30,31,116,29,32
1:1:40,52,64,76,88,100,112,28,125,126,127,128,124
Quality
0
I1122 20:07:35.320338  7648 ClientNetworkLayer.cpp:91] Request (sender) -->Tiles
1:0:42,43,54,55,66,67,78,79,90,91,102,103,41,53,65,77,89,101,44,56,68,80,92,104,114,115,113,30,31,116,29,32
1:1:40,52,64,76,88,100,112,28,125,126,127,128,124
Quality
0
I1122 20:07:35.420284  7648 ClientNetworkLayer.cpp:91] Request (sender) -->Tiles
1:0:42,43,54,55,66,67,78,79,90,91,102,103,41,53,65,77,89,101,44,56,68,80,92,104,114,115,113,30,31,116,29,32
1:1:40,52,64,76,88,100,112,28,125,126,127,128,124
Quality
0
I1122 20:07:35.520284  7648 ClientNetworkLayer.cpp:91] Request (sender) -->Tiles
1:0:42,43,54,55,66,67,78,79,90,91,102,103,41,53,65,77,89,101,44,56,68,80,92,104,114,115,113,30,31,116,29,32
1:1:40,52,64,76,88,100,112,28,125,126,127,128,124
Quality
0
I1122 20:07:35.620293  7648 ClientNetworkLayer.cpp:91] Request (sender) -->Tiles
1:0:42,43,54,55,66,67,78,79,90,91,102,103,41,53,65,77,89,101,44,56,68,80,92,104,114,115,113,30,31,116,29,32
1:1:40,52,64,76,88,100,112,28,125,126,127,128,124
Quality
0
I1122 20:07:35.720314  7648 ClientNetworkLayer.cpp:91] Request (sender) -->Tiles
1:0:42,43,54,55,66,67,78,79,90,91,102,103,41,53,65,77,89,101,44,56,68,80,92,104,114,115,113,30,31,116,29,32
1:1:40,52,64,76,88,100,112,28,125,126,127,128,124
Quality
0
I1122 20:07:35.820406  7648 ClientNetworkLayer.cpp:91] Request (sender) -->Tiles
1:0:42,43,54,55,66,67,78,79,90,91,102,103,41,53,65,77,89,101,44,56,68,80,92,104,114,115,113,30,31,116,29,32
1:1:40,52,64,76,88,100,112,28,125,126,127,128,124
Quality
0
I1122 20:07:35.920400  7648 ClientNetworkLayer.cpp:91] Request (sender) -->Tiles
1:0:42,43,54,55,66,67,78,79,90,91,102,103,41,53,65,77,89,101,44,56,68,80,92,104,114,115,113,30,31,116,29,32
1:1:40,52,64,76,88,100,112,28,125,126,127,128,124
Quality
0
I1122 20:07:36.020493  7648 ClientNetworkLayer.cpp:91] Request (sender) -->Tiles
1:0:42,43,54,55,66,67,78,79,90,91,102,103,41,53,65,77,89,101,44,56,68,80,92,104,114,115,113,30,31,116,29,32
1:1:40,52,64,76,88,100,112,28,125,126,127,128,124
Quality
0
I1122 20:07:36.120398  7648 ClientNetworkLayer.cpp:91] Request (sender) -->Tiles
1:0:42,43,54,55,66,67,78,79,90,91,102,103,41,53,65,77,89,101,44,56,68,80,92,104,114,115,113,30,31,116,29,32
1:1:40,52,64,76,88,100,112,28,125,126,127,128,124
Quality
0
I1122 20:07:36.220397  7648 ClientNetworkLayer.cpp:91] Request (sender) -->Tiles
1:0:42,43,54,55,66,67,78,79,90,91,102,103,41,53,65,77,89,101,44,56,68,80,92,104,114,115,113,30,31,116,29,32
1:1:40,52,64,76,88,100,112,28,125,126,127,128,124
Quality
0
I1122 20:07:36.238620  7645 ClientNetworkLayer.cpp:232] Tile received[1-42]
I1122 20:07:36.246039  7645 ClientNetworkLayer.cpp:232] Tile received[1-43]
I1122 20:07:36.248265  7645 ClientNetworkLayer.cpp:232] Tile received[1-54]
I1122 20:07:36.251474  7645 ClientNetworkLayer.cpp:232] Tile received[1-55]
I1122 20:07:36.254897  7645 ClientNetworkLayer.cpp:232] Tile received[1-66]
I1122 20:07:36.257128  7645 ClientNetworkLayer.cpp:232] Tile received[1-67]
I1122 20:07:36.260488  7645 ClientNetworkLayer.cpp:232] Tile received[1-78]
I1122 20:07:36.263916  7645 ClientNetworkLayer.cpp:232] Tile received[1-79]
I1122 20:07:36.267187  7645 ClientNetworkLayer.cpp:232] Tile received[1-90]
I1122 20:07:36.271678  7645 ClientNetworkLayer.cpp:232] Tile received[1-91]
I1122 20:07:36.275002  7645 ClientNetworkLayer.cpp:232] Tile received[1-102]
I1122 20:07:36.282790  7645 ClientNetworkLayer.cpp:232] Tile received[1-103]
I1122 20:07:36.287204  7645 ClientNetworkLayer.cpp:232] Tile received[1-41]
I1122 20:07:36.291476  7645 ClientNetworkLayer.cpp:232] Tile received[1-53]
I1122 20:07:36.296272  7645 ClientNetworkLayer.cpp:232] Tile received[1-65]
I1122 20:07:36.298441  7645 ClientNetworkLayer.cpp:232] Tile received[1-77]
I1122 20:07:36.302783  7645 ClientNetworkLayer.cpp:232] Tile received[1-89]
I1122 20:07:36.307395  7645 ClientNetworkLayer.cpp:232] Tile received[1-101]
I1122 20:07:36.311767  7645 ClientNetworkLayer.cpp:232] Tile received[1-44]
I1122 20:07:36.315084  7645 ClientNetworkLayer.cpp:232] Tile received[1-56]
I1122 20:07:36.319695  7645 ClientNetworkLayer.cpp:232] Tile received[1-68]
I1122 20:07:36.320897  7648 ClientNetworkLayer.cpp:91] Request (sender) -->Tiles
1:0:68,80,92,104,114,115,113,30,31,116,29,32
1:1:40,52,64,76,88,100,112,28,125,126,127,128,124
Quality
0
I1122 20:07:36.323312  7645 ClientNetworkLayer.cpp:232] Tile received[1-80]
I1122 20:07:36.326517  7645 ClientNetworkLayer.cpp:232] Tile received[1-92]
I1122 20:07:36.331122  7645 ClientNetworkLayer.cpp:232] Tile received[1-104]
I1122 20:07:36.336620  7645 ClientNetworkLayer.cpp:232] Tile received[1-114]
I1122 20:07:36.341118  7645 ClientNetworkLayer.cpp:232] Tile received[1-115]
I1122 20:07:36.343055  7645 ClientNetworkLayer.cpp:232] Tile received[1-113]
I1122 20:07:36.348944  7645 ClientNetworkLayer.cpp:232] Tile received[1-30]
I1122 20:07:36.351116  7645 ClientNetworkLayer.cpp:232] Tile received[1-31]
I1122 20:07:36.360041  7645 ClientNetworkLayer.cpp:232] Tile received[1-116]
I1122 20:07:36.364507  7645 ClientNetworkLayer.cpp:232] Tile received[1-29]
I1122 20:07:36.368896  7645 ClientNetworkLayer.cpp:232] Tile received[1-32]
I1122 20:07:36.372157  7645 ClientNetw