Log file created at: 2021/11/22 20:04:22
Running on machine: ehab-OptiPlex-5070
Log line format: [IWEF]mmdd hh:mm:ss.uuuuuu threadid file:line] msg
I1122 20:04:22.868523  6216 ClientNetworkLayer.cpp:91] Request (sender) -->Tiles
1:0:42,43,54,55,66,67,78,79,90,91,102,103,41,53,65,77,89,101,44,56,68,80,92,104,114,115,113,30,31,116,29,32
1:1:40,52,64,76,88,100,112,28,125,126,127,128,124
Quality
0
I1122 20:04:22.967386  6216 ClientNetworkLayer.cpp:91] Request (sender) -->Tiles
1:0:42,43,54,55,66,67,78,79,90,91,102,103,41,53,65,77,89,101,44,56,68,80,92,104,114,115,113,30,31,116,29,32
1:1:40,52,64,76,88,100,112,28,125,126,127,128,124
Quality
0
I1122 20:04:23.067343  6216 ClientNetworkLayer.cpp:91] Request (sender) -->Tiles
1:0:42,43,54,55,66,67,78,79,90,91,102,103,41,53,65,77,89,101,44,56,68,80,92,104,114,115,113,30,31,116,29,32
1:1:40,52,64,76,88,100,112,28,125,126,127,128,124
Quality
0
I1122 20:04:23.167372  6216 ClientNetworkLayer.cpp:91] Request (sender) -->Tiles
1:0:42,43,54,55,66,67,78,79,90,91,102,103,41,53,65,77,89,101,44,56,68,80,92,104,114,115,113,30,31,116,29,32
1:1:40,52,64,76,88,100,112,28,125,126,127,128,124
Quality
0
I1122 20:04:23.267340  6216 ClientNetworkLayer.cpp:91] Request (sender) -->Tiles
1:0:42,43,54,55,66,67,78,79,90,91,102,103,41,53,65,77,89,101,44,56,68,80,92,104,114,115,113,30,31,116,29,32
1:1:40,52,64,76,88,100,112,28,125,126,127,128,124
Quality
0
I1122 20:04:23.367374  6216 ClientNetworkLayer.cpp:91] Request (sender) -->Tiles
1:0:42,43,54,55,66,67,78,79,90,91,102,103,41,53,65,77,89,101,44,56,68,80,92,104,114,115,113,30,31,116,29,32
1:1:40,52,64,76,88,100,112,28,125,126,127,128,124
Quality
0
I1122 20:04:23.467330  6216 ClientNetworkLayer.cpp:91] Request (sender) -->Tiles
1:0:42,43,54,55,66,67,78,79,90,91,102,103,41,53,65,77,89,101,44,56,68,80,92,104,114,115,113,30,31,116,29,32
1:1:40,52,64,76,88,100,112,28,125,126,127,128,124
Quality
0
I1122 20:04:23.567332  6216 ClientNetworkLayer.cpp:91] Request (sender) -->Tiles
1:0:42,43,54,55,66,67,78,79,90,91,102,103,41,53,65,77,89,101,44,56,68,80,92,104,114,115,113,30,31,116,29,32
1:1:40,52,64,76,88,100,112,28,125,126,127,128,124
Quality
0
I1122 20:04:23.667335  6216 ClientNetworkLayer.cpp:91] Request (sender) -->Tiles
1:0:42,43,54,55,66,67,78,79,90,91,102,103,41,53,65,77,89,101,44,56,68,80,92,104,114,115,113,30,31,116,29,32
1:1:40,52,64,76,88,100,112,28,125,126,127,128,124
Quality
0
I1122 20:04:23.767511  6216 ClientNetworkLayer.cpp:91] Request (sender) -->Tiles
1:0:42,43,54,55,66,67,78,79,90,91,102,103,41,53,65,77,89,101,44,56,68,80,92,104,114,115,113,30,31,116,29,32
1:1:40,52,64,76,88,100,112,28,125,126,127,128,124
Quality
0
I1122 20:04:23.867338  6216 ClientNetworkLayer.cpp:91] Request (sender) -->Tiles
1:0:42,43,54,55,66,67,78,79,90,91,102,103,41,53,65,77,89,101,44,56,68,80,92,104,114,115,113,30,31,116,29,32
1:1:40,52,64,76,88,100,112,28,125,126,127,128,124
Quality
0
I1122 20:04:23.968053  6216 ClientNetworkLayer.cpp:91] Request (sender) -->Tiles
1:0:42,43,54,55,66,67,78,79,90,91,102,103,41,53,65,77,89,101,44,56,68,80,92,104,114,115,113,30,31,116,29,32
1:1:40,52,64,76,88,100,112,28,125,126,127,128,124
Quality
0
I1122 20:04:24.067456  6216 ClientNetworkLayer.cpp:91] Request (sender) -->Tiles
1:0:42,43,54,55,66,67,78,79,90,91,102,103,41,53,65,77,89,101,44,56,68,80,92,104,114,115,113,30,31,116,29,32
1:1:40,52,64,76,88,100,112,28,125,126,127,128,124
Quality
0
I1122 20:04:24.167469  6216 ClientNetworkLayer.cpp:91] Request (sender) -->Tiles
1:0:42,43,54,55,66,67,78,79,90,91,102,103,41,53,65,77,89,101,44,56,68,80,92,104,114,115,113,30,31,116,29,32
1:1:40,52,64,76,88,100,112,28,125,126,127,128,124
Quality
0
I1122 20:04:24.267410  6216 ClientNetworkLayer.cpp:91] Request (sender) -->Tiles
1:0:42,43,54,55,66,67,78,79,90,91,102,103,41,53,65,77,89,101,44,56,68,80,92,104,114,115,113,30,31,116,29,32
1:1:40,52,64,76,88,100,112,28,125,126,127,128,124
Quality
0
I1122 20:04:24.367548  6216 ClientNetworkLayer.cpp:91] Request (sender) -->Tiles
1:0:42,43,54,55,66,67,78,79,90,91,102,103,41,53,65,77,89,101,44,56,68,80,92,104,114,115,113,30,31,116,29,32
1:1:40,52,64,76,88,100,112,28,125,126,127,128,124
Quality
0
I1122 20:04:24.468201  6216 ClientNetworkLayer.cpp:91] Request (sender) -->Tiles
1:0:42,43,54,55,66,67,78,79,90,91,102,103,41,53,65,77,89,101,44,56,68,80,92,104,114,115,113,30,31,116,29,32
1:1:40,52,64,76,88,100,112,28,125,126,127,128,124
Quality
0
I1122 20:04:24.567852  6216 ClientNetworkLayer.cpp:91] Request (sender) -->Tiles
1:0:42,43,54,55,66,67,78,79,90,91,102,103,41,53,65,77,89,101,44,56,68,80,92,104,114,115,113,30,31,116,29,32
1:1:40,52,64,76,88,100,112,28,125,126,127,128,124
Quality
0
I1122 20:04:24.667838  6216 ClientNetworkLayer.cpp:91] Request (sender) -->Tiles
1:0:42,43,54,55,66,67,78,79,90,91,102,103,41,53,65,77,89,101,44,56,68,80,92,104,114,115,113,30,31,116,29,32
1:1:40,52,64,76,88,100,112,28,125,126,127,128,124
Quality
0
I1122 20:04:24.767941  6216 ClientNetworkLayer.cpp:91] Request (sender) -->Tiles
1:0:42,43,54,55,66,67,78,79,90,91,102,103,41,53,65,77,89,101,44,56,68,80,92,104,114,115,113,30,31,116,29,32
1:1:40,52,64,76,88,100,112,28,125,126,127,128,124
Quality
0
I1122 20:04:24.867578  6216 ClientNetworkLayer.cpp:91] Request (sender) -->Tiles
1:0:42,43,54,55,66,67,78,79,90,91,102,103,41,53,65,77,89,101,44,56,68,80,92,104,114,115,113,30,31,116,29,32
1:1:40,52,64,76,88,100,112,28,125,126,127,128,124
Quality
0
I1122 20:04:24.967483  6216 ClientNetworkLayer.cpp:91] Request (sender) -->Tiles
1:0:42,43,54,55,66,67,78,79,90,91,102,103,41,53,65,77,89,101,44,56,68,80,92,104,114,115,113,30,31,116,29,32
1:1:40,52,64,76,88,100,112,28,125,126,127,128,124
Quality
0
I1122 20:04:25.067411  6216 ClientNetworkLayer.cpp:91] Request (sender) -->Tiles
1:0:42,43,54,55,66,67,78,79,90,91,102,103,41,53,65,77,89,101,44,56,68,80,92,104,114,115,113,30,31,116,29,32
1:1:40,52,64,76,88,100,112,28,125,126,127,128,124
Quality
0
I1122 20:04:25.167434  6216 ClientNetworkLayer.cpp:91] Request (sender) -->Tiles
1:0:42,43,54,55,66,67,78,79,90,91,102,103,41,53,65,77,89,101,44,56,68,80,92,104,114,115,113,30,31,116,29,32
1:1:40,52,64,76,88,100,112,28,125,126,127,128,124
Quality
0
I1122 20:04:25.267462  6216 ClientNetworkLayer.cpp:91] Request (sender) -->Tiles
1:0:42,43,54,55,66,67,78,79,90,91,102,103,41,53,65,77,89,101,44,56,68,80,92,104,114,115,113,30,31,116,29,32
1:1:40,52,64,76,88,100,112,28,125,126,127,128,124
Quality
0
I1122 20:04:25.367444  6216 ClientNetworkLayer.cpp:91] Request (sender) -->Tiles
1:0:42,43,54,55,66,67,78,79,90,91,102,103,41,53,65,77,89,101,44,56,68,80,92,104,114,115,113,30,31,116,29,32
1:1:40,52,64,76,88,100,112,28,125,126,127,128,124
Quality
0
I1122 20:04:25.467437  6216 ClientNetworkLayer.cpp:91] Request (sender) -->Tiles
1:0:42,43,54,55,66,67,78,79,90,91,102,103,41,53,65,77,89,101,44,56,68,80,92,104,114,115,113,30,31,116,29,32
1:1:40,52,64,76,88,100,112,28,125,126,127,128,124
Quality
0
I1122 20:04:25.567857  6216 ClientNetworkLayer.cpp:91] Request (sender) -->Tiles
1:0:42,43,54,55,66,67,78,79,90,91,102,103,41,53,65,77,89,101,44,56,68,80,92,104,114,115,113,30,31,116,29,32
1:1:40,52,64,76,88,100,112,28,125,126,127,128,124
Quality
0
I1122 20:04:25.667420  6216 ClientNetworkLayer.cpp:91] Request (sender) -->Tiles
1:0:42,43,54,55,66,67,78,79,90,91,102,103,41,53,65,77,89,101,44,56,68,80,92,104,114,115,113,30,31,116,29,32
1:1:40,52,64,76,88,100,112,28,125,126,127,128,124
Quality
0
I1122 20:04:25.767472  6216 ClientNetworkLayer.cpp:91] Request (sender) -->Tiles
1:0:42,43,54,55,66,67,78,79,90,91,102,103,41,53,65,77,89,101,44,56,68,80,92,104,114,115,113,30,31,116,29,32
1:1:40,52,64,76,88,100,112,28,125,126,127,128,124
Quality
0
I1122 20:04:25.867431  6216 ClientNetworkLayer.cpp:91] Request (sender) -->Tiles
1:0:42,43,54,55,66,67,78,79,90,91,102,103,41,53,65,77,89,101,44,56,68,80,92,104,114,115,113,30,31,116,29,32
1:1:40,52,64,76,88,100,112,28,125,126,127,128,124
Quality
0
I1122 20:04:25.967751  6216 ClientNetworkLayer.cpp:91] Request (sender) -->Tiles
1:0:42,43,54,55,66,67,78,79,90,91,102,103,41,53,65,77,89,101,44,56,68,80,92,104,114,115,113,30,31,116,29,32
1:1:40,52,64,76,88,100,112,28,125,126,127,128,124
Quality
0
I1122 20:04:26.067858  6216 ClientNetworkLayer.cpp:91] Request (sender) -->Tiles
1:0:42,43,54,55,66,67,78,79,90,91,102,103,41,53,65,77,89,101,44,56,68,80,92,104,114,115,113,30,31,116,29,32
1:1:40,52,64,76,88,100,112,28,125,126,127,128,124
Quality
0
I1122 20:04:26.167733  6216 ClientNetworkLayer.cpp:91] Request (sender) -->Tiles
1:0:42,43,54,55,66,67,78,79,90,91,102,103,41,53,65,77,89,101,44,56,68,80,92,104,114,115,113,30,31,116,29,32
1:1:40,52,64,76,88,100,112,28,125,126,127,128,124
Quality
0
I1122 20:04:26.267563  6216 ClientNetworkLayer.cpp:91] Request (sender) -->Tiles
1:0:42,43,54,55,66,67,78,79,90,91,102,103,41,53,65,77,89,101,44,56,68,80,92,104,114,115,113,30,31,116,29,32
1:1:40,52,64,76,88,100,112,28,125,126,127,128,124
Quality
0
I1122 20:04:26.367700  6216 ClientNetworkLayer.cpp:91] Request (sender) -->Tiles
1:0:42,43,54,55,66,67,78,79,90,91,102,103,41,53,65,77,89,101,44,56,68,80,92,104,114,115,113,30,31,116,29,32
1:1:40,52,64,76,88,100,112,28,125,126,127,128,124
Quality
0
I1122 20:04:26.467389  6216 ClientNetworkLayer.cpp:91] Request (sender) -->Tiles
1:0:42,43,54,55,66,67,78,79,90,91,102,103,41,53,65,77,89,101,44,56,68,80,92,104,114,115,113,30,31,116,29,32
1:1:40,52,64,76,88,100,112,28,125,126,127,128,124
Quality
0
I1122 20:04:26.567499  6216 ClientNetworkLayer.cpp:91] Request (sender) -->Tiles
1:0:42,43,54,55,66,67,78,79,90,91,102,103,41,53,65,77,89,101,44,56,68,80,92,104,114,115,113,30,31,116,29,32
1:1:40,52,64,76,88,100,112,28,125,126,127,128,124
Quality
0
I1122 20:04:26.667520  6216 ClientNetworkLayer.cpp:91] Request (sender) -->Tiles
1:0:42,43,54,55,66,67,78,79,90,91,102,103,41,53,65,77,89,101,44,56,68,80,92,104,114,115,113,30,31,116,29,32
1:1:40,52,64,76,88,100,112,28,125,126,127,128,124
Quality
0
I1122 20:04:26.767457  6216 ClientNetworkLayer.cpp:91] Request (sender) -->Tiles
1:0:42,43,54,55,66,67,78,79,90,91,102,103,41,53,65,77,89,101,44,56,68,80,92,104,114,115,113,30,31,116,29,32
1:1:40,52,64,76,88,100,112,28,125,126,127,128,124
Quality
0
I1122 20:04:26.867503  6216 ClientNetworkLayer.cpp:91] Request (sender) -->Tiles
1:0:42,43,54,55,66,67,78,79,90,91,102,103,41,53,65,77,89,101,44,56,68,80,92,104,114,115,113,30,31,116,29,32
1:1:40,52,64,76,88,100,112,28,125,126,127,128,124
Quality
0
I1122 20:04:26.967617  6216 ClientNetworkLayer.cpp:91] Request (sender) -->Tiles
1:0:42,43,54,55,66,67,78,79,90,91,102,103,41,53,65,77,89,101,44,56,68,80,92,104,114,115,113,30,31,116,29,32
1:1:40,52,64,76,88,100,112,28,125,126,127,128,124
Quality
0
I1122 20:04:27.067468  6216 ClientNetworkLayer.cpp:91] Request (sender) -->Tiles
1:0:42,43,54,55,66,67,78,79,90,91,102,103,41,53,65,77,89,101,44,56,68,80,92,104,114,115,113,30,31,116,29,32
1:1:40,52,64,76,88,100,112,28,125,126,127,128,124
Quality
0
I1122 20:04:27.167671  6216 ClientNetworkLayer.cpp:91] Request (sender) -->Tiles
1:0:42,43,54,55,66,67,78,79,90,91,102,103,41,53,65,77,89,101,44,56,68,80,92,104,114,115,113,30,31,116,29,32
1:1:40,52,64,76,88,100,112,28,125,126,127,128,124
Quality
0
I1122 20:04:27.267540  6216 ClientNetworkLayer.cpp:91] Request (sender) -->Tiles
1:0:42,43,54,55,66,67,78,79,90,91,102,103,41,53,65,77,89,101,44,56,68,80,92,104,114,115,113,30,31,116,29,32
1:1:40,52,64,76,88,100,112,28,125,126,127,128,124
Quality
0
I1122 20:04:27.367643  6216 ClientNetworkLayer.cpp:91] Request (sender) -->Tiles
1:0:42,43,54,55,66,67,78,79,90,91,102,103,41,53,65,77,89,101,44,56,68,80,92,104,114,115,113,30,31,116,29,32
1:1:40,52,64,76,88,100,112,28,125,126,127,128,124
Quality
0
I1122 20:04:27.467394  6216 ClientNetworkLayer.cpp:91] Request (sender) -->Tiles
1:0:42,43,54,55,66,67,78,79,90,91,102,103,41,53,65,77,89,101,44,56,68,80,92,104,114,115,113,30,31,116,29,32
1:1:40,52,64,76,88,100,112,28,125,126,127,128,124
Quality
0
I1122 20:04:27.567404  6216 ClientNetworkLayer.cpp:91] Request (sender) -->Tiles
1:0:42,43,54,55,66,67,78,79,90,91,102,103,41,53,65,77,89,101,44,56,68,80,92,104,114,115,113,30,31,116,29,32
1:1:40,52,64,76,88,100,112,28,125,126,127,128,124
Quality
0
I1122 20:04:27.667332  6216 ClientNetworkLayer.cpp:91] Request (sender) -->Tiles
1:0:42,43,54,55,66,67,78,79,90,91,102,103,41,53,65,77,89,101,44,56,68,80,92,104,114,115,113,30,31,116,29,32
1:1:40,52,64,76,88,100,112,28,125,126,127,128,124
Quality
0
I1122 20:04:27.767343  6216 ClientNetworkLayer.cpp:91] Request (sender) -->Tiles
1:0:42,43,54,55,66,67,78,79,90,91,102,103,41,53,65,77,89,101,44,56,68,80,92,104,114,115,113,30,31,116,29,32
1:1:40,52,64,76,88,100,112,28,125,126,127,128,124
Quality
0
I1122 20:04:27.867352  6216 ClientNetworkLayer.cpp:91] Request (sender) -->Tiles
1:0:42,43,54,55,66,67,78,79,90,91,102,103,41,53,65,77,89,101,44,56,68,80,92,104,114,115,113,30,31,116,29,32
1:1:40,52,64,76,88,100,112,28,125,126,127,128,124
Quality
0
I1122 20:04:27.967357  6216 ClientNetworkLayer.cpp:91] Request (sender) -->Tiles
1:0:42,43,54,55,66,67,78,79,90,91,102,103,41,53,65,77,89,101,44,56,68,80,92,104,114,115,113,30,31,116,29,32
1:1:40,52,64,76,88,100,112,28,125,126,127,128,124
Quality
0
I1122 20:04:28.067579  6216 ClientNetworkLayer.cpp:91] Request (sender) -->Tiles
1:0:42,43,54,55,66,67,78,79,90,91,102,103,41,53,65,77,89,101,44,56,68,80,92,104,114,115,113,30,31,116,29,32
1:1:40,52,64,76,88,100,112,28,125,126,127,128,124
Quality
0
I1122 20:04:28.167362  6216 ClientNetworkLayer.cpp:91] Request (sender) -->Tiles
1:0:42,43,54,55,66,67,78,79,90,91,102,103,41,53,65,77,89,101,44,56,68,80,92,104,114,115,113,30,31,116,29,32
1:1:40,52,64,76,88,100,112,28,125,126,127,128,124
Quality
0
I1122 20:04:28.267314  6216 ClientNetworkLayer.cpp:91] Request (sender) -->Tiles
1:0:42,43,54,55,66,67,78,79,90,91,102,103,41,53,65,77,89,101,44,56,68,80,92,104,114,115,113,30,31,116,29,32
1:1:40,52,64,76,88,100,112,28,125,126,127,128,124
Quality
0
I1122 20:04:28.367379  6216 ClientNetworkLayer.cpp:91] Request (sender) -->Tiles
1:0:42,43,54,55,66,67,78,79,90,91,102,103,41,53,65,77,89,101,44,56,68,80,92,104,114,115,113,30,31,116,29,32
1:1:40,52,64,76,88,100,112,28,125,126,127,128,124
Quality
0
I1122 20:04:28.467336  6216 ClientNetworkLayer.cpp:91] Request (sender) -->Tiles
1:0:42,43,54,55,66,67,78,79,90,91,102,103,41,53,65,77,89,101,44,56,68,80,92,104,114,115,113,30,31,116,29,32
1:1:40,52,64,76,88,100,112,28,125,126,127,128,124
Quality
0
I1122 20:04:28.567378  6216 ClientNetworkLayer.cpp:91] Request (sender) -->Tiles
1:0:42,43,54,55,66,67,78,79,90,91,102,103,41,53,65,77,89,101,44,56,68,80,92,104,114,115,113,30,31,116,29,32
1:1:40,52,64,76,88,100,112,28,125,126,127,128,124
Quality
0
I1122 20:04:28.667389  6216 ClientNetworkLayer.cpp:91] Request (sender) -->Tiles
1:0:42,43,54,55,66,67,78,79,90,91,102,103,41,53,65,77,89,101,44,56,68,80,92,104,114,115,113,30,31,116,29,32
1:1:40,52,64,76,88,100,112,28,125,126,127,128,124
Quality
0
I1122 20:04:28.767346  6216 ClientNetworkLayer.cpp:91] Request (sender) -->Tiles
1:0:42,43,54,55,66,67,78,79,90,91,102,103,41,53,65,77,89,101,44,56,68,80,92,104,114,115,113,30,31,116,29,32
1:1:40,52,64,76,88,100,112,28,125,126,127,128,124
Quality
0
I1122 20:04:28.867352  6216 ClientNetworkLayer.cpp:91] Request (sender) -->Tiles
1:0:42,43,54,55,66,67,78,79,90,91,102,103,41,53,65,77,89,101,44,56,68,80,92,104,114,115,113,30,31,116,29,32
1:1:40,52,64,76,88,100,112,28,125,126,127,128,124
Quality
0
I1122 20:04:28.967344  6216 ClientNetworkLayer.cpp:91] Request (sender) -->Tiles
1:0:42,43,54,55,66,67,78,79,90,91,102,103,41,53,65,77,89,101,44,56,68,80,92,104,114,115,113,30,31,116,29,32
1:1:40,52,64,76,88,100,112,28,125,126,127,128,124
Quality
0
I1122 20:04:29.067340  6216 ClientNetworkLayer.cpp:91] Request (sender) -->Tiles
1:0:42,43,54,55,66,67,78,79,90,91,102,103,41,53,65,77,89,101,44,56,68,80,92,104,114,115,113,30,31,116,29,32
1:1:40,52,64,76,88,100,112,28,125,126,127,128,124
Quality
0
I1122 20:04:29.167341  6216 ClientNetworkLayer.cpp:91] Request (sender) -->Tiles
1:0:42,43,54,55,66,67,78,79,90,91,102,103,41,53,65,77,89,101,44,56,68,80,92,104,114,115,113,30,31,116,29,32
1:1:40,52,64,76,88,100,112,28,125,126,127,128,124
Quality
0
I1122 20:04:29.267346  6216 ClientNetworkLayer.cpp:91] Request (sender) -->Tiles
1:0:42,43,54,55,66,67,78,79,90,91,102,103,41,53,65,77,89,101,44,56,68,80,92,104,114,115,113,30,31,116,29,32
1:1:40,52,64,76,88,100,112,28,125,126,127,128,124
Quality
0
I1122 20:04:29.367342  6216 ClientNetworkLayer.cpp:91] Request (sender) -->Tiles
1:0:42,43,54,55,66,67,78,79,90,91,102,103,41,53,65,77,89,101,44,56,68,80,92,104,114,115,113,30,31,116,29,32
1:1:40,52,64,76,88,100,112,28,125,126,127,128,124
Quality
0
I1122 20:04:29.467387  6216 ClientNetworkLayer.cpp:91] Request (sender) -->Tiles
1:0:42,43,54,55,66,67,78,79,90,91,102,103,41,53,65,77,89,101,44,56,68,80,92,104,114,115,113,30,31,116,29,32
1:1:40,52,64,76,88,100,112,28,125,126,127,128,124
Quality
0
I1122 20:04:29.567359  6216 ClientNetworkLayer.cpp:91] Request (sender) -->Tiles
1:0:42,43,54,55,66,67,78,79,90,91,102,103,41,53,65,77,89,101,44,56,68,80,92,104,114,115,113,30,31,116,29,32
1:1:40,52,64,76,88,100,112,28,125,126,127,128,124
Quality
0
I1122 20:04:29.667338  6216 ClientNetworkLayer.cpp:91] Request (sender) -->Tiles
1:0:42,43,54,55,66,67,78,79,90,91,102,103,41,53,65,77,89,101,44,56,68,80,92,104,114,115,113,30,31,116,29,32
1:1:40,52,64,76,88,100,112,28,125,126,127,128,124
Quality
0
I1122 20:04:29.767343  6216 ClientNetworkLayer.cpp:91] Request (sender) -->Tiles
1:0:42,43,54,55,66,67,78,79,90,91,102,103,41,53,65,77,89,101,44,56,68,80,92,104,114,115,113,30,31,116,29,32
1:1:40,52,64,76,88,100,112,28,125,126,127,128,124
Quality
0
I1122 20:04:29.867385  6216 ClientNetworkLayer.cpp:91] Request (sender) -->Tiles
1:0:42,43,54,55,66,67,78,79,90,91,102,103,41,53,65,77,89,101,44,56,68,80,92,104,114,115,113,30,31,116,29,32
1:1:40,52,64,76,88,100,112,28,125,126,127,128,124
Quality
0
I1122 20:04:29.967341  6216 ClientNetworkLayer.cpp:91] Request (sender) -->Tiles
1:0:42,43,54,55,66,67,78,79,90,91,102,103,41,53,65,77,89,101,44,56,68,80,92,104,114,115,113,30,31,116,29,32
1:1:40,52,64,76,88,100,112,28,125,126,127,128,124
Quality
0
I1122 20:04:30.067337  6216 ClientNetworkLayer.cpp:91] Request (sender) -->Tiles
1:0:42,43,54,55,66,67,78,79,90,91,102,103,41,53,65,77,89,101,44,56,68,80,92,104,114,115,113,30,31,116,29,32
1:1:40,52,64,76,88,100,112,28,125,126,127,128,124
Quality
0
I1122 20:04:30.167488  6216 ClientNetworkLayer.cpp:91] Request (sender) -->Tiles
1:0:42,43,54,55,66,67,78,79,90,91,102,103,41,53,65,77,89,101,44,56,68,80,92,104,114,115,113,30,31,116,29,32
1:1:40,52,64,76,88,100,112,28,125,126,127,128,124
Quality
0
I1122 20:04:30.267372  6216 ClientNetworkLayer.cpp:91] Request (sender) -->Tiles
1:0:42,43,54,55,66,67,78,79,90,91,102,103,41,53,65,77,89,101,44,56,68,80,92,104,114,115,113,30,31,116,29,32
1:1:40,52,64,76,88,100,112,28,125,126,127,128,124
Quality
0
I1122 20:04:30.367338  6216 ClientNetworkLayer.cpp:91] Request (sender) -->Tiles
1:0:42,43,54,55,66,67,78,79,90,91,102,103,41,53,65,77,89,101,44,56,68,80,92,104,114,115,113,30,31,116,29,32
1:1:40,52,64,76,88,100,112,28,125,126,127,128,124
Quality
0
I1122 20:04:30.467330  6216 ClientNetworkLayer.cpp:91] Request (sender) -->Tiles
1:0:42,43,54,55,66,67,78,79,90,91,102,103,41,53,65,77,89,101,44,56,68,80,92,104,114,115,113,30,31,116,29,32
1:1:40,52,64,76,88,100,112,28,125,126,127,128,124
Quality
0
I1122 20:04:30.567335  6216 ClientNetworkLayer.cpp:91] Request (sender) -->Tiles
1:0:42,43,54,55,66,67,78,79,90,91,102,103,41,53,65,77,89,101,44,56,68,80,92,104,114,115,113,30,31,116,29,32
1:1:40,52,64,76,88,100,112,28,125,126,127,128,124
Quality
0
I1122 20:04:30.667340  6216 ClientNetworkLayer.cpp:91] Request (sender) -->Tiles
1:0:42,43,54,55,66,67,78,79,90,91,102,103,41,53,65,77,89,101,44,56,68,80,92,104,114,115,113,30,31,116,29,32
1:1:40,52,64,76,88,100,112,28,125,126,127,128,124
Quality
0
I1122 20:04:30.767338  6216 ClientNetworkLayer.cpp:91] Request (sender) -->Tiles
1:0:42,43,54,55,66,67,78,79,90,91,102,103,41,53,65,77,89,101,44,56,68,80,92,104,114,115,113,30,31,116,29,32
1:1:40,52,64,76,88,100,112,28,125,126,127,128,124
Quality
0
I1122 20:04:30.867372  6216 ClientNetworkLayer.cpp:91] Request (sender) -->Tiles
1:0:42,43,54,55,66,67,78,79,90,91,102,103,41,53,65,77,89,101,44,56,68,80,92,104,114,115,113,30,31,116,29,32
1:1:40,52,64,76,88,100,112,28,125,126,127,128,124
Quality
0
I1122 20:04:30.967340  6216 ClientNetworkLayer.cpp:91] Request (sender) -->Tiles
1:0:42,43,54,55,66,67,78,79,90,91,102,103,41,53,65,77,89,101,44,56,68,80,92,104,114,115,113,30,31,116,29,32
1:1:40,52,64,76,88,100,112,28,125,126,127,128,124
Quality
0
I1122 20:04:31.067338  6216 ClientNetworkLayer.cpp:91] Request (sender) -->Tiles
1:0:42,43,54,55,66,67,78,79,90,91,102,103,41,53,65,77,89,101,44,56,68,80,92,104,114,115,113,30,31,116,29,32
1:1:40,52,64,76,88,100,112,28,125,126,127,128,124
Quality
0
I1122 20:04:31.167538  6216 ClientNetworkLayer.cpp:91] Request (sender) -->Tiles
1:0:42,43,54,55,66,67,78,79,90,91,102,103,41,53,65,77,89,101,44,56,68,80,92,104,114,115,113,30,31,116,29,32
1:1:40,52,64,76,88,100,112,28,125,126,127,128,124
Quality
0
I1122 20:04:31.267439  6216 ClientNetworkLayer.cpp:91] Request (sender) -->Tiles
1:0:42,43,54,55,66,67,78,79,90,91,102,103,41,53,65,77,89,101,44,56,68,80,92,104,114,115,113,30,31,116,29,32
1:1:40,52,64,76,88,100,112,28,125,126,127,128,124
Quality
0
I1122 20:04:31.367530  6216 ClientNetworkLayer.cpp:91] Request (sender) -->Tiles
1:0:42,43,54,55,66,67,78,79,90,91,102,103,41,53,65,77,89,101,44,56,68,80,92,104,114,115,113,30,31,116,29,32
1:1:40,52,64,76,88,100,112,28,125,126,127,128,124
Quality
0
I1122 20:04:31.467397  6216 ClientNetworkLayer.cpp:91] Request (sender) -->Tiles
1:0:42,43,54,55,66,67,78,79,90,91,102,103,41,53,65,77,89,101,44,56,68,80,92,104,114,115,113,30,31,116,29,32
1:1:40,52,64,76,88,100,112,28,125,126,127,128,124
Quality
0
I1122 20:04:31.567526  6216 ClientNetworkLayer.cpp:91] Request (sender) -->Tiles
1:0:42,43,54,55,66,67,78,79,90,91,102,103,41,53,65,77,89,101,44,56,68,80,92,104,114,115,113,30,31,116,29,32
1:1:40,52,64,76,88,100,112,28,125,126,127,128,124
Quality
0
I1122 20:04:31.667726  6216 ClientNetworkLayer.cpp:91] Request (sender) -->Tiles
1:0:42,43,54,55,66,67,78,79,90,91,102,103,41,53,65,77,89,101,44,56,68,80,92,104,114,115,113,30,31,116,29,32
1:1:40,52,64,76,88,100,112,28,125,126,127,128,124
Quality
0
I1122 20:04:31.768399  6216 ClientNetworkLayer.cpp:91] Request (sender) -->Tiles
1:0:42,43,54,55,66,67,78,79,90,91,102,103,41,53,65,77,89,101,44,56,68,80,92,104,114,115,113,30,31,116,29,32
1:1:40,52,64,76,88,100,112,28,125,126,127,128,124
Quality
0
I1122 20:04:31.878347  6216 ClientNetworkLayer.cpp:91] Request (sender) -->Tiles
1:0:42,43,54,55,66,67,78,79,90,91,102,103,41,53,65,77,89,101,44,56,68,80,92,104,114,115,113,30,31,116,29,32
1:1:40,52,64,76,88,100,112,28,125,126,127,128,124
Quality
0
I1122 20:04:31.968125  6216 ClientNetworkLayer.cpp:91] Request (sender) -->Tiles
1:0:42,43,54,55,66,67,78,79,90,91,102,103,41,53,65,77,89,101,44,56,68,80,92,104,114,115,113,30,31,116,29,32
1:1:40,52,64,76,88,100,112,28,125,126,127,128,124
Quality
0
I1122 20:04:32.067574  6216 ClientNetworkLayer.cpp:91] Request (sender) -->Tiles
1:0:42,43,54,55,66,67,78,79,90,91,102,103,41,53,65,77,89,101,44,56,68,80,92,104,114,115,113,30,31,116,29,32
1:1:40,52,64,76,88,100,112,28,125,126,127,128,124
Quality
0
I1122 20:04:32.167732  6216 ClientNetworkLayer.cpp:91] Request (sender) -->Tiles
1:0:42,43,54,55,66,67,78,79,90,91,102,103,41,53,65,77,89,101,44,56,68,80,92,104,114,115,113,30,31,116,29,32
1:1:40,52,64,76,88,100,112,28,125,126,127,128,124
Quality
0
I1122 20:04:32.267573  6216 ClientNetworkLayer.cpp:91] Request (sender) -->Tiles
1:0:42,43,54,55,66,67,78,79,90,91,102,103,41,53,65,77,89,101,44,56,68,80,92,104,114,115,113,30,31,116,29,32
1:1:40,52,64,76,88,100,112,28,125,126,127,128,124
Quality
0
I1122 20:04:32.367525  6216 ClientNetworkLayer.cpp:91] Request (sender) -->Tiles
1:0:42,43,54,55,66,67,78,79,90,91,102,103,41,53,65,77,89,101,44,56,68,80,92,104,114,115,113,30,31,116,29,32
1:1:40,52,64,76,88,100,112,28,125,126,127,128,124
Quality
0
I1122 20:04:32.467474  6216 ClientNetworkLayer.cpp:91] Request (sender) -->Tiles
1:0:42,43,54,55,66,67,78,79,90,91,102,103,41,53,65,77,89,101,44,56,68,80,92,104,114,115,113,30,31,116,29,32
1:1:40,52,64,76,88,100,112,28,125,126,127,128,124
Quality
0
I1122 20:04:32.567502  6216 ClientNetworkLayer.cpp:91] Request (sender) -->Tiles
1:0:42,43,54,55,66,67,78,79,90,91,102,103,41,53,65,77,89,101,44,56,68,80,92,104,114,115,113,30,31,116,29,32
1:1:40,52,64,76,88,100,112,28,125,126,127,128,124
Quality
0
I1122 20:04:32.667518  6216 ClientNetworkLayer.cpp:91] Request (sender) -->Tiles
1:0:42,43,54,55,66,67,78,79,90,91,102,103,41,53,65,77,89,101,44,56,68,80,92,104,114,115,113,30,31,116,29,32
1:1:40,52,64,76,88,100,112,28,125,126,127,128,124
Quality
0
I1122 20:04:32.767783  6216 ClientNetworkLayer.cpp:91] Request (sender) -->Tiles
1:0:42,43,54,55,66,67,78,79,90,91,102,103,41,53,65,77,89,101,44,56,68,80,92,104,114,115,113,30,31,116,29,32
1:1:40,52,64,76,88,100,112,28,125,126,127,128,124
Quality
0
I1122 20:04:32.867647  6216 ClientNetworkLayer.cpp:91] Request (sender) -->Tiles
1:0:42,43,54,55,66,67,78,79,90,91,102,103,41,53,65,77,89,101,44,56,68,80,92,104,114,115,113,30,31,116,29,32
1:1:40,52,64,76,88,100,112,28,125,126,127,128,124
Quality
0
I1122 20:04:32.967684  6216 ClientNetworkLayer.cpp:91] Request (sender) -->Tiles
1:0:42,43,54,55,66,67,78,79,90,91,102,103,41,53,65,77,89,101,44,56,68,80,92,104,114,115,113,30,31,116,29,32
1:1:40,52,64,76,88,100,112,28,125,126,127,128,124
Quality
0
I1122 20:04:33.067633  6216 ClientNetworkLayer.cpp:91] Request (sender) -->Tiles
1:0:42,43,54,55,66,67,78,79,90,91,102,103,41,53,65,77,89,101,44,56,68,80,92,104,114,115,113,30,31,116,29,32
1:1:40,52,64,76,88,100,112,28,125,126,127,128,124
Quality
0
I1122 20:04:33.167726  6216 ClientNetworkLayer.cpp:91] Request (sender) -->Tiles
1:0:42,43,54,55,66,67,78,79,90,91,102,103,41,53,65,77,89,101,44,56,68,80,92,104,114,115,113,30,31,116,29,32
1:1:40,52,64,76,88,100,112,28,125,126,127,128,124
Quality
0
I1122 20:04:33.267807  6216 ClientNetworkLayer.cpp:91] Request (sender) -->Tiles
1:0:42,43,54,55,66,67,78,79,90,91,102,103,41,53,65,77,89,101,44,56,68,80,92,104,114,115,113,30,31,116,29,32
1:1:40,52,64,76,88,100,112,28,125,126,127,128,124
Quality
0
I1122 20:04:33.367512  6216 ClientNetworkLayer.cpp:91] Request (sender) -->Tiles
1:0:42,43,54,55,66,67,78,79,90,91,102,103,41,53,65,77,89,101,44,56,68,80,92,104,114,115,113,30,31,116,29,32
1:1:40,52,64,76,88,100,112,28,125,126,127,128,124
Quality
0
I1122 20:04:33.467469  6216 ClientNetworkLayer.cpp:91] Request (sender) -->Tiles
1:0:42,43,54,55,66,67,78,79,90,91,102,103,41,53,65,77,89,101,44,56,68,80,92,104,114,115,113,30,31,116,29,32
1:1:40,52,64,76,88,100,112,28,125,126,127,128,124
Quality
0
I1122 20:04:33.567472  6216 ClientNetworkLayer.cpp:91] Request (sender) -->Tiles
1:0:42,43,54,55,66,67,78,79,90,91,102,103,41,53,65,77,89,101,44,56,68,80,92,104,114,115,113,30,31,116,29,32
1:1:40,52,64,76,88,100,112,28,125,126,127,128,124
Quality
0
I1122 20:04:33.667429  6216 ClientNetworkLayer.cpp:91] Request (sender) -->Tiles
1:0:42,43,54,55,66,67,78,79,90,91,102,103,41,53,65,77,89,101,44,56,68,80,92,104,114,115,113,30,31,116,29,32
1:1:40,52,64,76,88,100,112,28,125,126,127,128,124
Quality
0
I1122 20:04:33.767472  6216 ClientNetworkLayer.cpp:91] Request (sender) -->Tiles
1:0:42,43,54,55,66,67,78,79,90,91,102,103,41,53,65,77,89,101,44,56,68,80,92,104,114,115,113,30,31,116,29,32
1:1:40,52,64,76,88,100,112,28,125,126,127,128,124
Quality
0
I1122 20:04:33.867427  6216 ClientNetworkLayer.cpp:91] Request (sender) -->Tiles
1:0:42,43,54,55,66,67,78,79,90,91,102,103,41,53,65,77,89,101,44,56,68,80,92,104,114,115,113,30,31,116,29,32
1:1:40,52,64,76,88,100,112,28,125,126,127,128,124
Quality
0
I1122 20:04:33.967453  6216 ClientNetworkLayer.cpp:91] Request (sender) -->Tiles
1:0:42,43,54,55,66,67,78,79,90,91,102,103,41,53,65,77,89,101,44,56,68,80,92,104,114,115,113,30,31,116,29,32
1:1:40,52,64,76,88,100,112,28,125,126,127,128,124
Quality
0
I1122 20:04:34.067369  6216 ClientNetworkLayer.cpp:91] Request (sender) -->Tiles
1:0:42,43,54,55,66,67,78,79,90,91,102,103,41,53,65,77,89,101,44,56,68,80,92,104,114,115,113,30,31,116,29,32
1:1:40,52,64,76,88,100,112,28,125,126,127,128,124
Quality
0
I1122 20:04:34.167548  6216 ClientNetworkLayer.cpp:91] Request (sender) -->Tiles
1:0:42,43,54,55,66,67,78,79,90,91,102,103,41,53,65,77,89,101,44,56,68,80,92,104,114,115,113,30,31,116,29,32
1:1:40,52,64,76,88,100,112,28,125,126,127,128,124
Quality
0
I1122 20:04:34.267513  6216 ClientNetworkLayer.cpp:91] Request (sender) -->Tiles
1:0:42,43,54,55,66,67,78,79,90,91,102,103,41,53,65,77,89,101,44,56,68,80,92,104,114,115,113,30,31,116,29,32
1:1:40,52,64,76,88,100,112,28,125,126,127,128,124
Quality
0
I1122 20:04:34.367492  6216 ClientNetworkLayer.cpp:91] Request (sender) -->Tiles
1:0:42,43,54,55,66,67,78,79,90,91,102,103,41,53,65,77,89,101,44,56,68,80,92,104,114,115,113,30,31,116,29,32
1:1:40,52,64,76,88,100,112,28,125,126,127,128,124
Quality
0
I1122 20:04:34.467420  6216 ClientNetworkLayer.cpp:91] Request (sender) -->Tiles
1:0:42,43,54,55,66,67,78,79,90,91,102,103,41,53,65,77,89,101,44,56,68,80,92,104,114,115,113,30,31,116,29,32
1:1:40,52,64,76,88,100,112,28,125,126,127,128,124
Quality
0
I1122 20:04:34.567451  6216 ClientNetworkLayer.cpp:91] Request (sender) -->Tiles
1:0:42,43,54,55,66,67,78,79,90,91,102,103,41,53,65,77,89,101,44,56,68,80,92,104,114,115,113,30,31,116,29,32
1:1:40,52,64,76,88,100,112,28,125,126,127,128,124
Quality
0
I1122 20:04:34.667414  6216 ClientNetworkLayer.cpp:91] Request (sender) -->Tiles
1:0:42,43,54,55,66,67,78,79,90,91,102,103,41,53,65,77,89,101,44,56,68,80,92,104,114,115,113,30,31,116,29,32
1:1:40,52,64,76,88,100,112,28,125,126,127,128,124
Quality
0
I1122 20:04:34.767402  6216 ClientNetworkLayer.cpp:91] Request (sender) -->Tiles
1:0:42,43,54,55,66,67,78,79,90,91,102,103,41,53,65,77,89,101,44,56,68,80,92,104,114,115,113,30,31,116,29,32
1:1:40,52,64,76,88,100,112,28,125,126,127,128,124
Quality
0
I1122 20:04:34.867452  6216 ClientNetworkLayer.cpp:91] Request (sender) -->Tiles
1:0:42,43,54,55,66,67,78,79,90,91,102,103,41,53,65,77,89,101,44,56,68,80,92,104,114,115,113,30,31,116,29,32
1:1:40,52,64,76,88,100,112,28,125,126,127,128,124
Quality
0
I1122 20:04:34.967365  6216 ClientNetworkLayer.cpp:91] Request (sender) -->Tiles
1:0:42,43,54,55,66,67,78,79,90,91,102,103,41,53,65,77,89,101,44,56,68,80,92,104,114,115,113,30,31,116,29,32
1:1:40,52,64,76,88,100,112,28,125,126,127,128,124
Quality
0
I1122 20:04:35.067416  6216 ClientNetworkLayer.cpp:91] Request (sender) -->Tiles
1:0:42,43,54,55,66,67,78,79,90,91,102,103,41,53,65,77,89,101,44,56,68,80,92,104,114,115,113,30,31,116,29,32
1:1:40,52,64,76,88,100,112,28,125,126,127,128,124
Quality
0
I1122 20:04:35.167457  6216 ClientNetworkLayer.cpp:91] Request (sender) -->Tiles
1:0:42,43,54,55,66,67,78,79,90,91,102,103,41,53,65,77,89,101,44,56,68,80,92,104,114,115,113,30,31,116,29,32
1:1:40,52,64,76,88,100,112,28,125,126,127,128,124
Quality
0
I1122 20:04:35.267428  6216 ClientNetworkLayer.cpp:91] Request (sender) -->Tiles
1:0:42,43,54,55,66,67,78,79,90,91,102,103,41,53,65,77,89,101,44,56,68,80,92,104,114,115,113,30,31,116,29,32
1:1:40,52,64,76,88,100,112,28,125,126,127,128,124
Quality
0
I1122 20:04:35.367403  6216 ClientNetworkLayer.cpp:91] Request (sender) -->Tiles
1:0:42,43,54,55,66,67,78,79,90,91,102,103,41,53,65,77,89,101,44,56,68,80,92,104,114,115,113,30,31,116,29,32
1:1:40,52,64,76,88,100,112,28,125,126,127,128,124
Quality
0
I1122 20:04:35.467453  6216 ClientNetworkLayer.cpp:91] Request (sender) -->Tiles
1:0:42,43,54,55,66,67,78,79,90,91,102,103,41,53,65,77,89,101,44,56,68,80,92,104,114,115,113,30,31,116,29,32
1:1:40,52,64,76,88,100,112,28,125,126,127,128,124
Quality
0
I1122 20:04:35.567427  6216 ClientNetworkLayer.cpp:91] Request (sender) -->Tiles
1:0:42,43,54,55,66,67,78,79,90,91,102,103,41,53,65,77,89,101,44,56,68,80,92,104,114,115,113,30,31,116,29,32
1:1:40,52,64,76,88,100,112,28,125,126,127,128,124
Quality
0
I1122 20:04:35.631008  6213 ClientNetworkLayer.cpp:232] Tile received[1-42]
I1122 20:04:35.641793  6213 ClientNetworkLayer.cpp:232] Tile received[1-43]
I1122 20:04:35.650270  6213 ClientNetworkLayer.cpp:232] Tile received[1-54]
I1122 20:04:35.660359  6213 ClientNetworkLayer.cpp:232] Tile received[1-55]
I1122 20:04:35.667590  6216 ClientNetworkLayer.cpp:91] Request (sender) -->Tiles
1:0:66,67,78,79,90,91,102,103,41,53,65,77,89,101,44,56,68,80,92,104,114,115,113,30,31,116,29,32
1:1:40,52,64,76,88,100,112,28,125,126,127,128,124
Quality
0
I1122 20:04:35.669870  6213 ClientNetworkLayer.cpp:232] Tile received[1-66]
I1122 20:04:35.678522  6213 ClientNetworkLayer.cpp:232] Tile received[1-67]
I1122 20:04:35.687176  6213 ClientNetworkLayer.cpp:232] Tile received[1-78]
I1122 20:04:35.697759  6213 ClientNetworkLayer.cpp:232] Tile received[1-79]
I1122 20:04:35.706367  6213 ClientNetworkLayer.cpp:232] Tile received[1-90]
I1122 20:04:35.718055  6213 ClientNetworkLayer.cpp:232] Tile received[1-91]
I1122 20:04:35.730861  6213 ClientNetworkLayer.cpp:232] Tile received[1-102]
I1122 20:04:35.743779  6213 ClientNetworkLayer.cpp:232] Tile received[1