Log file created at: 2021/11/22 20:05:48
Running on machine: ehab-OptiPlex-5070
Log line format: [IWEF]mmdd hh:mm:ss.uuuuuu threadid file:line] msg
I1122 20:05:48.328315  7025 ClientNetworkLayer.cpp:91] Request (sender) -->Tiles
1:0:42,43,54,55,66,67,78,79,90,91,102,103,41,53,65,77,89,101,44,56,68,80,92,104,114,115,113,30,31,116,29,32
1:1:40,52,64,76,88,100,112,28,125,126,127,128,124
Quality
0
I1122 20:05:48.426712  7025 ClientNetworkLayer.cpp:91] Request (sender) -->Tiles
1:0:42,43,54,55,66,67,78,79,90,91,102,103,41,53,65,77,89,101,44,56,68,80,92,104,114,115,113,30,31,116,29,32
1:1:40,52,64,76,88,100,112,28,125,126,127,128,124
Quality
0
I1122 20:05:48.526356  7025 ClientNetworkLayer.cpp:91] Request (sender) -->Tiles
1:0:42,43,54,55,66,67,78,79,90,91,102,103,41,53,65,77,89,101,44,56,68,80,92,104,114,115,113,30,31,116,29,32
1:1:40,52,64,76,88,100,112,28,125,126,127,128,124
Quality
0
I1122 20:05:48.626296  7025 ClientNetworkLayer.cpp:91] Request (sender) -->Tiles
1:0:42,43,54,55,66,67,78,79,90,91,102,103,41,53,65,77,89,101,44,56,68,80,92,104,114,115,113,30,31,116,29,32
1:1:40,52,64,76,88,100,112,28,125,126,127,128,124
Quality
0
I1122 20:05:48.726549  7025 ClientNetworkLayer.cpp:91] Request (sender) -->Tiles
1:0:42,43,54,55,66,67,78,79,90,91,102,103,41,53,65,77,89,101,44,56,68,80,92,104,114,115,113,30,31,116,29,32
1:1:40,52,64,76,88,100,112,28,125,126,127,128,124
Quality
0
I1122 20:05:48.826442  7025 ClientNetworkLayer.cpp:91] Request (sender) -->Tiles
1:0:42,43,54,55,66,67,78,79,90,91,102,103,41,53,65,77,89,101,44,56,68,80,92,104,114,115,113,30,31,116,29,32
1:1:40,52,64,76,88,100,112,28,125,126,127,128,124
Quality
0
I1122 20:05:48.926357  7025 ClientNetworkLayer.cpp:91] Request (sender) -->Tiles
1:0:42,43,54,55,66,67,78,79,90,91,102,103,41,53,65,77,89,101,44,56,68,80,92,104,114,115,113,30,31,116,29,32
1:1:40,52,64,76,88,100,112,28,125,126,127,128,124
Quality
0
I1122 20:05:49.026449  7025 ClientNetworkLayer.cpp:91] Request (sender) -->Tiles
1:0:42,43,54,55,66,67,78,79,90,91,102,103,41,53,65,77,89,101,44,56,68,80,92,104,114,115,113,30,31,116,29,32
1:1:40,52,64,76,88,100,112,28,125,126,127,128,124
Quality
0
I1122 20:05:49.126302  7025 ClientNetworkLayer.cpp:91] Request (sender) -->Tiles
1:0:42,43,54,55,66,67,78,79,90,91,102,103,41,53,65,77,89,101,44,56,68,80,92,104,114,115,113,30,31,116,29,32
1:1:40,52,64,76,88,100,112,28,125,126,127,128,124
Quality
0
I1122 20:05:49.226444  7025 ClientNetworkLayer.cpp:91] Request (sender) -->Tiles
1:0:42,43,54,55,66,67,78,79,90,91,102,103,41,53,65,77,89,101,44,56,68,80,92,104,114,115,113,30,31,116,29,32
1:1:40,52,64,76,88,100,112,28,125,126,127,128,124
Quality
0
I1122 20:05:49.326344  7025 ClientNetworkLayer.cpp:91] Request (sender) -->Tiles
1:0:42,43,54,55,66,67,78,79,90,91,102,103,41,53,65,77,89,101,44,56,68,80,92,104,114,115,113,30,31,116,29,32
1:1:40,52,64,76,88,100,112,28,125,126,127,128,124
Quality
0
I1122 20:05:49.426331  7025 ClientNetworkLayer.cpp:91] Request (sender) -->Tiles
1:0:42,43,54,55,66,67,78,79,90,91,102,103,41,53,65,77,89,101,44,56,68,80,92,104,114,115,113,30,31,116,29,32
1:1:40,52,64,76,88,100,112,28,125,126,127,128,124
Quality
0
I1122 20:05:49.526312  7025 ClientNetworkLayer.cpp:91] Request (sender) -->Tiles
1:0:42,43,54,55,66,67,78,79,90,91,102,103,41,53,65,77,89,101,44,56,68,80,92,104,114,115,113,30,31,116,29,32
1:1:40,52,64,76,88,100,112,28,125,126,127,128,124
Quality
0
I1122 20:05:49.626420  7025 ClientNetworkLayer.cpp:91] Request (sender) -->Tiles
1:0:42,43,54,55,66,67,78,79,90,91,102,103,41,53,65,77,89,101,44,56,68,80,92,104,114,115,113,30,31,116,29,32
1:1:40,52,64,76,88,100,112,28,125,126,127,128,124
Quality
0
I1122 20:05:49.726301  7025 ClientNetworkLayer.cpp:91] Request (sender) -->Tiles
1:0:42,43,54,55,66,67,78,79,90,91,102,103,41,53,65,77,89,101,44,56,68,80,92,104,114,115,113,30,31,116,29,32
1:1:40,52,64,76,88,100,112,28,125,126,127,128,124
Quality
0
I1122 20:05:49.826382  7025 ClientNetworkLayer.cpp:91] Request (sender) -->Tiles
1:0:42,43,54,55,66,67,78,79,90,91,102,103,41,53,65,77,89,101,44,56,68,80,92,104,114,115,113,30,31,116,29,32
1:1:40,52,64,76,88,100,112,28,125,126,127,128,124
Quality
0
I1122 20:05:49.926426  7025 ClientNetworkLayer.cpp:91] Request (sender) -->Tiles
1:0:42,43,54,55,66,67,78,79,90,91,102,103,41,53,65,77,89,101,44,56,68,80,92,104,114,115,113,30,31,116,29,32
1:1:40,52,64,76,88,100,112,28,125,126,127,128,124
Quality
0
I1122 20:05:50.026610  7025 ClientNetworkLayer.cpp:91] Request (sender) -->Tiles
1:0:42,43,54,55,66,67,78,79,90,91,102,103,41,53,65,77,89,101,44,56,68,80,92,104,114,115,113,30,31,116,29,32
1:1:40,52,64,76,88,100,112,28,125,126,127,128,124
Quality
0
I1122 20:05:50.126595  7025 ClientNetworkLayer.cpp:91] Request (sender) -->Tiles
1:0:42,43,54,55,66,67,78,79,90,91,102,103,41,53,65,77,89,101,44,56,68,80,92,104,114,115,113,30,31,116,29,32
1:1:40,52,64,76,88,100,112,28,125,126,127,128,124
Quality
0
I1122 20:05:50.226353  7025 ClientNetworkLayer.cpp:91] Request (sender) -->Tiles
1:0:42,43,54,55,66,67,78,79,90,91,102,103,41,53,65,77,89,101,44,56,68,80,92,104,114,115,113,30,31,116,29,32
1:1:40,52,64,76,88,100,112,28,125,126,127,128,124
Quality
0
I1122 20:05:50.326385  7025 ClientNetworkLayer.cpp:91] Request (sender) -->Tiles
1:0:42,43,54,55,66,67,78,79,90,91,102,103,41,53,65,77,89,101,44,56,68,80,92,104,114,115,113,30,31,116,29,32
1:1:40,52,64,76,88,100,112,28,125,126,127,128,124
Quality
0
I1122 20:05:50.426285  7025 ClientNetworkLayer.cpp:91] Request (sender) -->Tiles
1:0:42,43,54,55,66,67,78,79,90,91,102,103,41,53,65,77,89,101,44,56,68,80,92,104,114,115,113,30,31,116,29,32
1:1:40,52,64,76,88,100,112,28,125,126,127,128,124
Quality
0
I1122 20:05:50.526284  7025 ClientNetworkLayer.cpp:91] Request (sender) -->Tiles
1:0:42,43,54,55,66,67,78,79,90,91,102,103,41,53,65,77,89,101,44,56,68,80,92,104,114,115,113,30,31,116,29,32
1:1:40,52,64,76,88,100,112,28,125,126,127,128,124
Quality
0
I1122 20:05:50.626289  7025 ClientNetworkLayer.cpp:91] Request (sender) -->Tiles
1:0:42,43,54,55,66,67,78,79,90,91,102,103,41,53,65,77,89,101,44,56,68,80,92,104,114,115,113,30,31,116,29,32
1:1:40,52,64,76,88,100,112,28,125,126,127,128,124
Quality
0
I1122 20:05:50.726291  7025 ClientNetworkLayer.cpp:91] Request (sender) -->Tiles
1:0:42,43,54,55,66,67,78,79,90,91,102,103,41,53,65,77,89,101,44,56,68,80,92,104,114,115,113,30,31,116,29,32
1:1:40,52,64,76,88,100,112,28,125,126,127,128,124
Quality
0
I1122 20:05:50.826293  7025 ClientNetworkLayer.cpp:91] Request (sender) -->Tiles
1:0:42,43,54,55,66,67,78,79,90,91,102,103,41,53,65,77,89,101,44,56,68,80,92,104,114,115,113,30,31,116,29,32
1:1:40,52,64,76,88,100,112,28,125,126,127,128,124
Quality
0
I1122 20:05:50.926295  7025 ClientNetworkLayer.cpp:91] Request (sender) -->Tiles
1:0:42,43,54,55,66,67,78,79,90,91,102,103,41,53,65,77,89,101,44,56,68,80,92,104,114,115,113,30,31,116,29,32
1:1:40,52,64,76,88,100,112,28,125,126,127,128,124
Quality
0
I1122 20:05:51.026350  7025 ClientNetworkLayer.cpp:91] Request (sender) -->Tiles
1:0:42,43,54,55,66,67,78,79,90,91,102,103,41,53,65,77,89,101,44,56,68,80,92,104,114,115,113,30,31,116,29,32
1:1:40,52,64,76,88,100,112,28,125,126,127,128,124
Quality
0
I1122 20:05:51.126300  7025 ClientNetworkLayer.cpp:91] Request (sender) -->Tiles
1:0:42,43,54,55,66,67,78,79,90,91,102,103,41,53,65,77,89,101,44,56,68,80,92,104,114,115,113,30,31,116,29,32
1:1:40,52,64,76,88,100,112,28,125,126,127,128,124
Quality
0
I1122 20:05:51.226783  7025 ClientNetworkLayer.cpp:91] Request (sender) -->Tiles
1:0:42,43,54,55,66,67,78,79,90,91,102,103,41,53,65,77,89,101,44,56,68,80,92,104,114,115,113,30,31,116,29,32
1:1:40,52,64,76,88,100,112,28,125,126,127,128,124
Quality
0
I1122 20:05:51.326658  7025 ClientNetworkLayer.cpp:91] Request (sender) -->Tiles
1:0:42,43,54,55,66,67,78,79,90,91,102,103,41,53,65,77,89,101,44,56,68,80,92,104,114,115,113,30,31,116,29,32
1:1:40,52,64,76,88,100,112,28,125,126,127,128,124
Quality
0
I1122 20:05:51.426864  7025 ClientNetworkLayer.cpp:91] Request (sender) -->Tiles
1:0:42,43,54,55,66,67,78,79,90,91,102,103,41,53,65,77,89,101,44,56,68,80,92,104,114,115,113,30,31,116,29,32
1:1:40,52,64,76,88,100,112,28,125,126,127,128,124
Quality
0
I1122 20:05:51.527328  7025 ClientNetworkLayer.cpp:91] Request (sender) -->Tiles
1:0:42,43,54,55,66,67,78,79,90,91,102,103,41,53,65,77,89,101,44,56,68,80,92,104,114,115,113,30,31,116,29,32
1:1:40,52,64,76,88,100,112,28,125,126,127,128,124
Quality
0
I1122 20:05:51.627552  7025 ClientNetworkLayer.cpp:91] Request (sender) -->Tiles
1:0:42,43,54,55,66,67,78,79,90,91,102,103,41,53,65,77,89,101,44,56,68,80,92,104,114,115,113,30,31,116,29,32
1:1:40,52,64,76,88,100,112,28,125,126,127,128,124
Quality
0
I1122 20:05:51.727372  7025 ClientNetworkLayer.cpp:91] Request (sender) -->Tiles
1:0:42,43,54,55,66,67,78,79,90,91,102,103,41,53,65,77,89,101,44,56,68,80,92,104,114,115,113,30,31,116,29,32
1:1:40,52,64,76,88,100,112,28,125,126,127,128,124
Quality
0
I1122 20:05:51.827059  7025 ClientNetworkLayer.cpp:91] Request (sender) -->Tiles
1:0:42,43,54,55,66,67,78,79,90,91,102,103,41,53,65,77,89,101,44,56,68,80,92,104,114,115,113,30,31,116,29,32
1:1:40,52,64,76,88,100,112,28,125,126,127,128,124
Quality
0
I1122 20:05:51.927037  7025 ClientNetworkLayer.cpp:91] Request (sender) -->Tiles
1:0:42,43,54,55,66,67,78,79,90,91,102,103,41,53,65,77,89,101,44,56,68,80,92,104,114,115,113,30,31,116,29,32
1:1:40,52,64,76,88,100,112,28,125,126,127,128,124
Quality
0
I1122 20:05:52.026734  7025 ClientNetworkLayer.cpp:91] Request (sender) -->Tiles
1:0:42,43,54,55,66,67,78,79,90,91,102,103,41,53,65,77,89,101,44,56,68,80,92,104,114,115,113,30,31,116,29,32
1:1:40,52,64,76,88,100,112,28,125,126,127,128,124
Quality
0
I1122 20:05:52.126890  7025 ClientNetworkLayer.cpp:91] Request (sender) -->Tiles
1:0:42,43,54,55,66,67,78,79,90,91,102,103,41,53,65,77,89,101,44,56,68,80,92,104,114,115,113,30,31,116,29,32
1:1:40,52,64,76,88,100,112,28,125,126,127,128,124
Quality
0
I1122 20:05:52.227058  7025 ClientNetworkLayer.cpp:91] Request (sender) -->Tiles
1:0:42,43,54,55,66,67,78,79,90,91,102,103,41,53,65,77,89,101,44,56,68,80,92,104,114,115,113,30,31,116,29,32
1:1:40,52,64,76,88,100,112,28,125,126,127,128,124
Quality
0
I1122 20:05:52.228922  7022 ClientNetworkLayer.cpp:232] Tile received[1-42]
I1122 20:05:52.231717  7022 ClientNetworkLayer.cpp:232] Tile received[1-43]
I1122 20:05:52.236094  7022 ClientNetworkLayer.cpp:232] Tile received[1-54]
I1122 20:05:52.240659  7022 ClientNetworkLayer.cpp:232] Tile received[1-55]
I1122 20:05:52.243953  7022 ClientNetworkLayer.cpp:232] Tile received[1-66]
I1122 20:05:52.247174  7022 ClientNetworkLayer.cpp:232] Tile received[1-67]
I1122 20:05:52.250502  7022 ClientNetworkLayer.cpp:232] Tile received[1-78]
I1122 20:05:52.253937  7022 ClientNetworkLayer.cpp:232] Tile received[1-79]
I1122 20:05:52.257184  7022 ClientNetworkLayer.cpp:232] Tile received[1-90]
I1122 20:05:52.261801  7022 ClientNetworkLayer.cpp:232] Tile received[1-91]
I1122 20:05:52.265094  7022 ClientNetworkLayer.cpp:232] Tile received[1-102]
I1122 20:05:52.269675  7022 ClientNetworkLayer.cpp:232] Tile received[1-103]
I1122 20:05:52.274046  7022 ClientNetworkLayer.cpp:232] Tile received[1-41]
I1122 20:05:52.278589  7022 ClientNetworkLayer.cpp:232] Tile received[1-53]
I1122 20:05:52.281826  7022 ClientNetworkLayer.cpp:232] Tile received[1-65]
I1122 20:05:52.286379  7022 ClientNetworkLayer.cpp:232] Tile received[1-77]
I1122 20:05:52.290665  7022 ClientNetworkLayer.cpp:232] Tile received[1-89]
I1122 20:05:52.295120  7022 ClientNetworkLayer.cpp:232] Tile received[1-101]
I1122 20:05:52.299479  7022 ClientNetworkLayer.cpp:232] Tile received[1-44]
I1122 20:05:52.304102  7022 ClientNetworkLayer.cpp:232] Tile received[1-56]
I1122 20:05:52.306509  7022 ClientNetworkLayer.cpp:232] Tile received[1-68]
I1122 20:05:52.310390  7022 ClientNetworkLayer.cpp:232] Tile received[1-80]
I1122 20:05:52.313730  7022 ClientNetworkLayer.cpp:232] Tile received[1-92]
I1122 20:05:52.320422  7022 ClientNetworkLayer.cpp:232] Tile received[1-104]
I1122 20:05:52.323654  7022 ClientNetworkLayer.cpp:232] Tile received[1-114]
I1122 20:05:52.327348  7025 ClientNetworkLayer.cpp:91] Request (sender) -->Tiles
1:0:115,113,30,31,116,29,32
1:1:40,52,64,76,88,100,112,28,125,126,127,128,124
Quality
0
I1122 20:05:52.331993  7022 ClientNetworkLayer.cpp:232] Tile received[1-115]
I1122 20:05:52.334617  7022 ClientNetworkLayer.cpp:232] Tile received[1-113]
I1122 20:05:52.339990  7022 ClientNetworkLayer.cpp:232] Tile received[1-30]
I1122 20:05:52.343410  7022 ClientNetworkLayer.cpp:232] Tile received[1-31]
I1122 20:05:52.350020  7022 ClientNetworkLayer.cpp:232] Tile received[1-116]
I1122 20:05:52.354480  7022 ClientNetworkLayer.cpp:232] Tile received[1-29]
I1122 20:05:52.360117  7022 ClientNetworkLay