2
3
5
6
8
9
11
12
13
15
16
18
19
21
22
23
25
26
28
29
31
32
33
35
36
38
39
41
42
43
45
46
48
49
51
52
53
55
56
58
59
61
62
63
65
66
68
69
71
72
73
75
76
78
79
81
82
83
85
86
88
89
91
92
93
95
96
98
99
101
102
103
105
106
108
109
111
112
114
115
116
118
119
121
122
124
125
126
128
129
131
132
134
135
136
138
139
141
142
144
145
146
148
149
151
152
154
155
156
158
159
161
162
164
165
166
168
169
171
172
174
175
176
178
179
181
182
184
185
186
188
189
191
192
194
195
196
198
199
201
202
204
205
206
208
209
211
212
214
215
217
218
219
221
222
224
225
227
228
229
231
232
234
235
237
238
239
241
242
244
245
247
248
249
251
252
254
255
257
258
259
261
262
264
265
267
268
269
271
272
274
275
277
278
279
281
282
284
285
287
288
289
291
292
294
295
297
298
299
301
302
304
305
307
308
309
311
312
314
315
317
318
320
321
322
324
325
327
328
330
331
332
334
335
337
338
340
341
342
344
345
347
348
350
351
352
354
355
357
358
360
361
362
364
365
367
368
370
371
372
374
375
377
378
380
381
382
384
385
387
388
390
391
392
394
395
397
398
400
401
402
404
405
407
408
410
411
412
414
415
417
418
420
421
423
424
425
427
428
430
431
433
434
435
437
438
440
441
443
444
445
447
448
450
451
453
454
455
457
458
460
461
463
464
465
467
468
470
471
473
474
475
477
478
480
481
483
484
485
487
488
490
491
493
494
495
497
498
500
501
503
504
505
507
508
510
511
513
514
515
517
518
520
521
523
524
525
527
528
530
531
533
534
536
537
538
540
541
543
544
546
547
548
550
551
553
554
556
557
558
560
561
563
564
566
567
568
570
571
573
574
576
577
578
580
581
583
584
586
587
588
590
591
593
594
596
597
598
600
601
603
604
606
607
608
610
611
613
614
616
617
618
620
621
623
624
626
627
628
630
631
633
634
636
637
639
640
641
643
644
646
647
649
650
651
653
654
656
657
659
660
661
663
664
666
667
669
670
671
673
674
676
677
679
680
681
683
684
686
687
689
690
691
693
694
696
697
699
700
701
703
704
706
707
709
710
711
713
714
716
717
719
720
721
723
724
726
727
729
730
731
733
734
736
737
739
740
742
743
744
746
747
749
750
752
753
754
756
757
759
760
762
763
764
766
767
769
770
772
773
774
776
777
779
780
782
783
784
786
787
789
790
792
793
794
796
797
799
800
802
803
804
806
807
809
810
812
813
814
816
817
819
820
822
823
824
826
827
829
830
832
833
834
836
837
839
840
842
843
845
846
847
849
850
852
853
855
856
857
859
860
862
863
865
866
867
869
870
872
873
875
876
877
879
880
882
883
885
886
887
889
890
892
893
895
896
897
899
900
902
903
905
906
907
909
910
912
913
915
916
917
919
920
922
923
925
926
927
929
930
932
933
935
936
937
939
940
942
943
945
946
947
949
950
952
953
955
956
958
959
960
962
963
965
966
968
969
970
972
973
975
976
978
979
980
982
983
985
986
988
989
990
992
993
995
996
998
999
1000
