4
8
12
15
19
23
26
30
34
37
41
45
48
52
56
60
63
67
71
74
78
82
85
89
93
96
100
104
108
111
115
119
122
126
130
133
137
141
144
148
152
156
159
163
167
170
174
178
181
185
189
192
196
200
204
207
211
215
218
222
226
229
233
237
240
244
248
252
255
259
263
266
270
274
277
281
285
288
292
296
300
303
307
311
314
318
322
325
329
333
336
340
344
348
351
355
359
362
366
370
373
377
381
384
388
392
396
399
403
407
410
414
418
421
425
429
432
436
440
443
447
451
455
458
462
466
469
473
477
480
484
488
491
495
499
503
506
510
514
517
521
525
528
532
536
539
543
547
551
554
558
562
565
569
573
576
580
584
587
591
595
599
602
606
610
613
617
621
624
628
632
635
639
643
647
650
654
658
661
665
669
672
676
680
683
687
691
695
698
702
706
709
713
717
720
724
728
731
735
739
743
746
750
754
757
761
765
768
772
776
779
783
787
791
794
798
802
805
809
813
816
820
824
827
831
835
839
842
846
850
853
857
861
864
868
872
875
879
883
886
890
894
898
901
905
909
912
916
920
923
927
931
934
938
942
946
949
953
957
960
964
968
971
975
979
982
986
990
994
997
1001
