2
3
5
6
7
9
10
11
13
14
15
17
18
19
21
22
23
25
26
27
29
30
31
33
34
36
37
38
40
41
42
44
45
46
48
49
50
52
53
54
56
57
58
60
61
62
64
65
66
68
69
71
72
73
75
76
77
79
80
81
83
84
85
87
88
89
91
92
93
95
96
97
99
100
101
103
104
106
107
108
110
111
112
114
115
116
118
119
120
122
123
124
126
127
128
130
131
132
134
135
136
138
139
141
142
143
145
146
147
149
150
151
153
154
155
157
158
159
161
162
163
165
166
167
169
170
171
173
174
176
177
178
180
181
182
184
185
186
188
189
190
192
193
194
196
197
198
200
201
202
204
205
206
208
209
211
212
213
215
216
217
219
220
221
223
224
225
227
228
229
231
232
233
235
236
237
239
240
241
243
244
246
247
248
250
251
252
254
255
256
258
259
260
262
263
264
266
267
268
270
271
272
274
275
277
278
279
281
282
283
285
286
287
289
290
291
293
294
295
297
298
299
301
302
303
305
306
307
309
310
312
313
314
316
317
318
320
321
322
324
325
326
328
329
330
332
333
334
336
337
338
340
341
342
344
345
347
348
349
351
352
353
355
356
357
359
360
361
363
364
365
367
368
369
371
372
373
375
376
377
379
380
382
383
384
386
387
388
390
391
392
394
395
396
398
399
400
402
403
404
406
407
408
410
411
412
414
415
417
418
419
421
422
423
425
426
427
429
430
431
433
434
435
437
438
439
441
442
443
445
446
447
449
450
452
453
454
456
457
458
460
461
462
464
465
466
468
469
470
472
473
474
476
477
478
480
481
482
484
485
487
488
489
491
492
493
495
496
497
499
500
501
503
504
505
507
508
509
511
512
513
515
516
518
519
520
522
523
524
526
527
528
530
531
532
534
535
536
538
539
540
542
543
544
546
547
548
550
551
553
554
555
557
558
559
561
562
563
565
566
567
569
570
571
573
574
575
577
578
579
581
582
583
585
586
588
589
590
592
593
594
596
597
598
600
601
602
604
605
606
608
609
610
612
613
614
616
617
618
620
621
623
624
625
627
628
629
631
632
633
635
636
637
639
640
641
643
644
645
647
648
649
651
652
653
655
656
658
659
660
662
663
664
666
667
668
670
671
672
674
675
676
678
679
680
682
683
684
686
687
688
690
691
693
694
695
697
698
699
701
702
703
705
706
707
709
710
711
713
714
715
717
718
719
721
722
723
725
726
728
729
730
732
733
734
736
737
738
740
741
742
744
745
746
748
749
750
752
753
754
756
757
759
760
761
763
764
765
767
768
769
771
772
773
775
776
777
779
780
781
783
784
785
787
788
789
791
792
794
795
796
798
799
800
802
803
804
806
807
808
810
811
812
814
815
816
818
819
820
822
823
824
826
827
829
830
831
833
834
835
837
838
839
841
842
843
845
846
847
849
850
851
853
854
855
857
858
859
861
862
864
865
866
868
869
870
872
873
874
876
877
878
880
881
882
884
885
886
888
889
890
892
893
894
896
897
899
900
901
903
904
905
907
908
909
911
912
913
915
916
917
919
920
921
923
924
925
927
928
929
931
932
934
935
936
938
939
940
942
943
944
946
947
948
950
951
952
954
955
956
958
959
960
962
963
964
966
967
969
970
971
973
974
975
977
978
979
981
982
983
985
986
987
989
990
991
993
994
995
997
998
1000
1001
