2
4
5
7
9
10
12
14
15
17
18
20
22
23
25
27
28
30
32
33
35
36
38
40
41
43
45
46
48
50
51
53
54
56
58
59
61
63
64
66
68
69
71
72
74
76
77
79
81
82
84
86
87
89
90
92
94
95
97
99
100
102
103
105
107
108
110
112
113
115
117
118
120
121
123
125
126
128
130
131
133
135
136
138
139
141
143
144
146
148
149
151
153
154
156
157
159
161
162
164
166
167
169
171
172
174
175
177
179
180
182
184
185
187
189
190
192
193
195
197
198
200
202
203
205
206
208
210
211
213
215
216
218
220
221
223
224
226
228
229
231
233
234
236
238
239
241
242
244
246
247
249
251
252
254
256
257
259
260
262
264
265
267
269
270
272
274
275
277
278
280
282
283
285
287
288
290
292
293
295
296
298
300
301
303
305
306
308
309
311
313
314
316
318
319
321
323
324
326
327
329
331
332
334
336
337
339
341
342
344
345
347
349
350
352
354
355
357
359
360
362
363
365
367
368
370
372
373
375
377
378
380
381
383
385
386
388
390
391
393
395
396
398
399
401
403
404
406
408
409
411
412
414
416
417
419
421
422
424
426
427
429
430
432
434
435
437
439
440
442
444
445
447
448
450
452
453
455
457
458
460
462
463
465
466
468
470
471
473
475
476
478
480
481
483
484
486
488
489
491
493
494
496
498
499
501
502
504
506
507
509
511
512
514
515
517
519
520
522
524
525
527
529
530
532
533
535
537
538
540
542
543
545
547
548
550
551
553
555
556
558
560
561
563
565
566
568
569
571
573
574
576
578
579
581
583
584
586
587
589
591
592
594
596
597
599
600
602
604
605
607
609
610
612
614
615
617
618
620
622
623
625
627
628
630
632
633
635
636
638
640
641
643
645
646
648
650
651
653
654
656
658
659
661
663
664
666
668
669
671
672
674
676
677
679
681
682
684
686
687
689
690
692
694
695
697
699
700
702
703
705
707
708
710
712
713
715
717
718
720
721
723
725
726
728
730
731
733
735
736
738
739
741
743
744
746
748
749
751
753
754
756
757
759
761
762
764
766
767
769
771
772
774
775
777
779
780
782
784
785
787
789
790
792
793
795
797
798
800
802
803
805
806
808
810
811
813
815
816
818
820
821
823
824
826
828
829
831
833
834
836
838
839
841
842
844
846
847
849
851
852
854
856
857
859
860
862
864
865
867
869
870
872
874
875
877
878
880
882
883
885
887
888
890
892
893
895
896
898
900
901
903
905
906
908
909
911
913
914
916
918
919
921
923
924
926
927
929
931
932
934
936
937
939
941
942
944
945
947
949
950
952
954
955
957
959
960
962
963
965
967
968
970
972
973
975
977
978
980
981
983
985
986
988
990
991
993
995
996
998
999
1001
