2
4
6
8
10
12
13
15
17
19
21
23
24
26
28
30
32
34
36
37
39
41
43
45
47
48
50
52
54
56
58
60
61
63
65
67
69
71
72
74
76
78
80
82
84
85
87
89
91
93
95
96
98
100
102
104
106
108
109
111
113
115
117
119
120
122
124
126
128
130
132
133
135
137
139
141
143
144
146
148
150
152
154
156
157
159
161
163
165
167
168
170
172
174
176
178
180
181
183
185
187
189
191
192
194
196
198
200
202
204
205
207
209
211
213
215
216
218
220
222
224
226
228
229
231
233
235
237
239
240
242
244
246
248
250
252
253
255
257
259
261
263
264
266
268
270
272
274
276
277
279
281
283
285
287
288
290
292
294
296
298
300
301
303
305
307
309
311
312
314
316
318
320
322
324
325
327
329
331
333
335
336
338
340
342
344
346
348
349
351
353
355
357
359
360
362
364
366
368
370
372
373
375
377
379
381
383
384
386
388
390
392
394
396
397
399
401
403
405
407
408
410
412
414
416
418
420
421
423
425
427
429
431
432
434
436
438
440
442
443
445
447
449
451
453
455
456
458
460
462
464
466
467
469
471
473
475
477
479
480
482
484
486
488
490
491
493
495
497
499
501
503
504
506
508
510
512
514
515
517
519
521
523
525
527
528
530
532
534
536
538
539
541
543
545
547
549
551
552
554
556
558
560
562
563
565
567
569
571
573
575
576
578
580
582
584
586
587
589
591
593
595
597
599
600
602
604
606
608
610
611
613
615
617
619
621
623
624
626
628
630
632
634
635
637
639
641
643
645
647
648
650
652
654
656
658
659
661
663
665
667
669
671
672
674
676
678
680
682
683
685
687
689
691
693
695
696
698
700
702
704
706
707
709
711
713
715
717
719
720
722
724
726
728
730
731
733
735
737
739
741
743
744
746
748
750
752
754
755
757
759
761
763
765
767
768
770
772
774
776
778
779
781
783
785
787
789
791
792
794
796
798
800
802
803
805
807
809
811
813
815
816
818
820
822
824
826
827
829
831
833
835
837
839
840
842
844
846
848
850
851
853
855
857
859
861
862
864
866
868
870
872
874
875
877
879
881
883
885
886
888
890
892
894
896
898
899
901
903
905
907
909
910
912
914
916
918
920
922
923
925
927
929
931
933
934
936
938
940
942
944
946
947
949
951
953
955
957
958
960
962
964
966
968
970
971
973
975
977
979
981
982
984
986
988
990
992
994
995
997
999
1001
