3
6
8
11
13
16
18
21
23
26
28
31
34
36
39
41
44
46
49
51
54
56
59
62
64
67
69
72
74
77
79
82
84
87
90
92
95
97
100
102
105
107
110
112
115
117
120
123
125
128
130
133
135
138
140
143
145
148
151
153
156
158
161
163
166
168
171
173
176
179
181
184
186
189
191
194
196
199
201
204
206
209
212
214
217
219
222
224
227
229
232
234
237
240
242
245
247
250
252
255
257
260
262
265
268
270
273
275
278
280
283
285
288
290
293
296
298
301
303
306
308
311
313
316
318
321
323
326
329
331
334
336
339
341
344
346
349
351
354
357
359
362
364
367
369
372
374
377
379
382
385
387
390
392
395
397
400
402
405
407
410
412
415
418
420
423
425
428
430
433
435
438
440
443
446
448
451
453
456
458
461
463
466
468
471
474
476
479
481
484
486
489
491
494
496
499
501
504
507
509
512
514
517
519
522
524
527
529
532
535
537
540
542
545
547
550
552
555
557
560
563
565
568
570
573
575
578
580
583
585
588
591
593
596
598
601
603
606
608
611
613
616
618
621
624
626
629
631
634
636
639
641
644
646
649
652
654
657
659
662
664
667
669
672
674
677
680
682
685
687
690
692
695
697
700
702
705
707
710
713
715
718
720
723
725
728
730
733
735
738
741
743
746
748
751
753
756
758
761
763
766
769
771
774
776
779
781
784
786
789
791
794
797
799
802
804
807
809
812
814
817
819
822
824
827
830
832
835
837
840
842
845
847
850
852
855
858
860
863
865
868
870
873
875
878
880
883
886
888
891
893
896
898
901
903
906
908
911
913
916
919
921
924
926
929
931
934
936
939
941
944
947
949
952
954
957
959
962
964
967
969
972
975
977
980
982
985
987
990
992
995
997
1000
