176.34640456393913,92.85558639948023
176.1228915703282,93.17631728130115
176.18781797322927,93.04303955310505
176.42314733633978,92.76924692548252
176.73032940984103,92.32482902112224
177.01474668794074,91.81004111989195
177.08483077044278,91.64836656784536
177.05572782557323,91.7956079157494
176.90010769560655,92.25775978376417
176.56159833003846,92.93832325271579
175.83866066231863,93.63896158217294
175.21628524834514,94.0898925742025
174.0174986700252,94.47809348516287
173.22462267272053,94.65995980071182
172.45671955852674,94.83840810680886
171.42196950048674,95.28405701198318
170.80795775372007,95.75191803800273
169.97274333699366,96.27266516577903
169.5089999410269,96.42196421150479
169.15433131796183,96.55681080341921
168.56640021148007,96.66541577195648
168.18687650663006,96.64723548914523
167.6921638043629,96.65464896994561
167.52726632643942,96.76811481243561
167.51773849432348,96.97791006893613
167.8937649343491,97.30751171524021
168.31221025511908,97.53033176644581
169.33815320711736,98.04011785161187
170.2360858985618,98.39704576666753
171.29497562259996,98.95227872371142
173.01142120097828,100.35220043052296
174.3085400819935,101.69040572257956
176.01600181743095,103.03511171201863
179.25576625929133,104.53047883659856
181.17386930319245,105.46697692286642
183.64647523887984,106.27572058982042
184.81649153635874,106.68593687507543
185.5434203064176,107.00277446435443
186.31137303148563,107.30887004167289
186.75949163134655,107.61894182508087
187.40196175325548,108.05857565659043
187.87759368760334,108.35829200317792
188.3353045069729,108.65802076014583
188.7539785895651,109.44762373404046
189.02955814835056,109.98425567562384
189.3075876221851,110.96797275619082
189.17061776241403,111.6912693085505
188.63478599065442,112.52421175292817
187.57166718291097,113.33634656352642
187.06283788976458,113.31532104237729
186.31348667938087,113.02712299480245
185.73486612308983,112.74865653092772
185.09409496167598,112.46685277639946
183.91338854057216,112.08830181259418
183.00005557659503,111.82918204915515
181.6048842121046,111.42272379001041
180.66293054828932,111.23066638753636
179.76397269956126,111.07034228193838
178.4392711279391,110.67413526523374
177.0448662722942,109.95832958268275
174.50509627949492,108.51740408411203
169.12893089351508,105.45173595067186
164.33134575464683,103.35330157153392
156.230485931697,100.43099324313573
150.72948916101362,98.68888949977288
142.3240251238202,97.07293834896437
137.52882072789504,96.25485887589734
133.46411790131168,95.78978082533898
128.12263071272116,95.34082343926147
124.69838630618816,95.01128929249644
121.08675383140024,94.55833837238399
115.85787783475268,93.88420385634035
112.58000566681483,93.48756054478812
108.18068727847847,92.98157044812248
105.82717499859986,92.74208266304561
103.5985253695655,92.59607113601778
101.31398676721074,92.20201593311317
100.33408301378098,92.11298454360747
99.56127741136598,92.05591040835982
99.31313236279985,92.21127494791025
99.04643238257084,92.36048822470741
98.90065916774088,92.5559111591195
99.09305279640223,92.60300406739803
100.12368999276192,92.74713494474541
100.97914221949448,92.88834442671472
101.76700101142657,92.95263999690114
102.43568215721407,93.10516831960346
102.4656431745638,93.03140530610163
102.6098357495249,92.96294245541975
103.10905181262841,92.85874758557374
103.87189659419535,92.78846368575951
105.73634323042842,92.45084796772998
107.45714462682291,92.19921797309249
109.65170065665129,92.21055700383835
110.97404218582855,92.10391550852316
111.83869054903887,92.17542168637894
112.49068549652497,92.3285357247099
112.51839237185796,92.30620174112745
112.28891412439127,92.26475820738312
110.59792814015499,91.92836454079034
108.26923799509737,91.98132257662478
102.74396929580708,91.56031395136948
98.4207656427553,91.3327061441342
94.03914140236536,91.11467347255939
88.39634432396517,90.84721000178642
85.59965501882546,91.00594327490003
82.4638829433009,91.40617536564841
80.77615876997709,91.68591069834974
78.88624929459823,91.91055298742614
75.69030890992511,91.93211546210362
73.6430539075139,91.79946008889227
70.98258506205443,91.55240988331799
69.64200978301956,91.19453103636332
68.6505473898793,90.8384344872166
67.61109264406159,90.19870315745852
66.80704441568491,89.56914980648108
65.44752594758576,88.66639594230122
64.57483421033355,88.15383017917786
63.9598257729436,87.5743027437818
63.81085299333604,87.07241604555047
63.97561554840776,86.78884236037075
64.4107592246695,86.34061064060437
64.38903464063662,86.5790072671919
63.94883733567421,87.41310520091216
62.67834939051072,88.7916986440981
61.87930847865616,89.56092391176315
60.557872670275216,90.06903282404356
60.040348402594574,90.31018188218377
59.9617086182426,90.5609685478853
60.03456379261999,90.82093352037319
59.95256382852355,90.96265900792652
60.00484002964477,91.25184804732024
60.17369654520667,91.32310252886744
60.24179212537538,91.36862008219968
60.274611645780794,91.42702164395861
60.442540608562524,91.50258161047456
60.77750010708236,91.56495361798295
61.53260493701289,91.57292730221135
62.18870606216824,91.53010409546994
63.27854649017142,91.5118324456173
63.85580098461641,91.5788425514792
64.2175094291856,91.69398991916376
65.16000405942249,91.83501080048386
67.08867213173812,91.4742459190321
74.0084691690018,90.72729157130068
81.84107930853804,90.25876143125083
90.82070307699989,89.6584018016264
105.7369657954824,89.00030800353213
115.74371615049036,89.1694622076702
130.4729187794643,90.08586368212288
139.70306946415144,90.65588875814231
147.74582822950194,91.21346049294135
157.8436135514758,91.12460959952809
163.10144769951074,91.37518650005289
167.45908232879884,91.69065391434783
169.40629055476344,91.72134177756264
171.17434026565547,91.84940917515229
174.23814098325062,92.36745300400398
176.5333352747418,92.65512324785414
179.7915797842961,93.04165811289413
181.50628713233104,93.1590333627766
182.7629796567666,93.31883796781676
183.8210655601684,93.65033848357267
184.05366864913063,93.83803569568647
184.11652201586622,94.07195313789028
184.15691497427764,94.31913584615981
184.22907924682738,94.48348015756824
184.3056804178656,94.77100750333786
184.33049324792074,95.03566532397095
184.4235302625095,95.52861634159521
184.49100655737217,95.83196512793741
184.52251369547645,96.17796186895917
184.1915974760926,96.6481037449762
183.53601597215427,96.91010949654283
182.59791127060922,97.0666451088852
180.63125035389803,97.02955467238101
178.96271429334533,96.94008943547996
176.1567916130579,96.69137886840274
174.22028042429625,96.46522296948052
172.39466587818174,96.29532854889416
169.82554724679667,96.20430682871245
168.20968070013942,96.36131967840076
165.63674467659615,96.77917154455533
163.81709751485232,97.3060459964957
161.98186542220276,97.74545670001979
159.54442642796204,97.94889405454431
158.2037487490506,97.88780234867956
156.9298433856589,97.46307575577282
156.67296322669307,97.04399484570143
156.57474093906217,96.74344576798408
156.40162018321928,96.5069342256328
156.35852754318356,96.33248704573704
156.60785087166312,95.9123474377163
157.5159427940835,95.27459230272495
158.39548747308655,94.95375405813579
159.45124589981,95.04901069118083
159.76785067760113,95.27966398201406
159.33174313054073,95.37459807112685
158.05219799213882,95.3914153541561
156.19876911956155,95.1072100692603
153.05857268170467,94.67329207673562
150.9870246069396,94.44479505741717
148.42275483492608,94.23952756993845
147.23838385120598,94.07701998547213
146.47178726149596,93.92935139230238
145.92926259125508,93.88545086856885
145.6162474680766,93.90830221802308
145.4836736593035,93.9234454842978
145.30765786259983,93.93002458241173
145.26245837693838,93.95075014339037
145.33228498567755,93.93154332022408
145.39257797634377,93.94246424434097
145.50107359731822,93.92627393163194
145.78930870391784,93.90005363472365
146.4686869000634,93.82556633217519
148.7628412622989,93.82651995483297
151.13881189503854,93.89017440483033
153.9253821290174,93.92189235934622
158.79201956988672,94.13878634135416
161.9566602929988,94.5913082480245
165.50718158026828,95.28186230688348
167.02622197523704,95.56056842005621
168.0562479292201,95.7446525731711
169.15677719818478,95.71520125046435
169.64675442329738,95.65478236406827
170.21316784143633,95.65617664166216
170.45509932148084,95.72060563889663
170.5430502561395,95.83062655929923
170.52405122185294,95.84675804048986
170.48439779696423,95.76899436154795
170.38809576449216,95.59029975391239
170.35915027805044,95.54776185367658
170.36443197615378,95.55627329070946
170.4248840039184,95.63214415520031
170.39437607509115,95.68947030170573
170.10479863723953,95.72029442878004
169.84013480153507,95.65466367030905
169.62225639139243,95.64299259415151
169.47669382953785,95.64213172278396
169.4228266479201,95.62078582979132
169.4315975662912,95.5842389603699
169.47332603850742,95.57329188628164
169.51097572834385,95.57242554447922
169.53622303904447,95.57356400665633
169.5342733780873,95.59392571089602
169.52343185579096,95.60308562015196
169.51057194802607,95.60387408483759
169.5173976575513,95.5962542580543
169.5137146060052,95.57035696279706
169.5099087808909,95.56112039026979
169.51475215012357,95.54443084232535
170.0560225740396,95.52468465135273
170.77459174588319,95.66721230116765
171.54768353819586,95.74878109756943
172.09912499240872,95.64331660582974
173.82515608153284,95.22539873761288
179.86966732176919,94.91122172402451
186.57134710438993,94.22210716820321
200.3375597182252,93.3120819898908
208.3540222839059,93.22559679543393
214.5278800158423,93.29473635438082
221.3776043649526,93.84049321555277
225.11941285847183,94.14054346300699
229.70356064569177,94.93317584277672
232.32112660516887,95.60093318356401
234.80400840878747,96.1660121351332
238.1286793893314,96.45989294330387
240.44933742068673,96.51280911129594
243.28924537864725,96.76139314946768
244.47663983824964,96.92532990425079
245.0543105303829,97.01398238951866
245.60571925392333,97.01685014068612
246.05391538259428,97.11480881834228
246.97203208015662,97.1423421720319
247.54581084130194,97.2242610208317
247.9690366258672,97.31072973647808
247.9167655590208,97.43398395521888
247.74962011487798,97.45481107626694
247.28363398070263,97.49267986464854
246.28995366621854,97.9120422766196
245.42116795758085,98.11916650070908
243.3867527514284,98.51972964803566
241.5087379331615,98.90952742139139
238.99910427235224,99.49369455583607
234.05734786630765,100.62008961920512
230.31980990798482,101.12975344927246
224.3115815461341,101.76614923598767
220.7451157291616,101.90109819752651
218.02664255787974,101.90335456342166
215.59112007566455,101.51742485243426
215.1816937490941,101.48057718135644
215.05448853910505,101.60900975976183
214.89444068338912,101.84037932744575
214.09971868768827,102.1329852127917
211.89503389431582,102.74833026632403
209.81225867425562,103.25491208702618
206.1242287288199,104.20983816592823
203.4830175375031,104.98638228650108
200.72248909240048,105.82660738702255
196.98816843407627,106.63034553396363
195.44739191220958,106.48598502793757
194.30205274533557,106.06841647153641
193.21250731462268,105.65818121180999
192.84065641637042,105.62758773935258
192.74430212310008,105.66400931042713
192.80686302160976,105.68311118622616
193.12765143099455,105.72904572849569
193.46320889875074,105.81500412152015
193.74529750709635,106.01324418814634
193.82358356947907,106.30480704444898
193.67598909462245,106.49275641395914
193.62168699615495,106.44669937726641
193.41322377932394,106.11540657343625
193.36386891014865,105.65612402489475
193.3848660782521,104.08113019787962
193.05136344203896,102.74018919661827
192.36947509584866,101.72240734017473
190.7677278855698,100.88041898043069
189.38112780479153,100.45876670951442
186.61117917127393,99.36415339823405
183.81840018586456,97.82156385283821
180.6378989875279,95.91222808716984
176.87492755683343,93.57208806494596
175.34825820359518,92.80435867138948
174.40027884456052,92.3456577211102
174.4809234577584,92.22030556606553
174.7281354209378,92.21277588077837
175.17550240085166,92.18264894312468
175.4783193821382,92.2148982688583
176.1301336014381,92.47084599845692
176.74641949017283,92.6090934922947
177.43657566781872,92.76468985098158
178.5450324328786,92.79062257062074
179.36225954832412,92.67859820992973
180.76981278687947,92.41010576469365
182.2865524108015,92.3168286964534
184.37461371005247,92.54553139384066
189.32964278917208,92.93279411369004
193.28453244194827,93.49570786490195
197.46365902168412,94.01479309976796
202.96096580018255,94.2049170602418
205.27803953534112,93.75246356673753
207.44671635490107,92.75762689792793
208.5513731230707,92.2206459413038
209.70273457977225,91.79787111854938
211.88901538835884,91.66794222726948
213.1850804677788,91.615851260298
215.21947013072793,91.42800745152933
216.79296435776956,91.31973409882863
218.88557334987044,90.8952229036926
223.27014571147828,90.48559610025762
226.93037249980506,90.52843074302005
232.71514072119552,90.60813121047916
236.48128992684772,90.33281115535608
240.0242498722186,90.05417466771995
245.00097354717838,89.44633376709076
248.05955899568335,88.77872207292442
252.23007960815957,87.4859551896548
254.8653462277641,86.31596912994334
257.4721145368389,85.15343172111832
261.8381643760269,83.57939963047362
264.486268336766,83.25662623527825
268.5155334986054,82.7663821263101
270.76857519575606,82.58987285326148
272.4737435017358,82.36589550127859
274.5176997804286,82.00790882072185
275.6489440604084,82.26138066656097
277.4680965059266,82.47845403318625
278.70458105148384,82.63376219661173
279.8975054997626,82.58803786654117
281.403257175555,83.1283973177578
281.90554120591673,83.3900885523361
281.77273751014695,83.61954194214343
281.31415810452165,84.36064545118163
280.4241648615705,84.9486015725137
278.48379351494333,84.97226421663818
277.1298018447185,85.54043320040837
275.9434667302213,86.43095525595406
276.00832480320133,86.88642648697345
276.5708832928835,86.82596310362075
277.87945317354655,86.70680254369067
279.4595827272389,86.57621385905735
281.58730321594135,86.64668874198242
285.75282659709853,86.65101847029663
288.5297363792854,86.67787292153352
292.1334559782167,86.62925492673797
294.3550724735395,86.65575298336948
296.91815435673624,86.37399222728402
300.7886997872221,86.3669203301472
303.27352440644194,86.27150676232914
306.28751956179104,85.86253540241273
307.8503267575584,85.67042942440493
309.39180460245547,85.31854470653968
311.6006053285046,84.7854554726677
312.8138014510016,84.67033986825071
314.6755903434338,84.64474788767228
316.05708275883035,84.69772950772725
317.43916736564233,85.21192483619868
319.8499789200766,85.72436615416089
321.2559680125048,85.99671692711496
322.77181781103246,86.38103025561361
323.587727302249,86.62450612751826
324.6633318570084,86.7953327966979
326.7180246428552,87.24838915696715
328.160194525199,87.59614359266257
330.34508381393505,87.92198922804636
331.7962008585305,88.0767130476073
333.18100566669966,88.16509750924612
335.30230050706825,88.07727468768117
337.00481038456246,87.81113364902085
339.6979567439838,87.75898001744905
341.25605642626016,87.69865808205508
342.8353472682892,87.57110786403999
345.16305670326125,87.44646902721797
346.85127139606675,87.1158188734945
349.63099216993004,86.7777120230961
351.3456441541218,86.62905351052976
352.8690495190189,86.23787597181042
354.8846833032921,85.66199083984378
356.05389011150214,85.70763110959746
357.11770200537745,85.46669942224419
358.32492967235913,85.37097435886197
358.8183921591741,85.31521818945795
359.1092291633783,85.36733813231461
359.0196468500003,85.41156836492647
358.6848234478644,85.42246382407166
358.4481949776041,85.17913822326325
358.5810638169563,85.22831935964307
358.7836065484186,85.3160750439158
358.9018251835353,85.3659858424144
358.9344916692055,85.64193434812452
358.74063286542196,86.0394941198565
358.37670125522624,86.37726478010663
357.7379274177248,86.77263226199094
357.3498606771793,86.88672248323283
357.1518989971094,86.90193886696653
356.50307800433336,86.9323157824164
355.75165066103904,86.95853236251881
353.9429799168841,87.13795351071316
352.0450217051514,87.61637156701737
349.49016157666574,88.13787263034394
343.7827468005611,88.93876943624616
338.3392095727608,89.28158853600416
330.07616148053364,89.44834186283545
325.39764933122456,89.44908976007002
321.6675300883591,89.12975788206468
317.9667673482518,89.13106766374479
316.2572003255307,89.13762816023386
314.6175787402452,89.11873826763491
313.96726912748704,89.18511437018267
313.82780566194214,89.34164332946519
313.9976451106658,89.73195887716862
314.06939852158064,90.08235539817531
314.0657629771739,90.22588194679228
313.6645094794744,90.31074600981407
312.90262306378486,90.28439879049286
311.80058469205517,90.08193441471035
311.13237030232483,90.0407098190196
310.62535759398406,90.13713091224851
310.0170354720768,90.38657604473427
309.6555752460025,90.5019913646814
308.9586573214274,90.72786654069907
308.42813222884564,90.8881409189004
307.8750794424461,90.9553212165984
307.05976495644074,91.07548575528378
306.4789085462009,91.17583076391175
305.4621959454281,91.12339764538959
304.52780012461864,91.15895076547228
303.32662317785946,91.4370598615671
301.123326953605,91.84697240716416
299.3660759566968,92.03696968184519
296.37082507035177,92.32583204351359
294.1930484069189,92.47611995698335
291.71141531330585,92.7048467603781
287.3094134702605,93.17683796742898
284.1429631826228,93.38591919887745
279.2799941277573,93.55295654753637
275.91484913560816,93.85956397305137
272.7897525632752,94.33027053568489
268.679557378153,94.95235430688128
266.2389118666356,95.29345646844749
262.97709470148186,95.79098669672261
261.1159552647319,96.15847153361922
259.3800675572761,96.49782540173506
257.3243659508885,97.02000798153117
256.21474143804255,97.32060132791581
255.10106934965063,97.58040308313298
253.32892835019982,97.9130735944056
251.98476776656247,98.07575693875198
249.731112231078,98.32703404437481
248.36160845849827,98.48139647850702
247.20326592072786,98.52411957669311
245.77890082734544,98.42278853637626
244.7974508848531,98.35222670544421
243.08381994411087,98.34398962606015
241.43365163133606,98.34022389355295
239.1047451059023,98.13639901025743
233.99486175030668,97.83383314974911
230.4126673146975,97.68036098454365
226.34892418984268,97.7685049050241
224.93456870913363,98.1972223882411
224.89358454341345,98.95240706551269
227.29211140281063,99.82794231220261
229.75117689592366,100.18564003822573
233.52047476438187,100.09911877043201
235.65191486558297,99.77877149706734
237.5033238435209,99.6254924082683
239.606581005919,99.34788401435273
240.63884626471832,99.13302519744383
241.37248535174842,98.9110397860051
241.37159521139338,98.78532458192582
241.38552825868072,98.63404434245336
241.3957765691239,98.31324371858241
241.34384994387744,98.14529170055198
241.39989577356155,97.89266835100564
241.49172686836323,97.85668362971123
241.5389209040478,97.93504917486193
241.65866668425588,98.37271377076964
241.73978228684962,98.52742088089884
241.53482948061477,98.56814504203851
241.23502095256652,98.40371350771794
240.85467732500084,98.1565806981881
240.35108493806544,97.76771072707835
239.9528953929089,97.63055656225445
239.628011608172,97.55840510071441
239.2281287097432,97.27689112595087
239.1543332084916,97.19175932412595
238.99050526446715,96.73803365941535
239.09084099183772,95.65821769625167
239.02282421513823,95.8486459136211
238.73596959133133,97.07623158071044
238.68771485606933,97.59689100801427
238.72496607037502,98.13843883735362
238.93120844360556,98.11201456620404
239.5260129149188,97.9503507391768
240.19818114315393,97.9165859606213
240.41750918602182,98.42986441858352
240.30684368220398,99.69076381701242
240.5717775847737,100.40483800775661
241.9020786619756,98.75092285736217
242.16456910753277,99.18299304265146
241.91991599150205,99.2593350035438
241.59270222404388,99.68312463810977
240.94886816596232,99.56725377599656
240.85566659335694,99.31871838858794
240.87138809345134,99.70860614433514
241.92650709744203,100.17057387247507
242.59230308560421,100.35108265770285
243.08370632887193,100.36489335191568
243.3238696691248,100.63993769472462
243.64591868902045,100.90577469875686
243.01265832927055,101.10421519524442
243.4927600287307,101.74510923476265
242.94041035551092,101.9330605066646
242.3733413123094,102.17411205050325
241.76022864042974,101.9649264491144
241.26670498635946,101.83178836996143
241.80534807615226,101.43368547876996
241.2592266501171,100.89089372362261
241.52006709009703,100.32748651058452
240.9811834915294,100.34075421584616
239.75817468871418,100.6815542174048
238.99358567808758,101.26433016454358
237.1047160285169,101.80085939049334
235.30929179333646,101.74902999704415
234.11677198464034,101.57690990362525
234.56585451528858,101.2787638458511
235.43823558118785,101.07865889963485
235.49653310103042,100.57383313928435
235.859923770771,99.81813711138996
236.88113999164355,99.13027799688295
237.55191616207804,99.00218828220903
238.47906693443284,98.95131909698306
239.087557666933,98.6313171384633
239.11995157538058,98.51708416558888
239.2302201867501,98.02924174340575
239.28228311751013,97.84012517532965
239.294699243565,97.86805374843085
239.3508921612554,97.90125715376757
239.40544773802765,97.98815785461052
239.30639815766767,98.13991676290667
239.40417596137146,98.05811086872546
239.4206367128126,98.05854093634689
238.98309357295665,98.45284491498796
238.4593942606604,98.46887075909046
237.8366514373461,97.8567960947947
237.20351377948737,97.50101377275405
236.5684088378648,97.17831937422929
236.05231521789554,96.48125041734919
236.42631235474187,96.2614000071979
237.85134314721728,96.4999689853573
238.83219319143893,96.97134200208748
239.51167428856996,97.30906681534347
240.7631753153843,97.68773337567575
241.30848374467493,97.59699489070563
242.18465483689297,97.61024274080243
243.05614200715726,97.58003463248147
243.3989167972528,97.66957224598416
243.53170308026228,97.70068346241392
243.5653323000401,97.85272980151973
243.38813669144844,97.93712608768274
243.21783808408802,97.868816558427
243.28172824342192,97.81618621501471
243.31387218012378,97.64874865114756
243.35692149125754,97.4983669066142
243.3903475539522,97.36310824202111
243.4537212651724,97.28162521895398
243.53251691066038,97.29480546753672
243.92215620606723,97.27416823862484
244.21806711365664,97.52594502715793
244.45938049250407,97.71536562789687
244.8546323564213,98.1441939596542
244.93095597091855,98.31050776770407
244.99415468306637,98.23143171518143
245.07551950568524,97.93832742020932
245.1166662800935,97.5753316013539
244.86737530676982,97.21088847907586
244.12159754505944,97.13462572152
241.36401825880128,97.01179588751874
238.43820278864575,97.1016607026078
234.78449038319943,97.45816258429518
228.8724714600023,97.79220446071122
225.21853648875668,97.68218491455363
220.37326679896208,97.61544118258048
217.14755670187475,97.38258178969767
214.04900731434773,97.13685698584766
209.971048552832,96.97387372227435
207.27091921722666,97.05179530574898
203.21423619486305,97.4051547007716
199.84316477308002,97.83776778408367
196.3631624409357,98.22749949368674
191.58076612215382,98.30535637074574
188.6529124513574,98.43332638376465
186.1898909316138,98.50426506416466
183.10336304704737,98.3967218783242
181.20659147771326,98.08416726023329
178.40766073941958,97.1336020616587
176.3370619015897,96.2677023820005
174.45218142356475,95.50764814281656
172.2301742130292,94.82011286304123
171.37248558270946,94.69665487119025
171.09933107632892,94.65573864490894
170.8326515952693,94.46977036817312
169.9774179264963,94.18866599098504
166.7464092241232,93.74065753821515
163.76312306098214,93.40240708300998
158.7393371532625,92.93348906497708
155.304323425767,92.74916802411192
151.58185750933535,92.6679811922187
145.47446411143073,92.46056873806637
141.34363404102322,92.32742472037775
135.37601236316584,92.34499138598251
131.8033144848859,92.29545537405743
128.6567129610046,92.22541097057865
124.74416060665823,92.05873831917054
122.1704264374938,92.23087160540678
118.85436203051347,92.46309171881911
117.23940082718795,92.7261001052628
115.74106531197681,93.1571604494989
113.54691764521183,93.64898805525817
111.8337529173627,93.9962022125569
109.9026391305808,94.26591707587113
107.67132406807897,94.42273345572454
106.69486912924572,94.53468122156112
105.90085178070449,94.80662866884515
105.50348404782112,94.8979860920235
104.71323632440505,94.82989570431917
101.90762602456925,94.77525065976897
99.21475529967334,94.60598601310564
95.25484605956714,94.63319721505262
92.75364081132427,94.98483521043872
90.3566178712575,95.22862884749247
86.29776347234949,95.48749760908214
82.9097623812985,95.54047960111278
78.21894245683728,95.29737882713263
75.77034984652224,95.3337959857045
73.76943197099273,95.47065027948149
71.44595591433108,95.32018596210416
69.86999438050759,95.45506407083982
67.21062892399195,95.53919702499859
65.51645860877991,95.54494298921625
64.060462827413,95.75318995812752
62.27423199593083,96.16561434875611
61.34558852929095,96.44019661628666
60.03282578015241,96.71656449979564
59.10675623645278,96.75704142151072
58.16591327967335,96.69895346384648
56.92950921405982,96.3974322858804
56.00758941344833,96.27339606580752
54.10324065105746,96.137576532485
52.609389055422554,95.89589501851393
51.0272169163579,95.6964882748108
49.2698832960709,95.49123204998064
48.446686495032765,95.27495078151014
47.132355515718245,94.95787967885278
46.12594814358894,94.67756227158938
45.176532462217324,94.41050311709037
44.20203671761411,94.05285688515634
43.99342541313732,93.77944428341102
43.94873620168289,93.58667861760007
43.72260071948148,93.39759589316691
43.508777730166656,93.19629055754697
43.860707683382174,93.09718396969694
44.53086830073471,92.94075524200673
45.2135527945851,92.53896014666371
45.86131510917883,91.92524111623662
45.895561142660284,91.41998555199719
45.129449404446945,90.28744191838746
44.295761311305,89.94313259908857
43.359761616042164,89.70694807214022
42.593189494781285,89.11211440456907
42.60831089950753,88.72725226484245
43.118076045529875,88.02957349299548
43.52160136901554,87.44607683084631
43.78125373631656,86.69683974194416
44.1100007101866,85.56369117773478
44.3764456451286,85.05484696158749
44.63142963424781,84.73185079534788
45.02994855221428,84.36247668600241
45.284067019829024,84.1561131885887
45.2346390761322,83.81751461177306
44.85478323503952,83.59568863363306
44.10552029195543,83.39601277316044
43.72405030155724,83.34768686731567
43.29195686065589,83.38062796523991
42.69289503504032,83.54947294011401
42.30912269281055,83.85258638870572
41.4945576659679,84.15454627484056
40.739888548095195,84.41031805124315
39.88765737320347,84.37027738256694
38.75778021177581,84.23112763176634
38.25739584303733,84.33051899596985
37.72187961139679,84.93754261786205
37.384687512354446,85.34135934285229
37.45896628001495,85.44674929898795
37.34435157177501,86.07564986252103
37.298944218457876,86.3422421581113
37.133233850245375,87.21099394101267
36.2177331547897,87.8367810123873
35.44983057396229,88.65975428364183
34.096777610860016,89.20047600064258
33.02947011178989,89.7090833608187
31.515710184841396,90.2590542638023
28.66983247075143,91.23118281699261
26.193118407739746,92.08528651115613
23.173201007067462,93.17496367365531
21.57982411280966,93.74779111494617
20.275604495566114,94.24924304063867
18.673532590333963,94.72976400576412
17.756357303681966,94.68958054120014
16.20186677423041,94.8124245934814
15.10250022903125,94.93219343704553
13.907068236691742,94.99831836336422
12.044603785193203,95.20237437107913
10.930989498502527,95.4272683152971
9.365166188730342,95.55864358350966
8.151203638352541,95.67852745915141
6.85671284676215,95.68169210208265
4.966072396411931,95.61790384022731
3.809806394627998,95.58578727556998
2.7427382051320137,95.64598821467642
1.3732236832910587,95.66830674844618
0.6585367996702871,95.73285077544355
359.65574811383425,95.64488820757586
359.1821775196008,95.46360077681834
358.7184406848029,95.1136564347453
358.5629749669792,94.93220588848985
358.4339383913631,94.70179058116003
358.3517978005054,94.40678111511707
358.3543065517883,94.18518278588603
358.5613313922802,93.92967484321537
359.4549538072015,93.6309726655407
0.3637704961707584,93.37333964926816
2.6577616851828054,92.9307301583556
5.758469161904571,92.50715606784789
10.606775573047827,92.14964620221824
19.369388625298285,91.89774359329351
25.75972867217226,91.82587874008219
34.864803450379014,91.8683001124252
40.552686097539436,92.02992109361124
46.556670332047645,92.1887419079437
56.04274482434282,92.6557931440864
61.820278327822265,92.61087861242974
69.38804423726738,92.40061159557281
73.69993717403025,92.39621918326364
77.4051994216036,92.17725390837737
82.48083491838881,91.75313422408045
85.74458286708732,91.56071790924115
91.00209603115925,91.3679260232371
94.47397684738687,91.3214799703062
97.80346519026537,91.27565703470329
102.48367054101288,91.03150512809135
105.39096714719874,90.77865524732202
109.46131088256121,90.33975917760698
112.20285522815242,90.04401774018828
115.14063824195402,89.8668755635726
120.1563746870958,89.66583195469762
123.60268673717285,89.74912447343637
128.09570934270096,90.27525679720262
130.36173297450614,90.69934736414076
132.1179869893847,91.07483918577336
134.11426268826426,91.36861954117283
135.27110925569153,91.2623072541886
136.8624661167688,91.0999008692179
137.8074706322866,91.3789598144762
138.667143411211,91.8094339835887
140.16023191621503,92.4223413765105
141.0841987020563,92.95417593898023
141.60612654430105,93.57982821276882
142.1490943454292,93.82812391089271
142.92420741126142,93.35815508549045
144.92374526775026,92.54833720502752
147.05783937122322,92.21045868789606
149.71034294589833,92.0487934772445
154.2618846155992,92.11413074851276
156.68351785767686,92.53285740120877
159.2206404788901,93.11961001611499
160.78214876472546,93.23797377975669
162.52019249036277,93.28912532492102
165.36165442978375,93.5835017931736
167.10500111020133,93.91505541717821
169.7611415882245,94.4909600832356
171.42543713107455,94.86139175410874
172.93060444652417,95.192097355777
174.74899867599893,95.68047473527488
175.6488743735817,95.95435659072639
176.30874310228376,96.16765471059381
176.75254595020766,96.40407530093715
176.72802164876077,96.44042608622738
176.78391179406634,96.54475862095796
176.77044611295594,96.77048593335465
176.60271100647932,97.4832228351046
176.47551906253733,97.90186772079885
176.46020396838563,98.19235201298652
176.39793643926708,98.367432065447
176.26557508361685,98.44964239031039
175.92471841305442,98.45984685510099
175.66382819344702,98.52082733226791
175.36553030226398,98.54699718952998
175.0479430732832,98.4361228643109
174.8801007452667,98.3220878700698
174.79546488321304,98.11868385257891
174.66383677023236,97.84655352475838
174.5987083460281,97.67774479811649
174.48502464101756,97.48464627282969
174.34412316236015,97.42714946523002
174.08960547769843,97.42306641952855
173.31480133684374,97.43434612252872
172.49526940528094,97.36294358827475
170.48834397267413,97.24045353119485
168.64050682067844,97.1313418723016
166.5586104346825,97.06798735236008
163.35250950105865,96.93181904203787
161.310993105325,96.87067776317713
158.38772994516765,96.82688498515964
156.3797658175995,96.80010123725272
154.25678973135896,96.6381057542933
150.51908449542952,96.11524412628975
147.7875164357913,95.77265952970616
143.8685832224252,95.30429654134399
141.71817152405288,95.12494484819364
140.10980495018586,95.10491295657775
138.29639060570992,95.22456938288319
137.2199125578269,95.31667530114836
134.89919125090344,95.27898991744506
131.6976870049194,94.70948478475779
127.42130631813981,94.12503684055218
121.51188579211893,93.86294095362008
118.5227216999921,93.66248963735397
116.23648863741064,93.56346198767555
115.78814359471693,93.73512700364182
115.97760578451415,94.10653252668527
116.45148988005367,94.26360813016625
116.81382926631983,94.41422443777103
117.09548542399799,94.53442239474693
117.3377445304198,94.62202853321352
117.49361158397954,94.715567179342
117.51593121676831,94.81260413457923
117.2722985534676,94.84412827915948
116.94202116177127,94.93769138557818
116.1790908759937,95.17578242031857
115.47320407120186,95.30192086580008
114.33053888770073,95.40722824235955
111.92071389668885,95.52860820901508
109.15165859524497,95.58329514678395
103.1005048361866,95.27159528491642
99.04443691094507,94.80186040481101
95.69802830504669,94.48043236198816
92.76142345691076,94.32023772251226
92.0378987101863,94.56782232161655
91.8058940024572,94.99522207453286
91.67691291150099,95.06719592984209
91.09380113082288,94.95587107608284
90.56408472577004,94.75903176008133
90.03723304380271,94.5054632721904
89.09482129649456,94.22413403045626
88.11438025533016,93.83013685419037
86.07931103504328,92.89470071776257
84.6774168668202,92.28113324408027
83.47992367199073,91.80917652178344
82.01110753997972,91.41429287519786
80.95963473798375,91.24603376293327
78.93181276917421,91.19515374196959
77.34135637830808,91.07777588915705
75.49823146343932,91.14593627466257
72.84740566153783,91.44163331758458
71.19802715905149,91.68376328672771
69.00668189819041,91.97811062560545
67.8190237313251,92.07598602754167
66.76806113277583,92.1341903403405
65.11457323317042,92.07793673149975
63.93198103307893,92.01489606500988
62.615167444826824,91.95003390446301
60.785078208454834,91.92107236112541
59.623019461268626,91.92501511462143
58.054740185669274,91.85839611015156
57.06914431083112,91.7286007774823
56.17128884418527,91.61187798340364
54.98061619051526,91.52173378150006
54.21816455711749,91.47102181758903
53.36705729451782,91.34612118145925
52.87047696847925,91.40454451107084
52.36807514372438,91.4972006075496
51.814191811456055,91.65047055751711
51.660721001467664,91.77403215885599
51.62931498054792,91.84459710395117
51.62940132528763,91.91233139874679
51.774949465679896,91.88825436709102
52.63651770862418,91.61013828622815
53.550167352195956,91.41315987549724
55.83496369388527,91.28641806755628
57.76781407391829,91.44039922425948
59.66258402819551,91.60002719976704
62.32982797410466,91.79775610333964
64.26903470895573,92.09943670011434
67.8535805921186,92.66183118232358
70.61736662417421,93.0034754330795
73.44314387987795,92.99620323206328
78.14719924170642,92.50490979651798
81.69883715582313,92.1719067506194
87.1157027135378,91.7013074751638
90.94640965342339,91.58017537832396
95.1918450860406,91.44435126913703
102.4302924526702,91.5281119860006
107.10229933714915,91.61995960922518
111.45384843960166,91.6625488308778
117.04590578113053,91.39223609995845
120.36328703305422,91.2869459743217
124.75268229165434,91.34740789727945
127.53774388524516,91.44193073214943
130.23552616043463,91.53797570888861
134.29460984169697,91.7099590554675
137.15631710729906,91.79040867844812
141.68455438434532,92.15903609832023
144.85060964027244,92.5954546827218
148.14835944531535,93.14718691772539
152.8672927815262,94.0534197549065
155.6569159198748,94.58944665313271
159.24318194202954,95.12548749229298
161.41542170278976,95.29140426686666
163.58636057336128,95.44533500114102
167.3621811135658,95.74040068459962
170.09801233328773,96.25201317747435
173.82986245208764,97.10923271332435
175.86350260987692,97.56597705476543
177.50448351808512,97.85713989869262
179.67147106137492,98.03127801793443
181.23139779658433,97.95170777882836
183.6178565488058,97.72821803060218
185.12154144368805,97.42273190150031
186.64807199578047,97.09590264905515
188.88259916774166,96.67950425656298
190.24495931634,96.44522540497508
191.84993569423494,96.18671392046036
192.46647998670608,96.09937675022397
192.75355123691716,96.13213308455725
192.81888688368394,96.41983661684277
193.4428157550735,96.98344267408153
194.0009245234259,97.61545124073999
193.80614425488255,97.60129332310251
193.41344419618773,97.5465853025437
192.26716472134711,97.1207944991461
191.51854048176196,96.88865792495126
190.83271399628237,96.78669887390306
189.6968956590633,97.03378432457504
188.86061998572993,97.46507101248214
187.2918802458949,98.2335578007299
186.0614507931449,98.7153948061196
184.8718106431861,99.03937853787329
183.02799538131913,99.42639190324729
181.78815018687382,99.49301953546461
179.92606165857902,99.47479531675994
178.6137390814797,99.4818605040224
177.40242674332103,99.4269788455671
175.65975546999277,99.50666414983911
174.62796907752139,99.61301185912542
173.13987895726916,99.65497669058419
171.71913612988195,99.43115552781298
169.9668819009991,99.01738921095625
166.97135372124396,98.27737978263538
165.00688148136015,97.66864958677922
162.41735418086049,96.81959265342026
160.98563666186246,96.31141556775775
159.76758346498238,95.81228711070325
158.32778654120506,95.0796009031245
157.42667537561675,94.63502284780722
156.2262735036456,94.03676307683456
155.6078408187143,93.86835124704135
155.22899664954423,93.81551010383893
154.93195669298154,93.74362884518435
155.20468407748854,93.50734082919037
156.08328361184448,93.3959493162722
158.99031989820844,93.3009440723215
161.3575196895252,93.41440366214029
164.8273435055072,93.08434817060953
166.84021495396638,92.68116190607181
168.45093005994866,92.14047285782392
170.5304659233124,91.12799341037251
171.4592869614905,90.4039034442037
172.5191051319511,89.3719547722142
173.24037599724002,88.68164196509011
173.95690561603314,88.1282405847624
175.0713198418633,87.51049407202389
175.95498718948136,87.2295400921833
177.46506026721636,86.79978351095204
178.50213304733032,86.71154023151693
179.4940710523622,86.86438191988901
181.37469620088496,87.11673265499343
182.91493730163901,87.27460746961373
185.55377681204502,87.99479583744387
186.89552679275158,88.92376014485885
187.8124600799645,89.71802186589628
188.54007470720398,90.48485570280052
188.84030089381102,90.81497438024067
189.04680885463742,90.98383243099714
189.1408188462837,91.04829825602782
189.56828110949135,91.25432278475735
190.66007188880855,91.55475652612783
191.78345407589995,92.01219128181518
193.14038752343933,92.64522973337239
195.1996871060213,93.30182586819367
196.872876722859,93.60838334809532
199.4895077676785,93.96318595760434
201.25993381552547,94.06393780065576
202.9714385054782,94.15298530532138
205.09158623758762,94.92687296565057
206.00740718287548,96.07528440005453
206.34917484374427,98.3696476088441
206.7398818219381,99.33647502485849
207.36528862741778,99.94473806782699
208.8923778251462,99.97442684657219
209.9417686908566,100.00470539157429
211.39877919755284,100.15732637572134
212.43935715745624,100.40124634939596
213.1791713639302,101.30939826009639
214.05621470480753,102.69010607608378
214.91311562959925,103.07961166709086
216.24338185773186,103.1596787408194
217.04582623738094,103.08114929776825
217.70588430320643,103.16307088799921
218.16153852317166,103.57242079603726
218.1251399116619,104.0773174885055
217.4495690279145,104.94324082444516
216.7900013099125,105.38877034766347
216.0923847681003,105.71460913037463
214.9019682521186,105.93509229334246
214.15229279838695,105.98769307832048
213.33702836946952,106.1280803584397
212.90076411461337,106.29730853327405
212.48879734726648,106.47403605929675
211.57944037769389,106.711539990275
210.72489566150594,106.7577594082489
209.21038358048767,106.76680813649428
207.9982780123362,106.77628113225202
206.7165264069335,106.70905051277668
204.65983885666282,106.5966010680225
202.98128075964334,106.472097763645
199.9123858838601,106.28933761375609
197.56713387228532,106.15119701643067
195.10217810214394,106.07465226955993
191.15765341745575,106.05029561653792
188.48604264993327,106.03087023965774
185.56281472631363,105.89784846050935
180.31754685856993,105.8840332202202
176.17661903572926,106.16741625682194
169.51382309338646,106.98560017900641
165.9857589022524,106.92772804021965
163.480975001046,106.69527029418897
160.40179904627468,106.62477269996175
158.78975726900825,106.81635916143767
156.5335857437786,107.12391803956146
154.9296553492692,107.24118089003287
152.75789756341374,107.23457724405213
149.0205250498055,106.91860348209872
147.02563295868774,106.74843354381306
145.15687182936324,106.60058957780771
144.53034605661836,106.6552966633567
144.144937543794,106.75514592211454
144.0128450251838,106.93654938523659
144.00309815170385,106.94476088904518
143.6484190266662,107.17575071256377
143.37242675188503,107.2547378503445
143.083164605718,107.25350209560222
142.60443661084526,107.02599694770745
142.13327488124017,106.77070247018074
140.83527697722786,106.39171577735806
139.5908181146848,106.07840737026228
137.96768890375628,105.93970017250956
135.22810631047975,105.18666957527515
133.11912107878553,104.78432072820368
130.9981283709798,104.32096267861166
129.94172501259158,104.28513122335556
129.15573097798037,104.56469371114545
128.27301782054053,104.87418339888362
127.80732780819973,105.02014307125425
126.68365170063493,105.51005677058804
125.7159529467923,105.59788285103953
124.53487745611078,105.58151609699162
122.43992385035304,105.220189835268
120.78109072491739,104.79099915125005
118.92724059130919,104.2125057210584
115.46082326799507,103.40464623678696
112.70832541034981,103.06438754163165
108.64056020851896,102.57458217910583
106.24985846085035,102.40308122084367
104.18966982315273,102.27326484898083
101.55895876118348,102.35871447771396
100.25094363315455,102.61953234619341
99.03945741266985,103.26173696667934
98.85864933955733,103.7327347422914
98.55450605748408,103.9917145632527
97.58384728002751,104.04471352949034
96.83337127528326,103.6610189072666
96.37116980236448,103.7914905674074
96.32186322316078,104.1874776089987
96.40356231680575,104.39607345060509
96.5115092527691,104.55043429603992
96.6004550621759,104.79359715944524
97.08740162141616,105.09364589053801
97.64209740153544,105.20802570905758
98.11855384438127,105.36981651184011
99.23081004806421,105.54636690503835
100.24493487235023,105.72937254327826
103.71068050463604,106.21675662850345
107.90510371483259,106.8883927013307
113.12796467621503,107.85557021753351
121.40285632459435,109.26087704408063
125.90431165614433,109.64558843440011
130.82137496181787,109.41097054460533
133.42913646802037,109.05147944762003
135.27549181891922,108.64924218299055
136.52463753592866,108.3037014173093
137.20397663119974,108.1480059021568
138.6158618829849,107.41856163349216
139.73706371425195,106.68534061989962
140.81523017822988,105.94462042964167
141.99360819312304,104.47676541983614
142.15230786682844,103.49446446685495
141.96249006160832,102.38925160097543
141.68117616909265,100.66124084440685
141.67665089519892,99.37416944293165
142.30402447777587,97.62763149353509
142.85184339217696,96.79933117756428
143.24098023539662,96.12443894387597
143.38111074677178,95.32986092201257
143.0194076015465,95.11502515457124
142.34850836103817,95.0941092106665
141.96621441246796,95.21005052050748
141.57872676947613,95.32207184433885
141.06259879931193,95.51593022433985
140.38722341775969,95.58217313695242
138.94786994372063,95.737767647541
137.54732132946526,95.75442106417674
135.9977365188001,95.67616492667493
133.9160844326688,95.39372329680096
132.59772323785657,95.30516104543585
130.6859122324619,94.95585855483507
129.53469210800452,94.73718868913272
128.53357310286356,94.595264964777
127.40394829410775,94.43039540921825
126.83720953408883,94.3775472417538
126.05241489099507,94.42955347522881
125.84457166669485,94.35003342077984
125.63468336906767,94.25646108606225
125.13650560701706,93.92070758982055
124.94464704467568,93.8116584516522
124.89043370040733,93.75344944141307
124.91967332859878,93.75295834536398
125.30323519168854,93.80596442555446
126.92696856650119,93.583333343112
128.87710762708863,93.37561729431161
131.2673019345141,93.39738444387757
134.47899664523692,93.72280048379726
136.28827474453635,93.78349162337965
138.90354774972107,93.99943555531073
140.66066140429126,94.15788665243983
142.36720786696964,94.35804103128314
145.2575327204239,94.66721337084223
147.46312747900674,94.95826683582573
151.1906593039997,95.32099005661436
153.94185605533656,95.28156502256914
156.60708140744973,94.7850852158107
160.1476510774641,94.53301766181347
162.00540569860223,94.3746596176197
164.22889402240452,94.11224951733251
165.652719983472,94.04760253479837
167.39501101762806,94.03137834563886
170.56262523997765,94.1255371746118
173.3029096248494,94.29251161483103
177.55246065931755,94.75418403078879
180.35134595185426,95.05406546158012
183.19891395088365,95.38288340598471
187.56938999544306,95.88566683728129
190.67439558880466,96.25507596244394
195.2715273035409,96.92760573455357
198.19738916660475,97.39689424568353
200.80269116048595,97.79263040257815
203.8914459183862,98.18045410451093
205.6135895607193,98.17084922022858
207.6282039737776,98.13200879666807
208.62002916597098,98.13406988198815
209.42587666196226,98.28132358217472
209.9454886749757,98.84874807034413
209.59139738091537,98.98666186983209
208.57356415800336,98.97883628701761
206.27134064636016,98.63298435500522
204.39849480941282,98.35524639184091
201.38377831314847,98.09285733368657
199.63538053249297,98.0626939949699
198.1312795077721,98.085255012987
196.51080649864318,97.70816197948174
195.84648204646595,97.35024867528071
195.20241483082998,96.94114146465893
195.0455364514714,96.80197770342451
195.14080454470366,96.8085891655809
195.61640532286717,96.96468547531082
196.2156807777447,97.03919876433717
197.52099753577002,97.0966145002996
199.01728341089412,96.76825073704683
201.08513725450328,96.56391045621301
205.1656625709512,95.80442566382479
208.46950454043122,95.33775955426448
213.39882539961542,94.64584580604185
216.43888447032492,94.24218479355667
219.0049367615946,94.14291413017209
222.09404875953956,93.88418462426712
223.8186524237253,93.67664935178709
225.939990786541,93.55420186846221
226.99156794512172,93.70092273878933
227.84689902136088,94.35003468010096
229.11964433664264,95.46329362759742
229.7423987651598,95.83146140785192
230.90638946432364,96.09355889162313
231.58837340886586,96.46340765326075
232.15210980930476,96.81642216796963
232.80276945355376,97.23747815534867
233.12940712048598,97.33644762073901
233.13133773666982,97.40918900248973
233.1043206314181,97.47575069070257
232.938349347966,97.59186980906858
232.6345420131069,97.821225332356
232.44621287737255,97.9689652948905
232.3055536300589,97.98240248937583
232.1877852081035,97.96571567623343
232.10298050238342,97.99761392794518
231.73338531135406,98.03151228095359
231.66457330384156,98.0436815144525
232.151411671003,97.76549886722694
234.10792159645007,97.20639702865695
235.75098865346706,97.05897312207544
237.9547090134536,96.61627037013503
239.25870720084396,96.14738621462975
240.50838659429235,95.74175185699148
242.19719477683554,95.00135190557636
243.3500133385487,94.46047289811612
245.2829388098574,93.86804483591038
246.94262699688,93.49367117289903
248.70500598668107,93.28551334788413
251.73942441400553,93.13297696251398
253.90025331416325,93.03138036701925
257.53209659516995,92.63595552497218
260.19087635302793,92.35463045682303
262.7827962104593,91.93396060542332
266.40574631902746,91.20154629524127
268.60858851490934,90.8014109008611
271.6273979240678,90.47790132695702
273.4872550635106,90.31868313856623
275.0978875649643,90.2863096937555
277.28463138744877,90.12461388658815
278.5907107535026,90.07855670831182
280.37357740943264,90.0242690628248
281.64422931391766,89.88520338164214
282.99444226675007,89.83519638584104
285.3465275459655,89.66360723837171
287.1769421209516,89.48222867712417
289.16644834737406,89.34267604990916
292.0052483017887,89.36983844382185
293.83273569556,89.41808140802691
296.0490336992633,89.91168962369142
297.0941998310494,90.25526205287221
297.70245173067633,90.56365073030942
298.1688581907009,91.17549043899064
298.39039781456165,91.4927465319297
299.13076557584424,92.07151825682674
299.4310636825774,92.6588444758875
299.58428680233806,92.95184299877118
299.3075376024675,93.48578940622131
298.9092756234136,93.77319972169434
298.80863257809744,94.06797862027872
299.24319636205587,94.19133032763366
300.226476683542,94.17647305683482
301.99094652468,94.0676366828252
303.07523922523353,93.90349642086451
304.02408087566005,93.61603170664701
305.5647192359737,93.22438553287267
306.86826475347436,93.07179545155954
309.207523473475,92.81042525948905
310.92748119008917,92.38121810734626
313.32996114348975,91.73360401325573
314.7941166723563,91.53628663685441
316.23814107125986,91.36850165241358
318.8055035152686,91.23516354735743
320.6154527769282,91.22325766317755
322.982556243669,91.39279681766195
324.37117506916036,91.28635410751558
325.75863105446103,91.15743097778353
328.046089080182,90.82150903538209
329.5623905115458,90.51479170105546
331.52520993205655,90.15571872199554
332.8534979329314,89.97758044669578
334.09584988831307,89.9134753957596
336.03157507377,90.09014151772351
337.30313946912065,90.2500911180737
338.6007307141033,90.3171889621826
340.5306600120573,90.40397966512641
341.85440408977786,90.43958575261563
343.98817293639786,90.22818196526124
345.47724630409067,90.10609924724541
347.0252464060272,90.0445063049983
349.3289792331746,89.95794715999527
350.8910571946164,90.04326652251466
352.93664223647625,90.31436705222126
354.01308706249006,90.64434467223016
354.66420392408025,90.93174245520254
354.9143340645687,91.33565962232986
354.7271932407805,91.40433692408426
354.46031226031914,91.41768259550608
354.082430268571,91.3343152535941
353.7812466739,91.17303031123818
353.0790254897885,91.05630352906387
352.41907416960987,91.25400108385229
351.23093548825193,91.61636960917627
350.4935655555991,91.88597756219278
349.89920885825126,92.26303032950189
349.1595821829262,92.97000169633715
348.725943956136,93.49199792390795
348.19848557832677,94.0869478922268
347.93542895363805,94.41315154953641
347.80898417839137,94.61127655335152
347.8156647963817,94.63208868451159
347.8589999429814,94.63036426688289
348.08800007894047,94.54825346623812
348.31124103050007,94.38235453044183
348.5197151459624,94.04418319165542
348.90382363966575,93.34781427492454
349.39164472788,92.88962961964748
350.01274171846865,92.38964359983898
350.6675046955368,91.63465738034239
350.88089318001585,91.08136737555587
350.8657781723634,90.61686541683167
350.7988614144699,90.30465386466561
350.73183571495434,90.05588422204777
350.6832715314897,90.06843012884677
350.62863425666546,89.96806120769293
350.43561609770495,89.74137481216783
350.14268283229626,89.65459671181746
349.6537206224296,89.69670036157068
349.04501128819595,89.9585129410714
348.7870566739101,90.11741142342446
348.7498666469133,90.3062266365663
348.81959197516346,90.41323985153281
349.0674879859051,90.63621806722782
349.34393598128975,91.01632358056402
349.48697034269446,91.30333604379845
349.69415533291146,91.9849498644805
349.78856090413063,92.30199502258331
349.95440392754256,92.50161794485535
350.5520658173024,92.76939758604682
351.17564300410334,92.77765649555832
352.25805172546137,92.61112514591878
352.9283346246125,92.46400867057373
353.46121700192737,92.25601274950888
353.9809699562559,92.06186783996083
354.12486976410764,92.02486470150646
354.2872468288799,91.89610356543245
354.3382691966642,91.90344436477754
354.31262827937087,91.94385107752782
353.50263006935717,92.16925176492848
352.4514426885787,92.46714213714674
350.7444892856057,92.9977321157206
346.96760605427977,94.05850102632269
343.65693042307873,94.68967710086062
337.8831761446322,95.30068707657233
333.7235866679164,95.51568049601525
329.58440091786656,95.58203921124772
323.54591065824525,95.767440464255
319.83091781515213,96.08369038647987
314.43073332031815,96.83237291231669
310.9179768957098,97.3696839039983
307.56346866850276,97.733725713344
302.8723208655055,97.90838120104162
299.8080488401047,97.9170447398454
295.43578466973094,97.92503427344433
292.55340830879413,97.91198257665188
289.64746421818506,97.93113104222753
285.5701273656294,97.95171134125076
283.10887641937296,97.98862924509403
279.81550293844845,98.16595344334853
277.9268388298091,98.30792219527133
276.2961270075281,98.34459623292175
274.21887575372756,98.40975683982158
273.0591115993784,98.48273307267533
271.45480993893216,98.58268868506231
270.3681605563971,98.64967385073601
269.235682471966,98.6910574208088
267.2967961207901,98.62884805723117
266.00208041977385,98.52641595102787
264.13202039398186,98.24031595853108
263.0412613696747,97.94866242478189
262.1506671627514,97.59459744478234
261.3329225885576,97.08877130504898
261.10503058162226,96.83627682379483
261.56762824683494,96.54786226452195
262.3061881383437,96.25638555500213
263.1938025172524,96.00342932431069
265.04587754567825,95.36006606018336
266.49614113583334,95.03012898798795
267.94534413126235,94.7729436212687
270.3709329811384,94.31978743346845
272.34141024556874,94.0107059499297
275.8556858270909,93.53114717720322
278.46603368827186,93.29468355224054
281.08189206730447,93.0305961289917
284.7191423739421,92.73841010707218
286.9411308518001,92.54574735031396
290.41437318018785,92.34422009945966
293.06228363016123,92.06880138332302
295.79750503239524,91.85976833675423
300.05947185985787,91.55639210888492
302.6578231851554,91.42181949148244
305.8832890630506,91.28683332383481
307.56695467894633,91.26940137106416
308.80013520035266,91.29091826132833
309.62493678856595,91.3353600865893
309.60069355655014,91.30614875548846
309.3066221884037,91.41060174138306
308.8672027194848,91.53249723145
308.276278102928,91.59664578486023
307.2229088461536,91.39394037574287
306.35350702797734,90.95246173227228
305.31619672968765,89.50016127647655
305.21613699379515,88.4338563481609
305.4465612965681,87.22479415998711
306.2774422385697,85.17782255397772
306.8745956769877,83.74203822859236
307.57914211233503,81.75519626984013
307.9234347856592,80.56589364357167
307.8335433758747,79.6100424006078
306.8043157834606,78.17595866887639
305.62069075990735,77.42104507930901
304.0338851913675,76.85386483857857
301.2250392871358,76.15587877806422
299.19315996983926,75.81937436187518
296.09267006696473,75.44928068312551
294.2007048230276,75.18923086227859
293.00996783192676,75.07797995384506
292.2421806774579,75.26292141605407
292.09916397289356,75.29630880489971
291.7407393064387,75.03481475007969
291.04812139917635,74.75985829630362
289.94734575881813,74.38571055119831
287.7709624227458,73.93406423237379
286.24044198601587,73.59104950577368
283.9562643957734,73.01812239797589
282.3880113037724,72.53635915798023
281.0218982364096,72.19633257776799
279.47689402593255,71.47755876768801
279.03352095628634,71.24049384275926
278.95948357918263,71.25190996741152
279.0392687313772,71.26478018354658
279.01834722332467,71.25804876511273
278.9516934450378,71.37430782114365
278.79826652991903,71.45201706267788
278.01081775747133,71.48292793392946
277.1871309314141,71.59387841377658
275.70620236561683,71.79164967218274
270.8020774601186,73.06589010839771
265.59364739077057,75.27032424677225
256.06939785790706,79.40250898788001
249.20776111841184,82.13987908967644
242.536227295957,84.61601849103683
