178.7048464321806,103.93352706792254
179.6327821795288,103.53591832429608
180.09831305590788,103.29296753273884
180.35846236851017,103.21743349338819
180.85111027366474,103.17072026910294
181.26169516319845,103.11097632584361
181.66482871773323,103.04805099827318
182.34168180545873,102.99345145415215
182.8240591147303,102.96208953327822
183.51068333476252,103.06197871481848
183.84955695757847,103.28245979227725
184.17223292014341,103.62061032589467
184.6162380424918,103.99067692259095
184.9355427485885,104.2959768797143
185.36689146291832,105.04022854284075
185.6283711915532,105.9751410115543
185.80905654827868,107.43151480291516
185.89008307260835,110.67015501910421
185.88465206336517,113.19553052075445
185.6308843599912,117.70584189501518
185.58907737464065,120.15955061066668
185.5325754031202,122.36709582742014
185.08415120321882,125.29654845766612
184.54019963181466,127.031295236499
183.69869254742255,128.49243429263183
183.02354505842956,129.25891591159936
182.3768196173529,130.10262345108933
181.78112180805877,130.66197982730571
181.5095625236725,131.20563438808028
181.0251975772969,132.15387978785736
180.7097581336957,132.8999606548411
180.3524075969306,133.66101025329493
180.46137155591697,134.17559720935137
180.59167855722924,133.92075999265327
180.8579273727917,133.67887839431438
181.19563884292634,133.2188636588812
181.67689768492434,132.38955270397335
182.32764114015617,131.26997794438734
182.69048322229992,130.41747699650037
183.02316227309592,129.5169698874239
183.43238622185166,128.47034717293454
183.9132897080798,127.6859678649411
185.04349375781769,126.03118520040957
186.98611420192918,124.49242415309934
190.34559765807367,122.47665874724258
195.00171250758655,119.69362426349133
197.31496156032924,117.70033929154421
199.75888066844365,114.8019045863334
201.1760325435261,112.86753706350513
202.88455429602217,110.88810469431039
207.01045295014237,107.88015260561357
211.10534310982624,105.74083821416937
218.4343327893286,102.69967179961756
223.18705544869016,101.20878390312086
227.26098102168748,100.03627373533352
231.34444670585924,99.49780367083073
232.92787165071826,99.38282907656968
234.9601876930621,99.16932691531603
236.73584988915417,98.84754576287258
238.75979928762072,98.68895346787511
241.44177999163475,98.58527244213556
242.79538873640334,98.66354707658857
244.2427886983953,99.00459740237658
245.05077569935145,99.19104331143825
245.76014614196868,99.22176521009361
246.4482844635075,99.35805370536073
246.85889688015104,99.37124427245499
247.11079168366598,99.46156541748815
247.16737948673358,99.56803923054528
247.19886905578608,99.71825257670929
247.1061018167021,99.93288582540546
246.9574515756639,99.99283151380807
246.65798273939544,100.02789436629283
245.93833576014225,99.93408911229108
245.44729448353456,99.87572855305355
244.91465015013,99.82080935612238
244.4856098116699,99.87758794720298
243.98192326427747,99.77523881709136
242.8606910035084,99.71943648031811
242.21844468309686,99.68557010293833
241.81722142954752,99.38345780389935
241.52238339631566,99.21001253891333
241.15502308119613,99.07391108182232
240.13008081774876,98.87985351915155
239.13592248744098,98.75542035305878
237.48425137913517,98.52742460615583
236.14804407347341,98.467310420033
234.72327114506547,98.34034828836255
232.06550517363084,98.25144319127402
230.0869793963575,98.1541996027041
226.34413416372558,98.21966028404513
223.76178928378388,98.02338616876943
220.95254506588205,98.00524959576245
216.21158084755766,98.18080156261908
212.96592623406448,98.22013604562368
208.4087421354702,97.88226444585179
205.47038160948927,97.81183542733878
202.70559646073517,97.71909043357039
198.7085791098092,97.86105878069851
196.1352561133786,97.91005299883948
192.39390197309905,98.03281288156944
189.94784508124224,98.09692775420572
187.53878790713281,98.09047577181494
183.91248869123532,97.99180354300583
181.3844048644627,98.0768759723084
178.66901338972255,97.9674752049278
174.23205789566822,97.85457090462181
171.23446993521787,97.55701380901559
166.96661528212678,97.40876005586023
164.4560150813377,97.33044667324556
162.0340805220734,97.33634690793666
158.80047149497943,97.38925690545975
156.93469426957682,97.44286286032076
154.54575194076656,97.54901079142792
153.3920501745817,97.61987935331024
152.4996246886625,97.64455362141798
151.52958912204065,97.82383647618161
150.82679076522726,97.89544041002802
149.73840834934245,98.01857628760207
148.8510382941908,98.14791296023394
147.94902012042726,98.17642599222668
146.4358985570991,98.17988843181686
145.41102374739998,98.1477483615488
143.75896620140674,98.15784821513222
142.56084198013986,98.16454004728175
141.21809880911803,98.01528083524349
139.00671930631663,97.86223914864208
137.27556791029923,97.80088709046872
134.32195364347277,97.72916517722115
131.34553230969632,97.67429804828798
127.43214341330591,97.46045028198628
121.72203693728588,97.23197193513893
118.03035950585706,97.12588079159771
112.75702099309036,96.76483052284186
109.66230537090726,96.71298687947395
107.07720217571102,96.5716046999121
104.16579260116015,96.5962910346256
102.33275084394197,96.58468355948769
99.36987363605064,96.62956101851755
97.09002750188814,96.44493413912973
94.9562434885024,96.15927077725672
92.25169953004514,95.90839547645048
90.82447231136783,95.73938849426477
89.50835735461956,95.56615892322279
87.60332882421434,95.27611895448247
85.81885070385903,95.17371028741535
82.60035512282109,95.21564647147137
80.35834480555361,95.1737130189458
78.24432643006146,95.03418840355204
75.52642442871723,94.74015257799442
74.08474058532505,94.6191762857225
72.46206284714823,94.38033901734825
71.62811613690039,94.28031096872046
70.8207206209026,94.18881103766303
69.54236565294997,93.98177969661542
68.66064560256889,93.91804638369874
67.37768605585795,93.72321804857432
66.814947075303,93.54173531913054
66.5491253408252,93.27763158893562
66.51353148772898,92.76286524442877
66.55780735654382,92.62148028069885
66.99309644548327,92.17390922152053
67.23668958672823,92.03693267323497
67.60264732924024,91.88094154600273
68.49651880834215,92.04186425097032
69.30750897216517,92.23343610447472
71.91949251612448,92.7189614653152
75.02284080918201,93.30108939322855
79.6077272498672,94.13517334031565
87.79396689758636,94.16429073082631
93.72012470716943,94.33751136311935
103.87710046217019,95.05081255696426
111.0011495994847,95.0499411715576
118.47174361611576,95.35703144629376
129.98903087697542,95.57717785469262
137.54732789384275,95.3317217714748
145.10499074916217,94.97533065020113
155.69545159016346,94.40005696710512
162.1146006964413,93.82130524235416
170.0033425230435,93.32155272814326
173.89590832089337,93.38760844207704
176.73848543517767,93.69901395985482
179.66204182754686,93.90075641876776
180.8683374300398,94.06358355720897
181.83354501430793,94.10248988607638
181.8686532741162,94.17931348853236
181.53119525971178,94.10509118818302
180.73507075559758,94.06948696895104
180.08999775101833,94.18167450216076
178.98623010611996,94.36786166162577
178.37418595503536,94.50662953906394
177.87890130627224,94.66846311130095
177.85018553280847,94.72495848192935
177.8810006365481,94.87869989604556
178.07080524143365,95.10583314833421
178.226204169401,95.29122396761387
178.31918078295664,95.46819753849574
178.38610388752647,95.7189604787031
178.36503246521576,95.87488592440856
178.24407879520263,96.13229645522195
178.1700449920492,96.20775127393281
178.08658616696877,96.24381574453518
178.02220928341995,96.2691777068981
178.0128316581717,96.22320255292168
178.1191929455952,96.12997359637147
178.23162467614446,96.12556564658709
178.41755511851756,96.17438145924973
178.71813647873972,96.44924334972217
178.9190401495052,96.6075385738951
179.12128539207285,96.7897969768506
179.57089087633224,97.32262410264211
179.82360867977133,97.78211191062081
180.22861085542633,98.60667026730655
180.53573966625814,99.2922513021931
180.8257071848783,99.72042798704844
181.26238900697527,99.9850853728524
181.51300621577997,100.00837272155957
181.8549221092815,100.07999212732908
182.02179730077742,100.22487073771796
182.1348411566886,100.41981518485377
182.33794432339192,100.86800955053357
182.40149199001314,101.29686604849505
182.4741270728923,101.98995666243952
182.4967255840872,102.5209528447593
182.427343636766,103.1875517326027
182.3559873702749,104.38722675335163
182.19257602557641,105.37696827801015
181.86770138274207,107.18520705215192
181.57268671691804,108.50427320294803
181.32208698491894,109.80476077554007
180.95888378703197,111.69788208793686
180.71898671126155,112.77501953363762
180.33046516432984,114.13578281356672
180.04230779732364,114.95943132461836
179.75522091972513,115.58120617309464
179.250434555712,116.29433764715765
178.92208486327135,116.59563048041483
178.51585741349942,116.60885165709175
178.27481058887346,116.58273317174124
178.00936382844668,116.53241910962393
177.64792874538762,116.42065581047731
177.4952675741699,116.28887722352177
177.3069210549476,116.02658661280925
177.17428918414413,115.6546864855649
177.0236271290107,114.84831204533143
176.73152614929728,113.90214228532024
176.55531549153253,113.08988591324598
176.3773016514992,111.87247409133784
176.34358844307005,109.28287743544297
176.34842798376434,107.3883097368144
176.39454119643642,104.63897658622581
176.43169881696326,102.96039407719357
176.38393909016972,101.35216552593732
176.27680965049734,99.28172059741117
176.1527175625761,98.34236128487653
175.8943447622264,97.57396555812895
175.78311907842595,97.33217990695866
175.66729558174816,97.17861158075675
175.60940057145453,97.0749058243253
175.5756481567725,96.99798372836742
175.56765964551934,96.79598664587014
175.54497698288435,96.60427761760647
175.56931011341055,96.4508219454495
175.53343996597079,96.24498850050524
175.50508052334214,96.13111579661691
175.42883943523915,95.99324444957735
175.35120407929978,95.84016169960641
175.28506106636507,95.6935745753789
175.20470347850033,95.3666568379159
175.27787391633842,95.10232483265509
175.46833704289185,94.85539533141196
175.64393519628885,94.82704938807007
175.82076598907327,94.86315035406143
175.99808803007292,94.99245086924053
176.07191661633695,95.12520289174014
176.07648801250238,95.25024087890539
176.07130969382717,95.34787280878068
176.10766271958292,95.38151323936586
176.35585856265666,95.51317989383087
177.27173464784428,95.93989332548796
179.08641226409975,96.50412716828566
182.9903880793817,97.7442728544516
186.43629115094697,98.30679956462856
192.5185052978594,98.47573157809427
196.6903017061761,98.28672163219264
200.56761062749703,98.01136829015081
204.88385648328153,97.80583926180839
206.78602795591712,98.29333026880765
208.42382503708887,98.59588857068485
208.94473834840886,98.52529474756568
209.2272411812907,98.50705426786043
209.81581204161762,98.80664903853335
210.27342995897467,99.28363044519273
211.00316294319222,100.01062997542469
211.44380205717098,100.3802400708052
211.80343053877857,100.59016723525359
212.35814185860187,100.74006748089552
212.70428616456002,100.87411498272515
213.21867152197848,101.158815352373
213.5665583131419,101.38636283629111
213.94110499008153,101.67682050885962
214.36211451419302,102.37839984152755
214.5852520318591,103.07927796644421
214.99372471653186,104.22371573239445
215.3217428484378,105.06985641130218
215.67465504451553,105.90547429814703
216.3063496129416,106.99086392353456
216.61868621417437,107.597060431323
216.95447932572068,108.18429844468287
216.84849772609493,108.68041484186729
216.37472502512452,108.92625891708101
215.73057701688174,109.04708582934356
215.57617699408257,108.89851816624865
215.40198579717654,108.25269666047143
215.44006946094603,108.04778934255916
215.46536783605177,107.75910177187629
215.52206992901614,107.43772503859856
215.52636176317375,107.23565300800776
215.5207317968572,107.09447573614433
215.33790337807298,106.87487659543088
214.99658816484356,106.81403544624447
214.07594494084216,106.95892214639635
213.1010801948604,107.19484565213573
211.75681018247212,107.21476515618362
209.5489203313757,106.93789365136708
208.0368597249403,106.6552089010048
205.78021820930678,106.28850004777917
204.38758796219287,106.08086570555639
202.9541975540843,105.84161456241371
200.70694824899286,105.65324689102773
199.00172093093857,105.74725394701017
196.49061362399803,105.73711273509855
195.0619526481101,105.6592473400479
193.8069756653447,105.57599342968459
192.29727095307385,105.36891348159628
191.4628717213324,105.15488671875302
190.38405366201866,104.65802392624032
189.76601615667838,104.31839738556172
189.17690093390587,104.09000335317815
188.38540531053195,103.86102300534787
187.846075632006,103.78033032839934
187.0143258361774,103.72996242589639
186.46300268096158,103.6347768145797
185.9613639776054,103.48528281801609
185.22816212378456,103.15994095850668
184.75298874342533,102.88046144033403
184.08682288804792,102.51890759284139
183.6963152910136,102.27623312903118
183.34956425227494,102.0985955764916
182.8270667313184,101.83778846157054
182.48802251782467,101.70281452457222
182.22140174297186,101.67788454442648
181.8317080772622,101.71149529164393
181.62979664638615,101.74752627194643
181.37263409142574,101.7685970807683
181.26108601416323,101.74293965873815
181.19439974820682,101.69965185804743
181.1370850287602,101.58082147646584
181.16066494502698,101.50746743575765
181.29672485618053,101.38876254631442
181.45404214663805,101.31826233642028
181.5685416114076,101.25722149419623
181.73832712796923,101.17450862501407
181.82313048581756,101.14814029333832
181.9252546364134,101.14144662766654
182.00504987903645,101.18629017613202
182.04682978058608,101.24953882361434
182.02783310647308,101.36074578045542
181.92841657696627,101.39632106725534
181.65727673747796,101.4017777242094
181.45489377103974,101.4011561585084
181.25356822829272,101.42082227265894
180.8560012181271,101.51395072863036
180.6041515605466,101.59731833100896
180.19552409930108,101.73799669036119
179.81571874840148,101.87514224070733
179.34098973424315,102.0851150751632
178.62067074746545,102.62248705860318
177.9220039697634,103.15693602147603
176.5005011540196,104.11158772595878
175.31660239325058,104.73090246010702
174.09983198629536,105.03604276964543
172.3809365538307,105.5791881736526
171.45099473629375,105.93523591197471
170.61078502828346,106.36103343782882
169.49326824050758,107.20855539788866
168.72060442205665,107.86645281505963
167.39121648150117,108.81702734917933
166.2533975222814,109.46410786044075
164.8629164052504,109.92532245870649
162.64022673894974,110.39584364378467
160.95956848873809,110.63916892771877
158.10300155215404,110.65276032067393
155.9091862910938,110.39147894904796
153.52955838721593,109.91604772141466
150.1357562770802,109.09500012339693
148.05231231638055,108.45749944521337
145.31630472180004,107.5355295014556
143.4597576670839,106.78575897494622
141.4057944561862,105.88084641463973
138.31570842781224,104.47841846919444
136.27674531684985,103.57808992694119
133.08042703390956,102.22548390311934
130.83537850898358,101.35545281926231
128.63012013627142,100.57228319975465
125.54975921047088,98.61897973892944
123.47420643728458,97.34420662322208
120.70971226904285,95.51216540259492
118.94938084762806,94.6341381685364
117.37410308163727,93.92008935867662
115.28988970594132,93.20860340178278
113.8004900519622,92.96576467148837
111.42468749879816,92.88302564438217
110.16670254009128,93.12035566258744
109.3924005375002,93.62720838942346
108.50504513895271,93.78285158641887
107.53276597439913,93.54671020297556
105.80037711393337,93.37860826627522
104.77953035452445,93.29159745216867
103.83283599865322,93.3224364818466
102.46508639652384,93.49771647854661
101.4063820489696,93.58389359143126
100.22641204122077,93.60319462654054
98.35365453471299,93.72801868489003
97.3268743383963,94.02187817154788
96.35183388510907,94.55180637223732
95.81291879162443,94.98656547305625
95.11768388359005,95.22979608212036
93.64487858793437,95.40010623384121
92.69128097470569,95.47741228489481
91.3604338274721,95.63070883580305
90.42382782827046,95.6292234740256
89.31388951961813,95.52278993704812
87.38758294041062,95.28662173391453
86.01075466273514,95.11635091872569
83.5657687042841,94.85536161400309
82.2990941123847,94.86632714620748
81.36539227180768,94.95909393651652
80.23852379197636,95.21722053283364
79.25795390979258,95.21444711106554
77.33859938904976,94.95351566295074
76.00741181665035,94.84688397024442
74.67178118515986,94.71697972216003
72.6260210250525,94.57308071379069
71.17424693422998,94.46979460098188
68.94756139191225,93.97362509870003
67.51844614723858,93.55540960109352
66.19914400331994,93.18113195873832
64.41047362927287,92.6401286575898
63.373759213965585,92.20513886637849
61.891982521662484,91.72565656471893
60.84181093661306,91.47697318994936
59.711770272511245,91.22741252154694
57.954097976298584,90.88567495860948
56.816264973883264,90.63850827757376
55.726806846812266,90.45025739864958
54.2643878831219,90.09143320422187
53.47832993764695,89.88331719018959
52.21636742743105,89.57769790187622
51.2580391663945,89.46329984303841
50.13436362794863,89.3655439045414
48.31079515720697,89.3514420260323
47.12916918110906,89.36287610453479
45.45486005137849,89.44629084287007
44.61043854161693,89.22214510624933
43.8128158744845,88.95924047168499
42.1987991559879,88.73937268488689
41.15778236450063,88.61778896881296
39.943448943698684,88.96304532820271
39.45213149570418,89.18479387695805
39.121449664559435,89.3887773456206
38.69572034148129,89.7730617608257
38.42790727728962,89.92480571380842
37.95964777607165,90.22819803845945
37.77594765437044,90.47050721493589
37.70654451346644,90.6053269001667
37.63705780093849,90.75840292078844
37.65297126080185,90.79749528938424
37.877057855095245,90.795723455854
38.004515823123796,90.7424411041523
38.08241449057846,90.6830759319124
38.19809873283205,90.58754378347136
38.31990452721561,90.54239047549355
38.574716495497114,90.5280092422275
38.808756226128594,90.52240108937335
39.17834755238576,90.51590308818243
39.87072727364418,90.51341348383468
40.51524896186697,90.42933226692887
41.570738556105425,90.27580794955504
44.161427484760765,90.01057194972445
47.03834052066068,89.90823554862901
51.61967394062336,89.77874079577435
54.95748713451974,89.53131834583515
58.58599762087269,89.21689175620118
64.30187283501964,88.90943300387875
68.14666126352515,88.51600485478002
74.78661838838153,88.60253940297339
78.98042733052593,88.1822197984336
82.33394324754387,87.754182023947
87.53100828649589,88.18651794652882
91.16199323661839,88.33260759761824
96.78253464723808,89.3993365034465
100.44088697514643,89.5543675380406
103.91830002890973,89.9221117437219
109.00537380817211,90.47777093520789
111.93407774822194,90.7656646418279
116.13058159620981,91.19334464557336
118.7523406464127,91.19998476885483
121.51028601717857,91.49652598401444
125.70765228559415,91.5660915149773
128.6718968933026,91.6756863915093
133.35529918926466,92.17056598810865
136.54681657495854,92.49331691450625
139.78201107768515,92.77338563478436
144.82195534530612,93.00766074501514
148.12967258439056,92.97313247381295
152.77423926768955,93.08174623125349
155.39685410381267,93.06067965849194
157.80068869324955,92.9503314888386
160.93375119200252,92.9135854665871
162.63756516022775,92.8258847504299
164.9836465236846,92.73384474624362
166.31527384841104,92.70705635679414
167.43307622751558,92.6597993398297
168.87501154368832,92.54697223837307
169.8302401170907,92.5061745378311
170.74085937061204,92.44095347312945
172.0248103864673,92.37959530357628
172.773858362834,92.43902130276896
173.73257229648752,92.45931181605724
174.34522454115032,92.38979948973751
174.90546240240928,92.35805954984554
175.72296059193405,92.32865386621802
176.24983548484565,92.42629266937523
176.96600804129696,92.6851606118186
177.43436873495745,92.83525397996141
177.89802271729076,92.98662118671517
178.62104244071432,93.02482947213397
179.07351915361397,92.98168048074227
179.79512052680752,92.91205521463208
180.26801389884145,92.89058967320075
180.8593442961643,92.92352298803193
182.03750430779553,93.03450226959653
182.95066733328133,93.19114961635795
184.39056770938993,93.48296875414987
185.03558379028334,93.75742896055083
185.14120688211509,93.96641595418724
185.01509582690386,93.9474701313219
184.90985962578586,93.92546096497915
184.76658824161336,93.94557473897903
184.77249989801757,93.98887460739277
184.89332146294524,94.03214938499917
185.02541263725323,94.02329081517212
184.91884713449352,94.0517593920571
183.96919861392004,94.12410530207133
183.33785660732678,94.17509811257875
182.74380992608582,94.204238058696
181.9846068891655,94.1261147828074
181.54312151831667,94.05093732934408
181.13550757259435,94.00082892296169
180.43922586403914,94.00072630102385
179.86279152038082,94.14527192105614
178.33438324548894,94.28525499993987
177.1846845884263,94.3137381584804
176.2500668746247,94.23524578232075
175.24239532777455,94.25232776094795
174.90872899256897,94.21217652613083
174.85558470502323,94.1400769640647
174.82572656503592,94.1150116390551
174.82987145947445,94.0931862651857
174.8686264201804,94.06425193202632
174.86221375936742,94.09265936975955
174.7620529267221,94.14057312557635
174.69648375900246,94.1588657460166
174.6763946065804,94.1482588459782
174.70378171806976,94.13418779506793
174.74807722116276,94.14185477602565
174.7855674277156,94.17586137987543
174.76354120566833,94.20609266208176
174.6993650328677,94.22109841019494
174.55820894222262,94.24093411328676
174.4833978799541,94.27005998742305
174.36263841623736,94.38356856028611
174.29647498537292,94.44433229862878
174.25403998578454,94.49174287362226
174.20764040186222,94.5715550953339
174.20751945476886,94.62448148029792
174.23595557880864,94.71660992981326
174.2632866252261,94.81338284351823
174.303235550399,94.90743164048443
174.30402407050684,95.03764714676802
174.2880501796217,95.09025239331109
174.25685044249028,95.13981347650567
174.22531124675567,95.17340206341154
174.1907031728172,95.21714233111334
174.12889958826332,95.31257546235759
174.0640096396358,95.3716627186344
174.01697791172188,95.41529948615718
173.95415506492967,95.53705871754987
173.90576543431786,95.63172850364965
173.833776289945,95.75386667468324
173.77891349669807,95.82648582625889
173.7060812728327,95.90313347314108
173.60161787797946,96.0079559409883
173.53383426295966,96.09889653000246
173.4401102390753,96.25845090146663
173.3707532754756,96.363471250086
173.31194417743137,96.45475300796517
173.2529924406846,96.55854270746916
173.22526330525375,96.62559854685664
173.2102547503521,96.7117694784033
173.2010204846217,96.77332797882792
173.1892251397167,96.8293881165287
173.15870780584453,96.89373142004675
173.13046023373533,96.89656037114257
173.0984769601288,96.94697850588675
173.11645106155646,97.01542129297893
173.1484822977465,97.07885549547882
173.21454032145078,97.15644045513343
173.27751464636648,97.19888019331772
173.53656898988555,97.29458675058142
173.88772690189538,97.40446205787995
174.39341223258097,97.60746035507525
175.10617587673494,97.87481329668601
175.5685315142331,98.05400724249459
176.06570463475947,98.27871316835464
176.82087401032226,98.59403272526411
177.31018422528837,98.84436395399976
177.99971422098108,99.20995082975452
178.4236963780064,99.40616903592317
178.8993235419249,99.58367920986082
179.52655377811104,99.86012383270129
179.85430417385462,99.96271085254033
180.03131818833097,99.93673813000204
180.0574726862352,99.92119711310279
180.10697668292195,99.92093053056573
180.09082901367228,99.92973789461033
180.04322093302545,99.93977952147242
179.86820698849678,99.95643208566155
179.60574370200024,99.99081868035789
179.36340487640345,99.9891548206611
178.94669267323093,99.99628578055638
178.71093657426576,99.99093767624348
178.36651336027728,99.94572461852968
178.14997461607862,99.86956174631052
177.9205549235579,99.76122374098348
177.554934422904,99.6136789701583
177.45391853454456,99.56983958529004
177.36077104745908,99.55732206461305
177.31178415962557,99.58353834240002
177.30571648859566,99.65083554369645
177.31815903525853,99.8441442582066
177.32910418684992,99.97889291100736
177.3018824055925,100.16771479353952
177.23364162126833,100.33392923225847
177.1912422112284,100.62548636964016
177.25435320737662,101.32671021860821
177.394934544319,101.79712072800743
177.7563039687467,102.6918713765258
178.09349129987493,103.41755062498436
178.53269441951787,104.03525430259596
179.14317256810932,104.93439546745458
179.5831621475944,105.46611713185662
180.02718595714177,105.88122694587717
180.6880015274699,106.38461788755541
181.11203626718697,106.63315713160024
181.76473709598378,106.93184537303338
182.22322149704772,107.0963600683964
182.64299590527634,107.27149689495832
183.4592543349635,107.4338724946202
183.9816885993856,107.54926582700713
184.73571511568113,107.564095814398
185.14783905748072,107.52824718255475
185.54088065516558,107.47669258012247
185.86961044988735,107.30827216554218
185.95501653789606,107.26309115713939
186.07401363827853,107.1333724732055
186.1088867262248,107.02788672924652
186.11010956913398,106.90192184207766
186.11239609134486,106.68683759137191
186.12056904804268,106.5571881109994
186.13408805001498,106.37129408164691
186.16305840654928,106.2505148896067
186.1904759667863,106.13718035821444
186.23037070012697,105.96648319843237
186.25859094707678,105.82968491350866
186.29093242650566,105.63133775986735
186.30234723134964,105.5394776647496
186.26137748090383,105.44655788109577
186.16264231503004,105.33219171919714
186.06083325568096,105.28705005024844
185.93231167298035,105.24192430333851
185.86613092715945,105.20954173871043
185.81686924521506,105.1631935358097
185.7269107739807,105.0721151874016
185.6389465304464,105.04551664271614
185.41506021921685,105.0847416169849
185.2222157952519,105.11394145967462
185.02582253356886,105.1542454223909
184.64317081864067,105.24395950700908
184.43590618963347,105.2959113928761
184.1887310181138,105.39651480612858
183.77699153489087,105.56076428924038
183.42027498352465,105.67767085112082
182.5069650479417,105.73598335908096
181.8015140660349,105.73452067231452
180.98166786468641,105.69282080558918
179.54056356244203,105.5761640535366
178.4015684038916,105.37450296179829
176.38931457890877,104.6684108154071
174.85033552729385,103.72086440139364
172.9654453404303,102.69015346318848
170.5490289551088,101.13347172637839
168.864388859757,100.09754121118533
166.41693920828354,98.73609723516485
164.7211903809387,98.0291316972355
163.0829221488371,97.30677470312715
160.6231034794403,96.18458099030077
158.78786753983752,95.37146463287516
155.92929030365184,94.30800614999056
153.99991014197047,93.81023654713351
152.35741053994735,93.28199153542785
150.58156908237802,92.83953593350769
149.8410918158547,92.59595998501875
149.48518959689503,92.45003027386599
149.39010550401662,92.34563117481245
149.42704695264376,92.32748679897402
149.20368088022246,92.16393004353444
148.8685535195645,92.10969090986849
148.0079944226584,92.09594272811849
147.44657159153337,92.13171902851491
146.95163613696917,92.13567102614064
146.37871250364475,92.17625619843352
145.98158675152206,92.11115854822215
145.75227446804163,92.05701986063525
145.49007486777876,92.01500855552693
145.30750181502333,91.99800621897863
145.10883844076096,92.0049653948683
145.05250668668782,92.0087080741837
145.0362651992048,91.9941633096695
145.06593817164872,91.94343416831761
145.0932010870245,91.88728087963698
145.09999376667878,91.79189079484365
145.06450154924804,91.72888268093372
144.96206560004492,91.66515698475753
144.65853977310155,91.5788769088762
144.34913602645435,91.53105756722209
143.65496749853014,91.51366210557192
143.06448483056226,91.58858955922032
142.39293700005365,91.63024204493723
141.1789670478633,91.74275057341437
140.17716542441482,91.7863704210924
138.54373146051236,91.68796679836406
137.32607400208636,91.54022346181289
136.0785689858196,91.3613849523263
134.13197922579707,91.21656817964505
132.85470671606703,91.17376195483983
130.9278997814114,91.21563610621642
129.7514013141144,91.23524961415532
128.60947686580607,91.30039552494556
127.21976971597833,91.39873487435133
126.74753919943927,91.60305936352867
126.42630968978696,92.26629646987253
126.16744689860658,92.62502062196279
125.84926125210725,92.76298718095723
125.20010427309865,92.8185577246407
124.79825226070696,92.86936684436334
124.25691871729651,92.91299774498165
123.9451649542296,92.88492111777563
123.57945453954957,92.9041814872627
123.07156255688379,92.88089934158529
122.68017294290726,92.86996410082874
122.1763712544893,92.97298779057928
121.41766537106537,93.03425362530233
120.86446118171443,93.09881678643725
120.03128460924916,93.10374112325805
119.46644195456179,93.09731423744427
118.92897482741193,93.00337861533019
117.98578228702509,92.8392122710759
117.29563084504152,92.76753123986241
116.15141462410895,92.62488447841295
115.38853862321767,92.49082544962933
114.55869335800769,92.3690065010229
113.36065887505227,92.24782385400181
112.52673747578798,92.1995514957326
111.18342153851081,92.18714716727409
110.17265424174764,92.21663557997971
109.14304554932092,92.20846140540279
107.58033488892063,92.19222068551134
106.65906143454939,92.07266313224649
105.36269922471726,91.9125487004677
104.57691753313506,91.83810198536133
103.7356449707677,91.78720843074493
102.31084246650757,91.74984593945253
101.29478473644107,91.74954397366047
99.79295573254116,91.85111216481835
98.87000149616466,91.81737295060262
97.9853460873152,91.7817265023414
96.71596808114904,91.7008503352751
95.89562212272088,91.6424304078468
94.69770400863956,91.57662285826339
93.87689846128336,91.56712782698429
93.08145599711013,91.57169919408932
91.82493290068344,91.52579387342936
90.98511915532558,91.51429647694268
90.09651492650868,91.47954521560862
88.74299882042115,91.4184661177088
87.83502527549305,91.4235296737226
86.52831469043066,91.49665754230337
85.69232901704969,91.52349710979269
84.42309877669891,91.59631779376666
83.60631720361117,91.68024604950558
82.79029469131294,91.72134410711736
81.63098048186625,91.68054525412236
80.93437378853847,91.67128572892874
80.22338954783886,91.70270167819868
79.07825333258536,91.79284121172809
78.2687426947584,91.82738554022147
77.04060870425161,91.91608535404349
76.30679069568016,91.9538053114468
75.65127004094256,91.95915730641241
74.70324870565047,91.98248700776445
74.0926326796014,92.00931559150388
73.12671582690804,92.03202201401109
72.51277829805747,91.99445522777
71.95351406703365,91.9761385879535
71.16784060660599,91.98057870213891
70.72746782300557,91.96430025853434
70.2631747074951,91.90688008229797
70.06271497039953,91.86374891542273
69.88038207382063,91.82379840011433
69.72818861651366,91.78265513629293
69.65598002672695,91.73915802380643
69.64274848719158,91.6696705141108
69.7437071686545,91.59121180767274
69.92972318690953,91.52673912906414
70.36342221483508,91.40272249863601
70.6690664572555,91.34299206751484
70.99643479497581,91.30962349972545
71.51577391850466,91.36571415725504
71.94599312163896,91.48786160954027
72.69792894377704,91.66102684297383
73.38577399686844,91.81991028886412
74.25840535468227,91.9167664501167
75.89687963953845,92.07475998286985
77.38018714386281,92.25670797052155
80.30267592938657,92.79275382495901
82.8457584434327,93.21565309199794
85.8410374270551,93.98507765514297
91.23025085670004,95.17400859979361
95.11938807435898,96.06544653256886
101.09613551675726,96.94739939707341
105.05321670651459,97.75065198325339
109.09446452318898,98.34692067571405
115.2726167730746,99.21529383726404
119.52141503880384,99.59709121167839
126.00480923572684,100.09737773990925
130.37760185853955,100.33415854497957
134.68363519764296,100.55734690376912
140.79104329248798,100.54805804799507
144.55870345872083,100.55504374068661
149.76000514470752,100.41262632975055
152.97869857431735,100.27674015622256
156.05743066521654,100.18509945208766
160.54465393294726,99.90868421636709
163.39570859035018,99.70261627354826
167.3205434705727,99.38840428015311
169.7483900008237,99.17670532748971
172.0586985508537,98.98406541274824
175.19148448650577,98.82377803695347
177.2535959455657,98.70256230716595
180.19755652472162,98.62094997474372
181.97641126927104,98.54794069202278
183.76431801026237,98.38622424586943
186.40089959503888,98.25285293656833
188.16779263569364,98.24206218944799
189.96603745667153,98.20546968695768
192.77939670741992,98.15533232771729
194.71699867669636,98.12673097067079
197.77918753601503,98.11580310661408
199.80078494731623,98.06801964804619
201.74807289434196,98.04170854007184
205.01095970162643,97.73026077961124
207.5275209424818,97.38523556828684
211.54921544973848,96.98473927155585
214.13904071636657,96.9126164194601
216.57307141295044,96.83408168949818
219.92103564217715,96.78719574112684
221.93257199297648,96.80312564293088
224.56133944923573,96.5870479727325
226.22491441996533,96.38854023672562
227.7322239697789,96.3453718243966
229.82141002251564,96.25790642855478
231.07497899507482,96.20806110595986
232.41908450996226,96.68422106067922
233.050022550015,97.2615524309342
233.83490122796914,97.82080023766447
235.3581943392042,98.46934172323608
236.78368126028636,98.88439265426945
239.29250526555444,99.0442661931912
241.0641520969284,98.86931015893515
242.81637914606853,98.79214521733682
244.8088310705558,98.708967511277
245.37088770593223,98.5401936850414
245.5484549131774,98.20858214805567
245.52544072204182,98.04345651776516
245.67714720532996,97.82786493619393
246.06310484755147,97.70499195256924
246.40032882768443,97.71695907251302
246.6498483023064,98.04553019440576
246.69364778765433,98.21577761205516
246.57001802338294,98.5917690158262
246.0648620896286,99.09930236358154
245.72248305351422,99.43072983031254
245.37407902069054,99.62371571690966
244.79731301688366,99.95018973632399
244.19505213355814,100.08039920003424
243.22070740000322,99.99720690738569
242.5831979038846,100.04080746407895
242.00357921999213,100.03343376327993
241.06916693867817,100.15097714414378
240.16965976018673,100.35205003781068
238.3770889335504,100.67784160530448
237.0544128822769,100.64688480925109
235.5068166174956,100.72112210261677
232.9583988371727,100.8198131333224
231.0279704527002,100.86587974591605
228.08508718862214,100.61523462505984
225.8853430579299,100.60797537716405
223.51142762136362,100.58521800519277
219.14357773109847,100.52298690451312
215.43710243974124,100.14134732427982
208.81961384697138,99.49856127063518
204.11623779341593,98.99806950611462
199.59658109965093,98.57601738353758
193.4549590117546,97.95049138742395
190.05193390190024,97.61840651138253
186.00862386997574,97.35126010570164
183.90798660901729,97.25797757547764
182.33763127852123,97.18052411697086
180.45858904189134,97.09424499884577
179.26619780264008,97.05402854231197
177.57637910101116,97.04592193200688
176.55189607367015,96.94344479533159
175.63128367600135,96.88050276552576
174.58608942380192,96.6103480429362
174.35715511304454,96.19582447795652
174.6885146945557,95.42187287954235
175.12288719295032,95.03894933796055
175.5290776594482,94.79817870757672
175.9314339395355,94.68483631407477
175.92016720034144,94.66269721542858
175.83708420407336,94.64960362430594
175.2704011153783,94.67096929920504
174.7523977506453,94.67075827692395
174.2591111147362,94.63678926971672
174.15156570432984,94.62915682052996
174.08461795967565,94.6220793973699
174.11686356905605,94.59194962135777
174.20275551857142,94.58776686777608
174.43984975064663,94.6382742916328
174.65400600622587,94.71025397811113
174.87209882672667,94.80496138326755
175.24049055564274,94.99038805499737
175.4857650969769,95.13701798627686
175.79934981982768,95.35825798484949
175.98755133143052,95.4792085159821
176.17007430611625,95.63436307581118
176.4316097575094,95.90014228417542
176.59909268112165,96.07473185989691
176.87922897810475,96.30127215809463
177.08247238545306,96.43148221544647
177.31157292276035,96.57148805103351
177.79708755553332,96.73495968148605
178.02730168312036,96.7614237785309
178.48012769547128,96.79921252568255
178.7592400246283,96.82070637915297
179.03826850784057,96.82043961263916
179.37902251576799,96.82553363520816
179.59572992576113,96.89485764479646
179.927552105181,97.02495827007421
180.0801099503032,97.12010855378729
180.24143076415552,97.25350781775651
180.46988194913476,97.46781818284813
180.6130756919632,97.63774484577499
180.71859224724327,97.85048598093657
180.90024237221408,98.31456168096537
180.9584386219841,98.66891168666963
181.0403777064844,99.17866068485057
181.07939786007557,99.60185166263085
181.10456896648418,99.9529513781715
181.1427000909376,100.52818125308066
181.21450503463336,101.03894999948272
181.27365655167924,101.73383832655006
181.32694059336578,102.2433548391415
181.39965606281945,102.70421599194742
181.5199949164025,103.38487152994551
181.60211002505395,103.74746387564582
181.64310413618125,104.27156691738122
181.6245421432719,104.48354958848884
181.62588318890403,104.69930093349707
181.58882149880395,104.96398772951113
181.57668851046046,105.11460002045833
181.57801749835622,105.27981124823698
181.58655109547146,105.38400584893608
181.58363511668742,105.46659315413095
181.5861083621367,105.57427569041187
181.5955125745174,105.6498249836752
181.59638414044014,105.75291332600052
181.61391639656605,105.83946078925274
181.6204906527168,105.91109033270831
181.59884624388857,105.98597833109065
181.58898093711605,106.06165588485254
181.5644823876755,106.17886754687346
181.5555699598501,106.23880878110216
181.5502423595137,106.28093650772794
181.527581676233,106.28571167830994
181.503344442902,106.2790520572747
181.4809569660776,106.27504528537649
181.45453020949438,106.28899018343638
181.4377515747259,106.30375635702258
181.4010744391958,106.33437833332815
181.36636527631393,106.3421085924094
181.33293937556004,106.34633686045198
181.29779356201232,106.3782641903448
181.2718005061186,106.42283977492926
181.21313471284608,106.51624270656163
181.17115933785806,106.59147225763341
181.11062374124828,106.68756189041093
181.04733413311058,106.84786693301552
181.01085921904078,107.02304793399321
181.0108325910908,107.3405368496616
181.01745972113332,107.69453164066968
181.14763606959045,108.2251273341423
181.4395274070317,109.19594084670098
181.74166892861422,110.04304256278726
182.29829375885177,111.494174193112
182.7327884737163,112.5082683165432
183.1267863266797,113.5335460702136
183.61049075069903,114.96975199544848
183.89536664632266,115.8021755486204
184.04794804836797,116.75016951893251
184.10872589679332,117.35191172768765
184.11605166213837,117.80977330571761
184.08511391789426,118.5823567362418
184.09747223131583,119.01716463167635
184.11100207134058,119.77156365013977
184.03446758475167,120.38156933358513
184.01417231739194,120.99691708574868
183.85295772026163,122.18062588495621
183.63677177703696,123.25396534967865
183.3926100834006,124.57601743209428
182.9919252108123,126.76315735714746
182.69769893900528,128.23242058388234
182.38048952460548,129.7519240631655
182.04604168219808,130.8985626378145
181.83093374494726,131.6360680495465
181.47424380897752,132.807196305126
181.37147136795812,133.34713944274498
181.35428417297717,134.25693096631315
181.43402202533423,134.9257957568196
181.47438129651445,135.6823185527283
181.30110520663374,136.69414587320787
181.0590889440361,137.37491398830267
180.67065494404707,138.2893647914255
180.5070799638909,138.7323382619134
180.48381800526354,139.20075274615232
180.63005667960556,139.7973850250247
180.73712067676053,140.27010791444928
181.04416192623117,140.81926716924593
181.4424206914216,141.02683038832683
182.3442081232781,141.09937389188372
185.81318750190349,140.79838462438607
188.3695442753328,140.68584171640723
191.83645379471764,140.58110188907028
193.80221241761336,140.38972270859855
195.59142470683142,140.1460941214915
197.59491726567347,139.72483281073318
198.70062573786853,139.4148131871683
199.92538792801543,139.07659952964468
200.82644263674902,138.70769859552905
201.9353124501602,138.29667900917866
203.35883321786693,137.78323809155464
204.2048485266763,137.407110595926
205.32022738592337,136.78577554102972
205.95449481760429,136.40596790505356
206.35722618316,135.81267607623857
206.98867935570075,134.74641421420108
207.5346933453311,134.08273881124978
208.18634384606065,133.6375047207124
209.0913748704333,133.08644666143732
209.63933914554482,132.7816477139653
209.98913723011964,132.31629177589693
210.0597645051505,132.01820414188433
209.98902975057112,131.77725148884224
209.85405507600424,131.55037528382388
209.7595358223955,131.4002121983198
209.63238366365732,131.006927835432
209.62815940385556,130.67830358385046
209.68898559047835,130.34199903997757
209.8560541603581,129.88016890799588
209.9952172702541,129.64983514269596
210.18198875565008,129.3817964698407
210.31457373870447,129.2127976371775
210.41983750901602,129.1019161576063
210.44122846419387,128.91864421459928
210.42259464351918,128.84993168579535
210.3246717660422,128.7689203808863
210.2627507445063,128.71599240440597
210.24820139929193,128.67222580849707
210.24903050124982,128.5523577652262
210.30434384312483,128.3471331102273
210.38813407492944,127.54440771454674
210.31237599469964,126.77499119221119
210.10883701488018,126.03931848075412
209.7416154783892,124.9563753580509
209.6070487121864,124.41660934609442
209.53179065274009,123.71510484297502
209.58410188833972,123.31267265036871
209.62090546034574,122.96895938771956
209.58146697209412,122.49299416932264
209.45351796496848,122.15822590073816
209.3469654750658,121.6900387098306
209.09292653576918,120.93365601121285
208.9383144112135,120.32313952741333
208.7390901033056,119.59596528877053
208.76630585875444,119.19643932396863
208.86056132013059,118.96746398201333
209.01901579969882,118.93327914907603
209.13890142675797,118.91669235757699
209.43351894812963,119.03752849205364
209.6410878665936,119.26348007605957
209.79069174460207,119.47705241083483
210.03949779687204,119.66818846806805
210.2038553781549,119.85242292528154
210.36293387637107,120.00270339207614
210.44834778645688,120.09531379490718
210.501031219852,120.168872467893
210.53784833159557,120.27472500275934
210.53467178367853,120.31519372768291
210.49355462270847,120.3233977594916
210.43814912968216,120.26755516194811
210.35000985388405,120.09693463338037
209.84474713007862,119.16046618650574
209.16539129252237,118.38385730422684
207.5900212081339,116.89978981367152
206.2317160162103,115.663542102568
204.748508396707,114.50842401089773
202.2773810598038,112.51409941665705
200.5465827915411,111.26260961849769
197.30818477922247,109.00787298940418
194.80489063875723,107.34417206902938
192.22282662054948,105.63382524393091
188.66365795188605,103.41194364751072
186.284651404465,101.9415035332644
182.9638002034282,100.09444204826588
181.05202849189166,98.96406668404984
179.28276760596341,98.01589594365285
177.18103203413452,97.07460893810776
176.17932956373687,96.63588641699889
175.4610055097468,96.30014570261481
174.80843725832457,96.0615738315342
174.56402494470376,95.92327746148014
174.30610535060103,95.77276879917483
174.19335702222395,95.60470990941243
174.03194680889138,95.49568274674238
173.83899261734547,95.39545579603372
173.71078359332074,95.33541995735155
173.4559685475683,95.27855430468654
173.28859747419276,95.2795656693491
173.16467386462003,95.30816770514433
172.9465965902805,95.36547150199281
172.83360110001718,95.41191892964427
172.62929752818823,95.5064689184624
172.5327969138729,95.54083296517247
172.43533088028315,95.5459245086104
172.32054105929603,95.5410939200264
172.24955987637114,95.57314244816862
172.18795639394676,95.59185160172386
172.13599750768137,95.53720566506118
172.07546944440662,95.45337798765142
171.95918087526238,95.26298563651751
171.86175173774825,95.07235374862024
171.57892431579566,94.55841812253419
171.29326961807584,94.02875250628804
170.88546387633014,93.31431212652294
170.1163001633138,91.92406398968147
169.48136405653983,90.973695883237
168.4228722147919,89.44778171662814
167.68892369560206,88.40753732122228
166.84449470759537,87.32448848458012
165.34176282287905,85.73165849517075
164.25924568730642,84.77250786490019
163.17517401696801,83.91477484006869
161.61442627021057,82.71180366485869
160.42098149947753,82.0408925353615
158.51586295969454,81.07396191446483
157.15326047246612,80.53056749635358
155.62903461223934,80.15342204248128
153.2188069185287,79.60986839951336
151.30220355605275,79.40713761339052
148.50492537514717,79.05975213606169
146.515971148755,78.86751891438354
144.6808811923813,78.70627651804003
142.0477439782146,78.5917690363304
140.44090966927521,78.53769361102475
138.17376627459564,78.55167208103097
136.6129025378038,78.53909427001055
135.0336003066916,78.57631449606576
132.70624454149228,78.54012898658219
131.05920575341534,78.54725118715598
128.49608137302218,78.58970735708228
126.73879586084998,78.67737770663102
124.99569630807294,78.7775089279466
122.36510542176669,78.87583428999729
120.60673728550056,78.87562981316314
118.81835547935518,78.83893585434315
116.24511987474469,78.86571412093474
114.66900920745556,78.85810003483333
112.456762284654,78.81538791652395
111.0623359841614,78.75278281191395
109.20609654836551,78.5925139218576
108.15672164451445,78.54648678307665
107.18813443836505,78.48597721201473
105.99662407513489,78.4753982677388
105.24958677915755,78.43489002236377
104.20538366222846,78.41839264917925
103.5427212278033,78.43985880231752
102.92427643994071,78.49895163960431
102.19335508138198,78.59034770256363
101.76099294504711,78.66468183290137
101.38051843386751,78.72660544810262
100.93363024293805,78.79483270016061
100.64764669889921,78.81424272440749
100.32109869178322,78.87860272047794
100.12241495482999,78.93629156559697
99.91468496486638,78.9818021098162
99.66483190447579,79.04800887565591
99.56323745873016,79.06788228410326
99.46048901697048,79.13323270745157
99.43050259696395,79.16693354878726
99.46222212893004,79.19646437401184
99.58014174940557,79.21015322531179
99.71339875391301,79.19681762970804
99.98947036759245,79.21381957708621
100.23187445869249,79.21317534414351
100.60981083330277,79.2071912759294
101.47700854357464,79.19215433154197
102.29524589928742,79.1288201024424
103.67199692563634,79.02047400987338
104.59877308787146,78.89213814130069
105.61453897500951,78.7899065783471
107.67038089990706,78.78736896683631
109.44823572498052,78.82066071854081
112.6327985899236,78.80588325917574
115.04522369377653,78.80213807047136
117.60590483854801,78.68869116624182
121.61246320970326,78.52481590254979
124.18533147961213,78.33835779538856
127.85100693814779,78.20497494196191
130.21967396139058,78.17364426390358
132.48110301707734,77.9826019460034
135.648136306002,77.89469589531143
137.71186120930275,77.80401578946942
139.7018595637286,77.73400472390091
142.5177708672744,77.6740638780803
144.3033722755124,77.59706061577525
146.7903006955456,77.5186195691684
148.35425955000298,77.52828026034211
149.88601238468743,77.57168250866486
152.10973568787801,77.59363301047202
153.51308247044142,77.61194340535224
155.48921059856332,77.60471588327547
156.78212395294705,77.56465078351273
158.01476710434196,77.55405548495868
159.76796864004274,77.53872193962938
160.87410150196206,77.56960910486677
162.43825437362258,77.63565622810628
163.4128857168813,77.71094518069208
164.32251231838697,77.77755696409464
165.664715686504,77.93631594156744
166.4521873029509,78.02112994146509
167.5347320229463,78.07703630279406
168.21468333800274,78.10294753154835
168.89970610166398,78.17498157885281
169.91921637318828,78.33429529102618
170.59272830926383,78.4293975979464
171.50322199077647,78.54904746215476
172.00008415389502,78.58875112100355
172.41388060346162,78.59449745424614
172.68130453757988,78.57964824572552
172.80635242115292,78.59968963783537
172.89302406320965,78.61133341420408
172.93817400687212,78.6295120494179
172.94889859312346,78.62297603125
172.91051397387557,78.59135265701448
172.82895408216038,78.56321961000121
172.65415189744286,78.53307329764216
172.31598450798006,78.524427119345
171.93881037441884,78.52218303405535
171.3753553783049,78.53466813173827
170.90753663398087,78.57268229452399
170.45392035103865,78.60966591043844
169.62210451638106,78.63234810799787
169.0235457558456,78.56936415120325
167.97068057788547,78.50046209621128
167.22624953742974,78.47022881670846
166.43153015653635,78.46032999098244
165.22907533404262,78.44729599560651
164.41227038124015,78.44417983428978
163.09299675302992,78.3581870056424
162.2352960086635,78.29320762999141
161.3242246009145,78.22799805708708
159.94794053132978,78.12211559336923
158.94117505685432,78.0589455907041
157.3434903975766,78.0164195740713
156.2361142081318,77.92351964535315
155.13894930820712,77.87002404835144
153.3969401836102,77.74444737841964
152.27119439693135,77.69045577168279
150.54614723235784,77.64130954503129
149.40185399157366,77.67141037101582
148.2663326252553,77.69739206905257
146.53587466401453,77.68209068281298
145.41842692349712,77.6119590328334
143.7634552047229,77.45549870766095
142.70372859515248,77.3359325236521
141.57405379754795,77.27127994800136
139.95136701729498,77.18168872209294
138.8799402901813,77.14708740911375
137.29924949590992,77.16310447372666
136.3279887594827,77.16185801659113
135.37159286020318,77.12920038237405
133.99989132935198,77.10965099095635
133.1168331304254,77.15732122011508
132.27253896294025,77.20998021279223
130.99743611494924,77.338487551361
130.13586873235838,77.44371317431445
128.90534536781502,77.62134252146815
128.09399383481235,77.75973624203635
127.35460283673827,77.8653819508843
126.28588405919608,77.96973620953887
125.65882799825546,78.03855876686595
124.75587393723848,78.10443325431214
124.15407093703104,78.15036837435233
123.61370442909431,78.20463863401352
122.76638749705403,78.2875289648406
122.20552033048276,78.41597318924345
121.44786891858499,78.48209199248251
121.01684633179204,78.51574137361384
120.67169265817336,78.51616985419946
120.34493208600719,78.49199242644376
120.19150291400769,78.51663277997639
120.08079419312926,78.53529515612277
120.0202627536434,78.55570564770154
120.00501385606742,78.5709369147359
120.05128194325368,78.5733146990395
120.13856362596538,78.57139485698323
120.29052528574786,78.57638483860994
120.36150475042965,78.60732631715233
120.43140173339754,78.64532689356174
120.55910586071066,78.71205289145982
120.70521824019929,78.76385716959054
121.10696260745766,78.82381409386738
121.49782182053767,78.88079457413285
121.9263633127205,78.91141443496366
122.66859478080582,78.97872938494558
123.19935122005158,78.95938776464018
123.83920347688158,78.94221891631786
125.04719103435298,78.83142088358046
126.00134068153108,78.77102539254085
127.5565506673824,78.79310761092799
128.74195723369985,78.76140431733064
130.03658640410885,78.73422060563512
132.415274342477,78.81862813345926
134.3516176570913,79.0672929423508
137.79097868512702,79.57606816426686
140.40085671209243,79.99220496938261
143.04568866034822,80.3064662853339
147.07648128882292,80.88110207858264
149.87228868626627,81.1004105731619
154.06351894774346,81.50799473660105
156.8236319806256,81.79594694861247
159.4366218537334,82.12079012284573
162.95756854208923,82.52999256501182
164.9850744005721,82.70786858533593
167.40278283070256,82.96732336172414
168.67170915997215,83.10649074468209
169.69928446093652,83.25911438168102
170.90073854102138,83.47251701707168
171.49691468252075,83.53904972404791
172.32136300793317,83.6730071901437
172.8492321699536,83.70802411908714
173.41580671505452,83.71698224803738
174.28135057730503,83.73494457947953
174.91241135058976,83.81744701667611
175.8510893978453,83.98646664048802
176.5090837199583,84.06053972334746
177.15879092163058,84.18872265917139
178.07689644052277,84.29741827073764
178.64075646274236,84.32210364312843
179.15107263938484,84.40897037442669
179.7832138309109,84.6306281066958
180.07181925066388,84.86815596858564
180.38556715131088,85.33253167644928
180.63285087900056,85.69093707302143
180.78421830303137,86.02330019992552
181.00318892855276,86.33435174876632
181.17881491806722,86.55357232447305
181.2863338348192,86.76111582389363
181.3758122180478,86.91249594249767
181.41229290547525,87.06869920899221
181.38894153390828,87.25622062122204
181.33422537498245,87.38252720572929
181.1134310661037,87.55185503564007
180.91597095145414,87.64494119407371
180.70122863746283,87.7535427473929
180.3736691137479,87.93356496038278
180.17866647789734,88.0267130033175
179.91659646702612,88.09393130464142
179.7321556780511,88.11387432461902
179.5596585881685,88.12911265949457
179.29911625799417,88.11325446451596
179.09592569173583,88.1224932879423
178.8628356297059,88.1276262910188
178.704835188199,88.15546298040248
178.55173366250426,88.18169035348849
178.3346487601931,88.20213976830763
178.23176379297857,88.23130875636637
178.07110605023485,88.29357704468264
177.9980264486558,88.33401355613707
177.92022733707566,88.38663684465128
177.81560079493678,88.49564982062277
177.76680995333902,88.56139324149817
177.68281655024188,88.67571387321394
177.62704749630618,88.75962280411774
177.58788412580066,88.83836999838665
177.57673487396306,88.95955618591448
177.59062507496228,89.06601748174029
177.6171125539793,89.15136106181252
177.66205809264505,89.2676095398909
177.68707730714004,89.31665568577552
177.70966117827206,89.39234001000206
177.71366565957666,89.44798312030002
177.71385181178815,89.49585087502169
177.70947821440456,89.57959735141517
177.67944163025282,89.64084851297672
177.6187248806717,89.70424574588424
177.58719415746452,89.72319738517821
177.56666621691744,89.74256360633812
177.57580333462278,89.77176116341383
177.58601936544883,89.79144170796881
177.57698868937896,89.82643707640672
177.5689057749868,89.86017319986809
177.55042973572193,89.89675536875802
177.54147669689436,89.96042508955077
177.53784923248168,89.9897664342733
177.53685461242475,90.01597486461041
177.5323680168262,90.00360355349397
177.54618514591084,90.01300816978176
177.5698740830571,90.0514764823795
177.57636508641767,90.07564808978543
177.54950422845266,90.09980054862483
177.52018861713088,90.10895871756271
177.49591237415746,90.13344769493312
177.48210229199535,90.1860749308521
177.47480635865472,90.22135468125029
177.45865962250863,90.27323480002245
177.43666063649144,90.30138713162341
177.41493655337837,90.32085797916531
177.3947285627315,90.35061670464111
177.39247588918266,90.38181677656897
177.39418661652343,90.42300587858158
177.37208734607003,90.47658948964988
177.34802830205183,90.52269112556647
177.3025599781758,90.5820838540173
177.2651722095955,90.6258321051755
177.24682485828433,90.66386231622259
177.2193984452764,90.70746495826451
177.19584996889978,90.71263477253291
177.18811994430726,90.72531805200852
177.19500750458636,90.76452784698662
177.20098489094946,90.79624031022344
177.1980795691804,90.8242953913401
177.19439524128487,90.82323942457745
177.1931078613894,90.82394315098816
177.19534457251743,90.83803281766389
177.20410483283078,90.85638475671686
177.21959975202674,90.90658303402179
177.2264081065687,90.94338641326763
177.2368019170198,90.97422297135459
177.24411887841572,90.97974389481301
177.25877088867725,90.9778534345195
177.29041434496315,90.97305817834051
177.31647109256426,90.97706928863502
177.3278592879705,90.99124081318361
177.32389935933693,91.00490575879931
177.31447028408297,91.02475341202602
177.30812604429136,91.06468755749476
177.30752506551968,91.08328256764136
