177.00134911973217,99.72666956501291
177.5454304331777,99.58331318614394
178.5046807429728,99.51803754301253
179.25693682170393,99.52513538875472
180.49309701982168,99.48610953823272
181.41236265335223,99.40482695069923
182.30258498743885,99.47349384817032
183.56025739483235,99.69717797702675
184.36928991199008,100.04811402671487
185.44816181146598,101.2124864609005
186.11342262264145,102.40627888534945
186.7849942084959,103.85462258738248
187.47150464297746,106.42363443765458
187.67407049259924,108.61659904569431
187.6359182253844,110.94931508144963
187.24596743419568,114.73655136803967
186.93674830451954,116.7412060815283
186.25953785958518,118.88659024163528
185.93132130924351,119.81206629244592
185.6602399287651,120.87060435424081
185.5717279995841,122.01227905511638
185.7388096058981,122.61635863855042
186.07476135776955,122.80360642324581
186.25479899739597,122.82185902077927
186.45360299423697,122.74850716441536
187.0831043850746,122.67302193814676
187.71688984465823,122.61323251349765
188.8565940169381,122.72421697747697
189.79638088129377,122.75649403616697
191.06186532566218,122.68036156319766
193.89811211545478,122.74457871183705
196.79724885244474,122.86610878179813
202.05075127591172,123.49571715388285
205.810662755652,123.9792488375097
209.5959968362278,124.32059644159028
214.63321478588063,124.51612579950944
217.56592651018778,124.51178890577359
221.41583669304984,124.54155406810077
223.7793709834918,124.5558258722154
225.89747497268226,124.6241329189023
228.94417810375273,124.81000160747743
230.96208408285418,124.80639356825344
233.62549793917285,124.78365869100625
235.1923872827595,124.6512917876635
236.52185336112186,124.55700703473681
238.51410741973388,124.21192935239591
239.82137337908964,124.15923539611522
241.92429505407222,123.96032323114503
243.39249548105292,123.99144589704771
245.54956538216072,123.88550717534879
250.13018491103458,123.93634194385945
252.84171555351497,124.1510873942504
254.97767501660206,124.43499184874446
258.0637965612019,124.58891217145322
259.7904053409244,124.617816272294
261.9354020168938,124.79332419548383
263.131480797797,124.57881398288515
264.2205633917133,124.22278746439875
264.8865603855022,123.59209483024839
265.32242028593686,122.94058126259307
265.7860008172753,122.25923330263585
265.8987328125565,121.78834582386307
266.0567933313296,121.04624458908458
265.96721725574304,120.79856571427855
265.91581002189446,120.55330010888585
265.92205152961435,120.38577682274033
265.9028554346874,120.27880502450417
265.94515149940736,120.10133502006457
265.9529871252553,120.1054255029874
265.97729689371386,120.01543896507741
265.98976187587994,119.99771278770162
266.0134908496267,119.97879933239668
266.05655835560816,119.89637796271207
266.0273566035939,119.75876716204189
266.022422593011,119.70941745653414
265.94430453199516,119.62578849389959
265.90341187582817,119.57017077575898
265.88383094291197,119.54713938557626
265.8360381342458,119.61325581780137
265.823743807559,119.59316854953383
265.75805282296744,119.58995853159962
265.7092814654126,119.5918064334189
265.68593728209964,119.63168180880751
265.68303966665303,119.65439568629206
265.6779347238522,119.64367409993315
265.6709754850805,119.60038635218373
265.7165289254466,119.51511829790117
265.8569337108015,119.27016992892638
266.0305638076178,118.94059376492024
266.3514686044405,118.36905897556163
267.1915426829129,117.30742541531347
267.9802639126906,116.70608578905055
268.8340615192438,115.74220295457809
269.50564813859404,114.2549617877129
269.72833124698514,113.11579032901643
269.7600521775412,111.43139364361122
269.73945287746136,110.30800054797635
269.7510926525793,109.33846203547711
269.58254050652215,107.96980693949997
269.42571309147297,107.13038360294274
269.02699603897133,105.99697810306952
268.7313686967891,105.18771125614877
268.328621521036,104.4724000782874
267.3822223140597,103.72983536436932
266.7870890715422,103.22904713297902
265.9573854816062,102.9084867972368
265.3372240508829,102.77615240374854
264.6264685074332,102.64566451486468
263.09985605023894,102.54391235177162
261.83126886620477,102.39088036683538
259.27151273314564,101.90614713078075
257.15050355463677,101.54906548559096
254.7526882219607,101.11946140679424
250.58897330817229,100.6328103169042
247.3997895764267,100.42210298963069
242.39236710183425,99.97478163218028
238.93099204546775,99.75461881787982
235.34180769928093,99.55958185249862
230.22582254278564,98.685016587546
226.8018795552539,98.35512773222423
221.68581085778789,97.99296717525326
218.09614368316107,97.88585332473687
214.77948948929736,97.53840092358845
210.06495591186624,97.13588953715677
207.1589833155183,96.94308829417326
202.89359860223658,96.93375143696916
199.85296281959788,96.79263715757543
196.82696583326126,96.748194630063
192.52530379383742,96.51391967361407
189.71243913887892,96.43037573442129
185.83554379293307,96.25437677918175
183.24568392737763,96.08798077982051
180.7828676895541,95.93019136490908
176.8453455196843,95.84317732888897
174.2312533657502,95.85351731991322
171.95304672241542,95.76262123499474
168.7067456131973,95.75520336487928
166.86432452558557,95.6609125373853
164.4152499820198,95.64753757993051
162.9592868958592,95.63351947052105
161.05984105593424,95.62207867514266
159.94002012056248,95.6564145807155
158.89081125535407,95.59045101939981
157.1745851402659,95.53184270581478
156.16511172836564,95.53588185413705
154.7558069124466,95.57281304726084
153.9731429343811,95.69996718352276
153.4177944908181,95.77401133395588
152.41424568030078,95.99435850917257
151.52891448142563,96.18960716658813
149.59173073174824,96.22391733220964
147.641309509844,96.09867018892696
145.07353232752783,96.17910358516987
140.8297677687567,96.25488014002269
137.46780063287383,96.22274897208638
134.09053710574014,96.10320094516734
128.9024820978651,95.99957810122925
125.44360956421457,95.9373272261718
120.33409472453033,95.78464068218848
117.04558125497059,95.75309101066543
112.53291090408965,95.7055008289647
109.84847089218569,95.6434766567254
107.22627792041804,95.67590481307202
103.5854139013575,95.6444436592254
101.25628832098064,95.61546865692586
97.95868275548435,95.76746565251099
95.99163318069662,95.92944714922685
94.09838468089394,96.13234362815503
91.45079812797286,96.41493649447891
89.64248592533625,96.47819665847022
87.62089467430536,96.69800511401615
84.51213102996714,96.96678374587829
82.37136841527389,97.36948900787792
78.99729453135143,98.10775640231232
76.79807165772226,98.46647375778241
73.29200066853342,98.59955357623764
70.9109619554932,98.65186459663433
68.64128787223727,98.59307567386645
65.4647590856688,98.45400155749405
63.269913725331904,98.45084158140719
60.29574275841061,98.65652009615724
58.81779417303483,98.70093576690327
57.35627654357596,98.93136729960145
55.71501302167785,99.05871869856873
53.22410291687538,98.992712353996
51.48005400832599,99.09692566388705
48.38393451062933,99.25956182745082
45.75612599841921,99.49792369259725
41.07798492293432,99.84159281297362
37.86985857851997,100.41718760344199
35.20673682559638,100.66438680909731
31.83028909101202,100.64189918508302
29.929207100202234,100.57155853700202
27.985881812939425,100.43138965223689
27.426625811881365,100.7789829944139
27.209455624899846,100.74097519753305
26.94330683579932,100.76467212196879
27.009472758858266,100.58318287915799
27.464942090556917,100.45490767243457
28.275200690980938,100.3291619026039
29.281692256393427,100.18729071336149
31.61160569327268,99.86563476291059
33.750618790505825,99.8554755237987
37.29116839278802,99.7350125476813
39.685606838270274,99.67368742391012
42.38478212890209,99.49387717089259
46.96918552434005,98.36553195777608
50.16880166417093,97.64541894135591
55.39136285403494,96.74993224919506
58.94974266397821,96.11673261575214
62.67068421674209,95.31602764125341
67.66344762344188,94.53167012459245
70.62069377347477,93.9650724174836
74.14020577843368,93.23692843858228
75.9694327757764,92.58821517210477
77.63586022531155,92.38677234316103
79.66953044194499,92.25417928257056
80.95463762870477,92.14699885141339
82.86593624711058,92.41936222600692
84.86254177928632,92.62233056126242
85.51917160583076,92.72985300082249
87.67041055098092,93.00261738678923
89.17978245659118,93.17915239671811
91.67300042336032,93.26728669119248
93.74741937431925,93.39414634140863
97.28092226951969,93.71014649254332
100.7527617479883,93.8236584836611
104.73560628122287,94.28859546231585
111.3457849078729,94.7209416917094
115.44990016109234,94.97790388546598
119.35887465413094,95.19105271491172
124.40562223968544,95.7233440217631
127.14437163687685,96.2109459082367
129.42500475985446,96.58262347953664
131.63205683893835,97.96282663212085
132.96635679101843,99.4821436307158
135.07745804889842,102.24729661413447
136.3344723267449,103.57110996033255
138.06454550500035,104.30195139402906
138.8634015939055,104.07733718238272
139.51994479175238,104.2632379073773
140.9254955271204,105.58353184920341
142.22866199745891,106.22885140596499
143.77549419311205,106.34792028042666
145.97832103286555,106.65134607993977
147.48874842012654,106.75287574472796
150.45861262063605,107.37110012804536
152.60478936678285,107.99688042253821
156.384641502855,108.80863337515794
159.03026567458292,109.26620028145226
161.63793157956874,109.76911180728443
165.3127179803417,110.87784370087346
167.34199176232465,111.91895057971806
170.2121595696171,113.67651992022779
171.5347892131427,115.3817833490617
172.51958721652,116.97448539632506
173.73907077904434,118.8979819075214
174.29963801347992,119.61424134342529
174.92624969082982,120.00596577319621
175.22968346413927,120.39505795240768
175.5720553859398,120.25079062553381
175.96123536070607,120.17940582191716
176.0887058404083,120.08454928925387
176.21762906179066,119.877559628256
176.3350841231298,119.51889884583645
176.41094095979756,119.35061218172171
176.70375987227268,119.03900881835713
177.11318505997494,118.78269476443933
177.70393107109683,118.591304157413
178.84061673853356,118.12446531215274
179.9374487405799,117.76420733453531
182.36913002518304,117.14495075611896
184.7644089496112,116.71031098603936
187.20449575381372,116.43404905102106
190.4507699863838,116.2001086843347
191.9788964363086,115.92099467639414
193.3121929517603,115.44976220718515
193.36445169170625,115.14054079885585
192.9950115487858,114.86143352190889
192.466790855844,114.42914601493112
192.55234209044883,114.38547963123136
192.9142773586386,114.46593544141133
193.48706230580984,114.63380519822954
194.1359412986451,114.5895563150966
194.9517132090013,114.60077031009362
196.76692791057116,114.41330841960726
198.9000273740368,114.11035120995996
203.17701006705607,113.53793035128335
207.0657791424867,112.45417414142287
212.47749978081737,110.79430221428382
215.51664224567836,109.26138763072152
218.1730089141464,107.6113315693742
219.12669090452044,106.8948338230773
219.5524380860055,106.26300455817503
219.65162905114985,105.5691688477976
219.31258565196094,105.53803224567058
218.54933638092638,105.47928718242085
218.05985037648117,105.59340487372317
217.64064016020598,105.674490478424
216.96921756085345,105.62472628120977
216.50781014745007,105.69636571122399
216.42887353016562,105.5571841720832
216.86889209234948,105.22808531005263
217.8857309805261,104.92833006685014
220.48423196618123,104.47524508205635
222.60764388743632,104.42028863524816
225.89375482441076,104.4477597295103
227.9634324068912,104.19737462492293
229.80026449787732,103.7046624398625
231.85551103087457,103.19041020105173
232.92284031523246,102.79464611332403
233.7353714580982,102.69552593058354
233.9239553564222,102.33467439069196
233.72608058133014,102.21219475594353
233.10508133430466,101.63759094766263
232.5946203907423,101.05732003904023
232.13418376373812,99.97533401735282
232.04651956752693,99.28930735268091
232.01345118072595,98.88173652735544
231.61472316312995,98.62485666982272
231.02228411226406,98.62344403149262
229.73623976702936,98.70801196280493
228.80528605549137,98.72930060605522
227.8254528449691,98.78151421480318
226.38313005674817,98.76721266673053
225.27158841869723,98.86542687955261
224.1750009360128,98.7307230868262
223.60162977549592,98.74034342372299
223.0759728879192,98.71520687750979
221.92714619696167,98.57281660924606
220.7741776069374,98.3624070791357
218.73358631860003,98.21536117658938
217.00568768162137,98.15736067846885
215.12627136263637,97.8791958192337
211.8299438014464,97.6494639966897
209.3428121432565,97.49241091258722
205.3541827686297,97.23309406782407
202.14286205587848,97.12866958007098
198.78264649030618,96.8562214933523
193.8826202005802,96.40399160859094
190.67777507459124,96.1633015890889
187.73890946196315,95.79106211710524
183.50035954393655,95.51354792381103
180.48101304353418,95.34745795833388
176.69731858770868,94.78293733234074
174.87024717740817,94.63400927330947
173.44405081933664,94.71973437118945
172.3691632225372,94.89303543210066
171.92845059108322,95.07687028998973
171.32807246924594,95.32421452791888
170.9839460835146,95.33914010208217
170.61436110242124,95.3478406302677
170.21504958959142,95.4432264903739
170.0311256319008,95.51345120569334
169.8085199972012,95.65122554769513
169.62304379388306,95.78442810648131
169.37298142851486,95.84831176371824
169.10885221571834,95.84015378241831
168.90042800946367,95.78497747354136
168.7427637665218,95.72332762908535
168.57178652846827,95.72019624436595
168.36832697738686,95.74713038461844
167.9175187850639,95.92018047115936
167.57222263322814,96.04482052583754
167.07591862834755,96.22585398983234
166.89278494802062,96.27322977059436
166.81860565121912,96.31175885169648
166.75436837033251,96.35737157503165
166.80132189529425,96.4496449423725
167.01269919082657,96.90248106913592
167.0345746159685,97.23428232877691
167.03008521404558,97.43718528951933
166.93371656846895,97.66803225025158
166.8495793560592,97.79153347986411
166.80486564321055,97.87153928034012
166.81940811917661,97.91798649991624
166.86500184214268,97.96692272275351
167.01430449996627,98.10872359695372
167.10250094555045,98.15174186546335
167.26753405140764,98.21891611190769
167.3970308159532,98.29381698006803
167.5550547950877,98.49333115351244
167.87474210552637,98.87817494544024
168.18289025796548,99.23458969789407
168.76566872250893,99.7378157405427
169.3133968703112,100.028595484147
169.9177499847707,100.23284498445915
170.65543713464731,100.28432250670735
171.02348460905134,100.19601216484844
171.0680288785702,100.16007564626415
171.0707856876906,100.1357490174338
171.02099646706034,100.08362586164755
170.77378035829062,100.00755986788259
170.5251328052263,100.00193031552806
170.04041606348068,100.1733505247282
169.5734090786561,100.3757717694855
168.76980790294823,100.73110434635679
166.98608193832428,101.65106464288267
165.67771430809594,102.07662848354556
164.05892037476124,102.36749334392645
163.39041152305504,102.45559102929116
162.95147165309947,102.46551564894685
162.85685354593645,102.45681244903047
162.87672492594132,102.51932565378844
162.90393014693083,102.62656400327816
163.02800809397294,102.75779699999686
163.07033796876053,102.83956107393128
163.03348061910773,102.93131835028302
162.9865340540362,102.95696514331581
162.90568596474947,103.00971626628863
162.87293214593006,103.07510455687598
162.8538764265224,103.22560266197556
162.83185810375832,103.47019246720124
162.76983411488843,103.72649036915233
162.3241905958726,104.63662537570475
161.56033843177426,105.5277299204907
160.24631960307508,106.9473872674175
158.98842227746084,108.45345894626915
157.3477808973728,110.04441823726086
156.15359868498027,110.86842930637957
155.438492368465,111.2947881830498
154.8247258388684,111.65733889872534
154.18283793673194,112.19925817047263
154.0584912782135,112.19178198499927
153.939603826254,112.3138319631662
153.82088448738813,112.31337764470501
153.7045388236299,112.31261519859436
153.50323067475279,112.38192691703475
153.40037372068818,112.45161498314664
153.23652378683002,112.69325265255377
153.2231369960149,112.7173047400622
153.20815478301975,112.77156623828196
153.22947228265912,112.88960269545164
153.29806092589834,112.9558822504226
153.39740103396213,112.96089552014809
153.61434817231287,112.93328944797291
153.77523441895036,112.8674349615093
154.19713336154734,112.81134620783251
154.8345625018822,112.82528442148028
155.60806193504496,112.9066248368419
157.29671637891695,113.1530084093447
158.74772339315578,113.37042808770417
161.94626663960688,113.79711236332096
164.5670332742538,114.13971415093025
167.23593344324902,114.35015500882585
171.04854252901117,114.36755631512109
173.33374329920542,114.29085747554853
176.53473406300324,114.0450777747787
178.51967803421746,113.91191616476476
180.4976379967101,113.76927316418735
183.3366220203928,113.56970449265904
185.29395561504634,113.50674580427722
186.9020716040455,113.45309332484217
188.9055610056609,113.16652824359548
189.9225405239219,112.96809890196594
191.04309333919457,112.78508849706095
191.9102702059494,112.62803029363786
192.12241771558226,112.5560591342956
192.83990145996407,112.29581115307315
193.46805163503691,112.11434199524057
193.81219095420187,112.01633347518366
194.09627192112168,111.9461357888388
194.41348951440236,111.92593076983754
194.68282915359242,111.93253065062612
194.9003344900017,111.92899307569982
195.177727806218,111.91710526818368
195.31736790972369,111.92951590169324
195.54762820252563,111.94807107101902
195.61060159776002,112.05738879389679
195.58187187484805,112.42547418452777
195.2352854025771,113.2491930406446
195.00763419015055,113.78957097777153
194.8617927125559,114.16715210084443
195.12470410029303,114.21450920667735
195.59558284123025,113.84415668897252
196.24871146999612,113.71554382418297
196.57643258780035,113.73305385449105
196.74088052756417,113.80325889595241
196.9242548688435,113.82618462435254
197.0193398996538,113.91611958517476
197.12681982029665,113.9971419408927
197.24261339905496,114.03236934811672
197.40536253883786,114.18292209872223
198.03541144419108,114.37681135836382
199.63174868939362,114.53873030458962
201.81930666571085,114.48789825063841
207.37565703365362,113.95073763751701
208.92287009583907,114.0045619730071
213.13294757944496,114.32111417601905
215.78664749062656,114.64186670088523
218.03502542786447,114.81094223821597
220.37673489685426,114.95583018059764
222.01677836282448,114.62800199674855
222.47162050850727,114.18095224031524
222.7281222396783,113.65069671412012
223.03891251943793,113.22517864499282
223.16970227004754,113.10472387804282
223.2098837008119,113.07755892257907
223.25023450838563,112.96552983255117
223.22695524755068,112.81847823938803
223.04656302972688,112.78737906985427
222.9212652382356,112.72631219030808
222.82692058669676,112.73641337412761
222.68973322830783,112.80910163822163
222.6493224453456,112.77129051448978
222.68577454298122,112.65792899890529
222.89493583090604,112.35348343306559
223.6561651686839,111.82240677802136
226.61117800577853,109.54612338251857
229.0209279589144,108.10527451728211
231.93614006498902,106.68265857369278
233.44723322439512,105.95984949250739
234.6358430790856,105.30518475770484
235.86596301608125,104.36374306575905
236.34643588957593,103.80570996782805
236.82846245386958,102.90799113740701
236.90865399643386,102.62461230494037
236.82903836096494,102.40674729851509
236.59156499058145,102.0200627049183
236.40959255097607,101.8588928552303
236.22326499161824,101.37608486645848
236.01463038890134,101.28573388138228
235.75924156063832,101.02794432248622
235.41518904125618,100.79126666076252
235.3052672190666,100.65729362574187
235.1759461303711,100.51149329333512
234.9977422036652,100.53401626070938
234.66282625669874,100.56240037410426
233.9897929617157,100.69816098163962
233.08699884329963,100.70186565907662
231.62302475750445,100.65025638208944
229.67762402493767,100.56389486518496
228.258451005996,100.28215696040961
225.86839354369573,99.98860230960975
224.05552502001487,99.93440889745446
221.17651313909994,99.65329396716875
219.3377094066049,99.46904811222043
217.51077365167126,99.25612011466619
215.04810981108722,98.89974310162451
213.222241882753,98.89886217391518
210.58894540024215,98.66135590446697
208.93056991670937,98.39766588077997
207.2467182906956,98.23711293291652
205.24368084523638,97.87845599263736
203.86917454537416,97.80636749377318
201.69224600294672,97.65532997429153
200.14942783994218,97.4178456528511
198.39968378293378,97.25724785769026
195.52290430395422,96.9844683732142
193.52147665801954,96.6005567955366
190.47424191642403,96.35398746341302
188.41567165898147,96.15216477391333
186.38340596765303,95.99933348216983
183.20361501164948,95.91695847187552
180.9359332177659,95.74636763489745
177.52622038347982,95.47312313271824
175.33782924863485,95.30793183436549
173.28791417847728,95.13893822118163
170.51227775001286,94.94250764235632
168.78863391274692,94.83984837044228
166.58719428677972,94.61917480727367
165.12470184274184,94.53577005694724
163.7362176132299,94.62322816975065
162.7079236936447,94.65321871682947
162.06162599937807,94.89330537306995
160.82962309583252,95.24879362295806
159.90352300202326,95.34487779613535
158.9554943705147,95.30034384642862
157.68257679856583,95.3678101661419
156.91612394144937,95.36795533250505
156.2382962032457,95.3428186959937
154.92073869919747,95.30031055733434
153.81108428735112,95.15938630487084
151.418550326479,94.85953148791754
148.50024290226094,94.26960134923253
145.09685987140153,93.54485134683922
139.85081520020975,92.82193513182807
136.7971791550853,92.57191917187588
132.9363918975519,92.381570388722
130.79156254445277,92.34613867763977
129.00751468704019,92.34143140134758
126.22792648054184,92.39737671465075
125.65340632885457,92.40569811990044
124.06939434793983,92.62775477004662
123.15460077258686,92.74879089100122
121.78291365030641,92.89133002875172
120.93632027297568,93.09544791253379
120.13651813569703,93.22255426755906
119.07986302784694,93.33138403947342
118.47623385427056,93.40806705316673
117.79945196704196,93.37507516542738
117.32021725872305,93.36580249935506
116.90219016889668,93.28503089230789
116.26967218368642,93.15201298776941
115.8797648236726,93.13740121852824
115.56913708774225,93.12817705218737
115.19555151284001,93.1007712124724
115.03445680553551,93.09840498057932
114.81612261182131,93.01838887554331
114.6890555453944,92.98426487822191
114.59117079625335,92.93543054346668
114.47354164532643,92.83104548502465
114.4408866291254,92.75261459667303
114.43745803134469,92.64825263821054
114.45687734547198,92.63109965785122
114.57683908779696,92.60305863490721
114.73431532139927,92.55667160403182
114.91513268616833,92.52359014693481
115.24433530243313,92.41759679489616
115.51519265869403,92.36070703045398
115.80437714547396,92.30206738195038
116.40334859387286,92.23120842874216
116.67270498749477,92.30007893854004
116.97170178446227,92.40586843389687
117.1295361619502,92.47202418916659
117.30738585457715,92.47709151800433
117.62076101366247,92.44800517961747
117.97956548868312,92.40021098260583
118.81298241579753,92.41806099686211
119.52119880854266,92.41268249076117
120.28911597229185,92.45523629187642
121.47506010554628,92.5628756544009
122.25407518504855,92.62713038836118
123.7097138264092,92.68413881370918
124.73899524626006,92.76256557151066
125.79702169644989,92.84052853350452
127.11422400969425,92.69074606731868
127.70894262786555,92.71943893070407
128.20274582472092,92.84363754709253
128.84486971488056,93.05830899892426
129.26875239103157,93.19759311750086
129.97506142177255,93.41142324171585
130.51497342795892,93.48075125277265
131.44701628746017,93.53374246607771
132.09221564266107,93.6517725382229
132.69786543658512,93.74733617864169
133.4352590711841,93.99435991436225
133.8069480275565,94.14594953319644
134.24236682531722,94.54591901038955
134.46093726053115,94.91990011145353
134.70936563500808,95.28567662166243
135.39520198836792,95.63887472370284
135.83806682611515,95.77563762269008
136.42044402419313,96.03813241814287
136.72459416090427,96.3124516593135
136.93788705488095,96.53133332090457
137.30704891122625,96.83747748000202
137.6413073025489,97.03843770741999
137.98684616114014,97.2523257726509
138.08506372845824,97.35240470658294
138.18992254629495,97.39181311197201
138.3775562433328,97.46800124991107
138.52520424912058,97.53285066429558
138.6500215614134,97.63647237687121
138.83438231743256,97.7701659435913
138.88057827633708,97.7695403974379
139.01538616621295,97.81558098021515
139.13377411368126,97.83658233572335
139.4444086646008,97.82283257494177
139.75465274885096,97.8433024223125
140.21004819070916,97.80156712926292
141.0918643651882,97.7518128897687
141.65806669037744,97.80163816222124
142.27722987220415,97.85785207457496
143.10557822306572,98.00969340772008
144.65875006941076,98.02345286443723
146.46013299908287,98.05351122806121
147.8933246103171,98.07310174908234
150.3858419471629,98.05644049828008
152.06107759216172,98.05210938614674
153.73749378077292,97.8966237057286
156.26932928645226,97.85614805867274
157.7408247703361,97.90293648120488
159.1697148708431,98.14498428434418
161.1335298969097,98.50264647959284
162.34005869884993,98.46462337969685
163.92612774756202,98.38548262173259
164.82724510567817,98.22864336656787
166.0904605269408,97.97100932474672
166.46885340624732,97.87259780262059
167.5259313139784,97.77164445820225
168.31444772068355,97.77230808444851
168.61051270963023,97.8493049318035
168.87674999951065,97.95934964117885
169.08719763005388,97.98905391889078
169.28636021797408,98.02119280680313
169.669557342434,98.07543928837204
169.93722418361378,98.11397722241695
170.420272909083,98.06965485744678
170.72127393608102,98.03407214196257
171.02718289273773,98.10294199506487
171.544065824293,98.26045898281137
171.9603918704357,98.43925837727714
172.77529532539975,98.77165993322258
173.34658820292452,98.9951095690746
173.90464723000323,99.19019338624602
174.72696302893345,99.52292109818715
175.20134205534004,99.70471723357963
175.62333233823276,99.86752194356504
175.998364189187,100.07276120113818
176.0924362100062,100.12007333786289
176.20711915031748,100.23306701872549
176.24223167977289,100.28462621862842
176.28534431985727,100.3181943608761
176.33892333785812,100.3750431216968
176.36000080510274,100.40723234624329
176.39654819788672,100.42442347683698
176.42232706061338,100.48246706241501
176.43400597907345,100.55839812576514
176.44306593111511,100.66661499188606
176.4415985709611,100.72750237509962
176.3998816371638,100.797830183311
176.32942977043461,100.77600287951921
176.22966437403676,100.73700937527224
176.0268850013106,100.68695868174254
175.87956718700354,100.62675313641066
175.62116139894684,100.52251632132713
175.36171707770913,100.4087903401272
175.01670826137723,100.30313540035621
174.21228035148246,100.1017575789518
173.5618291903604,100.02848734157173
172.50601876697218,99.96760133219638
171.71995007630403,99.89313158910838
170.96310083522783,99.78027358310469
169.81885750542745,99.77366319679115
169.1971521240731,99.80422810793272
168.44522176611895,99.86119935406658
168.11420569586178,100.03546960173043
167.92478301734872,100.1947389378069
167.89274514940138,100.29527995389284
167.90017972662238,100.34825659849692
167.95004746372732,100.4049916472488
167.99806973488572,100.44623018652027
168.04044905839473,100.46098243207541
168.09511425413987,100.48123401335133
168.1194094761741,100.49925156795547
168.12424129108257,100.52147111223668
168.09449710846448,100.55748355615131
168.0450107019877,100.55795077979927
167.91237716643246,100.5233058357402
167.80520651843796,100.54974823733707
167.6834872404523,100.63574341505411
167.60779451631498,100.67780519475333
167.5422494251127,100.71149392433419
167.45789447934428,100.68943603488096
167.3839599239287,100.6565201836544
167.33666481934847,100.65522379805986
167.33279962916026,100.66294239951263
167.33096921441398,100.67402199826336
167.31296458900354,100.71419905959426
167.30095953220635,100.73552531735191
167.23222473241833,100.73298670035747
167.13226518816577,100.69175652025376
167.01361896169396,100.68483253626266
166.8190500432438,100.65469828816026
166.7444442001049,100.57772613603109
166.67013932453384,100.55248255585866
166.6460056390691,100.55334743880168
166.6389108808819,100.55332312023832
166.57643808918633,100.56429378068998
166.48857728881026,100.58319309224527
166.30174946252623,100.58197305316236
166.1840605680295,100.6159688731672
166.03476152528316,100.66626750879695
165.9017399533163,100.69102395761635
165.7765715124331,100.6946000229306
165.62712574356055,100.68223291020655
165.55584163687533,100.65576187154882
165.48292330026086,100.58785458605264
165.41126019425548,100.56917868718557
165.35450478659425,100.59265714149623
165.3244632347552,100.56980338942944
165.4188618055187,100.6284921607217
165.51430158406458,100.68488105209423
166.13978556185992,100.89008534084992
166.67182234325173,100.99328375793608
167.59662564031194,101.12981365584946
169.5775412461493,101.37300680528816
171.14735913103794,101.54515556785354
173.7068039662148,101.8570763201001
175.40753263921343,101.91171120041913
177.00098841386577,102.00563132151531
179.04296614922865,102.22567738265887
180.12496535656112,102.34696404485061
181.30691358107566,102.40952683360536
181.6625120330301,102.33927455882116
181.70246823979758,102.306151694219
181.57142490669085,102.17875318631803
181.29543834416714,102.05696156988972
181.13195649976788,102.10625945778204
181.05246134557765,102.19743324245228
180.99894096045074,102.27776213296953
180.8877958522035,102.39896967496097
180.80180852474163,102.41540623268624
180.7018160925512,102.42312847843705
180.61786123910878,102.43179729693232
180.56843965358075,102.41891064624775
180.51709780672715,102.39211237225643
180.49019037893075,102.37103865532997
180.48047345572806,102.30382634437721
180.5260526303429,102.2509956329257
180.617678336416,102.21443444664689
181.31308776225532,102.13606636346505
182.20806037964263,101.69505567025604
183.69794626221676,101.13771649806918
184.91915661713088,100.8851740736548
186.2169551482629,100.70316946201088
188.16678402680338,100.68498475327254
189.31907280251832,100.74047732310677
190.66795550806506,100.8624027353216
191.24801626510742,100.94874182992385
191.7762947317328,101.05525988099504
192.4571332191083,101.02235448132082
192.89734266808307,100.85214480216683
193.47546006464137,100.74149274142854
193.69269468427933,100.7384028776714
193.9275526867059,100.74238283749392
194.11482739594857,100.81235409584559
194.18011454109313,100.8331297007686
194.23613528433586,100.8029002233564
194.23910191306456,100.77601670189684
194.21328095862373,100.78584634422958
194.1162240567203,100.87258712962984
194.0502176872239,101.00192708760169
194.01347576146594,101.09028443629322
194.00337049297298,101.11618641051862
194.00232663864125,101.12956980128762
193.97782944531733,101.09676649822342
193.9298906193311,101.05242974874673
193.84758557457474,100.98192859261277
193.81908188414317,100.96099111777343
193.80010052577646,100.95139282004202
193.78171801688117,100.94417224376072
193.73766242043018,100.93092404696715
193.6210464524875,100.93178178753288
193.50115751052374,100.95495875643647
193.39207039009506,100.9783192035575
193.20620874425984,101.02668727886682
193.07572762974246,101.05786289346092
192.87990389619222,101.06244855326743
192.67699215899688,101.02072513499733
192.35676612258493,101.01161993173449
191.68752139224804,101.01888006668354
191.2215209968094,101.06589923192483
190.45062050679437,101.17896266060141
190.02844852734805,101.35748871288865
189.74664437719244,101.60903883863045
189.65239696673274,102.05550031408535
189.7059996096685,102.28661141409074
189.76244387082292,102.59898007151
189.76250757186952,102.97788079407816
189.6402656439604,103.54709956169165
189.35398486081928,104.83462338009569
189.0958774073487,106.0442354083635
188.73602599319153,108.11453750475656
188.36596051932065,110.17811191353047
187.68065223171058,112.7203792203609
187.3464814536562,113.77767769650309
187.10337529995186,114.45811026614174
186.7426917226952,115.19334794764723
186.633031553543,115.48006345976518
186.619835007405,115.58766859397431
186.59059548148647,115.57523460825203
186.60028579715652,115.56411377934377
186.56562730642713,115.53042396887804
186.49959939772833,115.51345539273909
186.4019921722691,115.5011510582558
186.19551050699695,115.53554964725063
186.06757801308794,115.47487090971214
185.9321366319675,115.29350811244149
185.88539057284612,115.15070462380734
185.82334127167488,114.97481761718711
185.79041274163714,114.75493047929524
185.7629751686719,114.61374668293222
185.7568688950918,114.458784841325
185.78069073836434,114.26965021316082
185.78705015231867,114.18434623585689
185.80397931308661,114.08952628179327
185.77273419515961,114.06156359833729
185.72367730869985,114.02873091038771
185.62773263599775,113.98306408545542
185.5399638248952,113.94514510356456
185.38445576276317,113.92077892689537
185.27874024434212,113.96689602824344
185.1617511069592,114.0071536956834
184.97425969989885,114.03423403060931
184.88370704489728,114.06259457876573
184.80810192596672,114.0939507145421
184.76041554185042,114.10310067629388
184.7517713220949,114.09381190336953
184.72424054928794,114.04592897697927
184.70573579527485,114.01591030013641
184.69047100686913,113.9650867594786
184.6851509836475,113.91849377118882
184.70741153000895,113.82876095056426
184.74900370936254,113.70201232296449
184.7710858650509,113.59882530664983
184.82401777282385,113.42071249581784
184.85682115681834,113.32253392572615
184.88139821709564,113.26189595516612
184.95979807945608,113.15708182775093
185.01142149456646,113.03874633032888
185.0526906402235,112.87919053964823
185.03660609364985,112.79359772457951
185.00429486554458,112.66478040799406
184.96919347158124,112.60538462265353
184.92176715775798,112.55955560442754
184.8442322418243,112.52807449177374
184.8031801935084,112.48218951218695
184.79970780001986,112.39725746453426
184.82218515642992,112.22106469955963
184.82287159716805,111.87479937551865
184.62855600967504,110.57778132158222
184.08351582915722,109.6261792889559
183.22485283916407,108.55558645705047
181.7060106418188,107.21324996952357
180.5611730643395,106.310080600421
178.6862998975236,105.01149696795727
177.4357630325762,104.19538283770224
176.05202713813085,103.48991812432907
174.07519853856573,102.4943350460563
172.77136583886178,101.90663075270999
170.810913755113,101.29237412710484
169.51193361391077,100.85132607836537
168.143977322528,100.5847760622189
166.7972239855779,100.38939263710851
164.8352038291592,100.11205986385275
163.4904597537831,100.04551475297049
161.25051371189284,99.97012515656647
159.53628052180494,99.92108682090446
156.31496320687674,100.17866971088715
154.12790693326056,100.49587831864261
151.02579171573737,101.17639756464895
149.10453402807278,101.54376300882939
147.24095032174148,101.76349334455932
144.50156333087043,101.8382850790993
142.63491044123526,101.72002349180042
140.0538292609064,101.5210405996022
138.33761731128297,101.45338084614016
136.66217656360823,101.42950187496474
134.34130037513467,101.31655605000091
132.8039956488579,101.37210769625288
130.76212982358288,101.49052027838536
129.53466806400255,101.59168596938507
128.46150877376562,101.69126911520205
127.03265699084247,101.86610406095875
126.29396713514515,102.01992811816355
125.44065753485155,102.28420527187134
125.16860757324261,102.39622112726173
124.52822517684214,102.57535469168387
123.82088467734079,102.76528937530945
123.19441196094608,102.85918553072696
122.18093262821915,102.86477255448702
121.49995355012149,102.85772892258436
120.51651649316578,102.85299646852701
119.92766505850058,102.81787754364223
119.13019049179084,102.77254005731432
118.88938035094222,102.75942417309142
118.18384529697292,102.67239636918195
117.75330582761987,102.62423021044489
117.25948243354385,102.55059336240997
116.92184980902522,102.53379215016507
116.62659796791203,102.5258628224556
116.11928914868022,102.41782406479166
115.74617044041594,102.37272026073288
115.44512120778569,102.2739138038979
115.36673891926124,102.17413911141452
115.30152793751097,102.08044183428864
115.25224981139138,101.99276109008228
115.23472793753,101.92388179687005
115.17543688463454,101.80373784817934
115.1702055994833,101.71804840016883
115.22571274742647,101.59358262137565
115.38458314548068,101.42741718263758
115.5344576993513,101.22938976780736
115.77551913948888,100.95825142210023
116.06594179150184,100.77521098784695
117.01988659309016,100.68421731016778
119.64081042552637,100.66414473952818
121.91023500055942,100.80298204333383
125.58911362959925,101.05244624305573
128.22960256326834,101.38268624117723
130.9036605387289,101.66424576493957
134.1827815949195,101.58060619101207
136.45141752208085,101.6346154885084
140.04965889357217,101.55761945406593
143.00678696708752,101.57832954223909
145.83646710225784,101.70596414003515
149.66414637977314,101.61096772683086
151.71920233766852,101.35780277248479
154.31734668860886,100.60027738282594
155.85508694577422,100.20131082445059
157.23110847710177,99.93219491273176
158.97907120786675,99.56298570262788
160.1767553279899,99.3742417080357
161.58394640067348,99.18826219022891
162.35687307302402,99.02140584718232
163.011258461566,98.90179108059233
163.61795761147715,98.79261566077841
163.93550943957302,98.61301974336521
164.21335239748248,98.52370069326514
164.3881664596151,98.57383591434163
164.6073159310188,98.55605717037997
165.16558222477778,98.50405657118284
165.41673507057985,98.52228993836191
165.79893114615572,98.44244542155182
166.20087813736004,98.41668307330228
166.70317206235916,98.42590722621303
167.42591224886473,98.43423557960732
167.9137784927422,98.40942689651757
168.69174446022285,98.45982860009268
169.1707303062715,98.43306011022374
169.58603067276212,98.43569765027226
170.12712290800704,98.41105575152974
170.43422362312288,98.44109312965773
170.72579013472435,98.52569841970903
170.9804454031169,98.5010109517423
171.2631407652878,98.50786720748106
171.84352347035193,98.65071167537451
172.3645670341728,98.75890229355399
172.94601482343114,98.86274027277362
173.28663726353562,98.87189775660181
173.59317738121752,98.81422824399553
173.95680105255335,98.79431458543495
174.27368305683308,98.77365872731603
174.84084711188393,98.75177863268267
175.04880144362122,98.7237967340557
175.31248587876954,98.68282311310807
175.71313517807567,98.6483642232847
175.99609263626053,98.67489390159444
176.42982314432655,98.69592270264047
176.68655834271274,98.77917431452629
176.8240335612859,98.828171175034
177.16344067354456,98.86520998821274
177.45868150698112,98.89582717040855
177.79719602790885,98.94559698438535
178.04246650639928,98.96935975295901
178.19173958515063,98.9902994618181
178.4123434746804,99.00702084843707
178.59756759452517,98.97834065291362
178.90164973587102,99.01690314175238
179.0576471050258,99.0368715013958
179.22872558497383,99.05821430903936
179.5390226611296,99.096649414005
179.69534569691052,99.07544983337704
179.88247498315482,99.0552228241983
180.22005114161763,99.00218352144542
180.487163741378,98.94517515303222
180.88723378626156,98.91716627261947
181.15169606228918,98.97259061028497
181.4087984328174,99.03614274972986
181.66609879879528,99.02576809023263
181.8219737876887,99.03672272981032
182.06559494733187,99.10441627494801
182.31213126633776,99.14895664199403
182.58373749295566,99.17491918651004
182.77692978252205,99.18866740832698
182.97645470334263,99.20672437262984
183.31622448840892,99.31168466369851
183.57505258663954,99.35909630056041
183.96366877469976,99.41434727053631
184.77776367221918,99.53022164115659
185.2752037580127,99.60587774435265
185.95113917447466,99.6805187544951
186.3004442312159,99.65348630354288
186.6567637536151,99.67241760189948
187.23535954477947,99.7291419416691
187.66566074820102,99.7445088314232
188.31431256802608,99.69797890389967
188.74458733236747,99.76258433251502
189.13246957586188,99.87121242201925
189.71733647437605,99.9315856133123
190.08746276977956,99.93744392559826
190.53455968934836,99.92440933738288
190.8087080759369,99.85793277116053
191.1056546430719,99.78527607492107
191.43462872555168,99.7418521317233
191.73284172994914,99.7436554971321
192.18792945387997,99.71840150688949
192.35765272246184,99.69808263372589
192.63897686908857,99.66965407771372
193.06929984095294,99.61390643646561
193.37844758392663,99.59313735122936
193.85371438470486,99.6494317939471
194.27897374791777,99.61802455887248
194.75870739155164,99.63377663090621
195.3713224375541,99.79905512943043
195.77666770635747,99.9217280587676
196.5338173529299,100.04957821720906
197.5266980906015,100.04276103616061
198.7015484620469,100.05621298322056
200.83374633247604,100.04590490955512
202.3044895979469,100.12477984598485
203.80495428975655,99.98344807049428
205.89924193291802,99.89107849614847
207.27956006369317,99.7588187494925
209.2181785539487,99.62166256441942
210.41639756260298,99.50628183366625
212.06377738879598,99.30340528014754
212.97400115945973,99.20987608781121
213.8304813720568,99.12340798442753
214.84594325466423,98.95081830058662
215.531189532771,98.94545561776371
216.10759522255734,99.04611318721615
216.86060837414362,99.22975883237666
217.3268195800065,99.38114233265209
217.95158363948352,99.51034743956376
218.3559224714796,99.56068916717739
219.09664584365868,99.60792316414718
219.5097496466094,99.71662876326735
220.01759987847092,99.77680632459567
220.13147588339828,99.76882497334972
220.22736990918668,99.77206551744393
220.35351197564688,99.7495729062331
220.38342701955068,99.74967204575064
220.3580236483247,99.73997066053599
220.20055039650936,99.72078624569751
220.02921117615404,99.74345675205313
219.79955036491057,99.71965509517233
219.48215878314053,99.68976464880504
219.2115211036538,99.68926528554793
218.79164444424265,99.70124369677097
218.18517370367005,99.70736019014196
216.86944919594407,99.54700746461455
215.6339016351982,99.35740515649884
213.88330198644496,99.17010523247221
210.83639289475155,98.73632406749437
208.36785006715792,98.52410206504024
204.83821049871503,97.94765169617696
202.6763145053439,97.87557122089916
200.43273880572985,97.96652805567322
197.14227357767174,98.22497929189961
195.4134794442713,97.99866162034931
193.3107573016117,97.49197038246999
191.84968842197986,97.4103346125789
190.51229470521682,97.26346906666134
188.72781271189598,96.93725785296088
187.73340820018745,96.62095770754752
186.9349514367386,96.46961240797258
186.16166522397515,96.50299228918033
185.84930594260913,96.58501500651943
185.689940654746,96.61370664091609
185.57592776625944,96.69640434929121
185.5026284332804,96.76515419730005
185.44106592810996,96.85430074539246
185.41284262746126,96.89895403651845
185.40801002785844,96.90232010483666
185.42045305481463,96.90021696493008
185.4353352903701,96.8987992193115
185.46999088145176,96.89107909957787
185.49917607732914,96.90774426912498
185.53058313238617,96.95839429673379
185.55020780646464,97.03138049051611
185.5719222106819,97.1187026718901
185.60430283054797,97.33286295974004
185.61845238151193,97.4893579498331
185.61463524834787,97.67946764015134
185.5969835771891,97.81012329663531
185.58418978426752,97.93759474956936
185.56528596283536,98.07023232367492
185.6219197172442,98.28531951978479
185.84991861697918,98.67468961870651
186.01725096831996,98.85307980705878
186.24293493657402,99.02221484170207
186.48417672337092,99.16700073285197
186.63173923669368,99.22213511296394
186.82493010066085,99.2487242903051
186.9272116619743,99.2224283228551
187.0019422801376,99.21497138188815
187.14012432213593,99.18631865195604
187.27601259801796,99.1447817688051
187.5177484832201,99.1524777555564
187.68426129859168,99.22630408107794
187.76275985681127,99.25842543768498
187.9794013030415,99.35490826882277
188.1459242162786,99.46515543845
188.3480016441318,99.50267087780058
188.5036802183547,99.51261812482012
188.7667367557819,99.46380074643571
188.93355370265155,99.39878404166762
189.04103560292089,99.36624577381066
189.19913631651673,99.33509913993748
189.3109434098643,99.30472018138889
189.4129652521594,99.29354415796654
189.60002887968238,99.32521817548319
189.7231815411956,99.38680140167227
189.90957021870634,99.46365901856417
190.05726427758114,99.49444738874624
190.20269436219698,99.54218471624752
190.3597259052636,99.63296019079993
190.44567691320586,99.67252045000095
190.52931422228846,99.72917595473565
190.5712765766788,99.75195941593907
190.6155345435992,99.77100491693095
190.66627519978132,99.82286618608492
190.6975474353424,99.84152027359467
190.77109778170444,99.85261134891921
190.82536358277997,99.85899245792044
190.89344930601195,99.84856310725253
191.01162927352485,99.82525659843563
191.12786760487018,99.80876360734692
191.2936075430334,99.82094023652776
191.4034435765961,99.8422215130305
191.50843852874658,99.87635298085063
191.63750551163398,99.8807055897302
191.7007993986606,99.91416110698191
191.76585199522384,99.96951808136917
191.8084530935066,99.99861548837245
191.82429253438482,100.01653565688177
191.84973170579002,100.04947198934416
191.84329209493313,100.04622449859505
191.79617253390703,100.05821653716089
191.74840753540903,100.06354754166297
191.68972525761936,100.0621179903063
191.6488949033933,100.10719059704232
191.6587129355958,100.15652372831346
191.68227019939172,100.20049258095965
191.6760904158422,100.20845183161916
191.63917749260642,100.21715350506136
191.5054331521427,100.26893703306717
191.4340034762477,100.319585010633
191.2366021600741,100.3460869668382
191.10928712140958,100.38447408698957
190.97500178777858,100.42864669311068
190.77029863707406,100.48065147948338
190.64059188618947,100.54218122837018
190.53521842975434,100.59476694387064
190.43405929682956,100.63353495725418
190.3608397696521,100.64487181806562
190.29565184744774,100.62963944338927
190.2200530669029,100.59681354544793
190.15532224762,100.57792501644268
190.09452317387576,100.57615494194442
190.08386734628405,100.56918946612598
190.0961720290111,100.55499772123217
190.12606155291633,100.5364676584586
190.13006225094625,100.52540140744726
190.07091920617,100.53766274528684
189.5786479045126,100.33033449402049
188.57831483726753,99.98966564954854
186.79619025845477,99.43564469298971
185.33652631136343,99.0443131187784
183.1311080402082,98.54795467081787
181.6734338010909,98.30215813935551
179.19548883532116,97.98448348721384
177.40899073621628,97.76860394559183
175.19247082401088,97.13553822092273
171.0984710143674,95.4137379881952
168.81727397005582,94.6756519582739
165.79918334034744,93.83705535435658
163.972473478952,93.43495623890425
162.1173546033013,93.03247074459576
159.57198326088914,92.42198775760491
158.1560481833809,91.94540639904488
156.4968771257188,91.48822720542384
156.1111704425066,91.40941421256716
154.96749382869913,91.1806177910417
154.28460557581613,91.22122216855901
154.1885623539378,91.38986344253851
154.1584977920564,91.6319964343205
154.27949718128838,91.93499707861481
154.36842384135704,92.19068378936012
154.32181783512237,92.46444039380827
154.35064355081042,92.75534401971716
154.31494346159872,92.80022728322774
154.27122864950076,92.81920211816629
154.17118506975757,92.66238056335236
154.13090817465616,92.62363854127099
154.12434519126094,92.63670240736042
154.14078720411737,92.76284050973763
154.12466508488524,92.96827563009116
154.0427861001397,93.16410402656102
153.97552062958974,93.22226507394736
153.9327547427436,93.25505015073136
153.88997653180454,93.28259768780785
153.8460120689891,93.30573824557015
153.82628380089258,93.32752009174419
153.77205729177297,93.37487330951417
153.7369977521875,93.3997328858551
153.65877943570422,93.40816481682353
153.60289962804697,93.40853707622917
153.57380638621768,93.41838311629317
153.56082623157116,93.45211715921528
153.54196003783588,93.48721923318786
153.51644578340557,93.5351769717202
153.50649460068166,93.54344324561868
153.50829802894393,93.54892029093209
153.49915145858665,93.5559894795771
153.47709687401127,93.56535584131734
153.44041537221045,93.5448596339117
153.4172613527303,93.55224398290217
153.36685719895846,93.58334990073284
153.29108914874735,93.61798499588232
153.2215438992414,93.63336636859428
153.13680774671832,93.64205435421228
153.08153695956466,93.63909699704651
153.0551232296353,93.650410726572
153.04854922448018,93.64949186443286
153.0943223868269,93.61882033419361
153.16164636794147,93.54390074021981
153.21461810120863,93.49978250092943
153.26854512620545,93.4756430309401
153.3265245846855,93.45226648515461
153.34897006404432,93.44954283423054
153.34054424537246,93.5058297850381
153.3186176691942,93.55523737231223
153.28933045376388,93.57957834078077
153.2471622865164,93.62726429880553
153.2064902699792,93.69063837601968
153.17181776699397,93.77900635659628
153.14099466216229,93.81160846166327
153.11525208697273,93.83617897880265
153.07578266610483,93.8562724118497
153.05990955845576,93.87552398449802
153.04844626195904,93.89131202865559
153.04977158146386,93.89423708502198
153.04908185756298,93.89199414471973
153.0430495428075,93.89160175385182
153.01713511981347,93.86918934985107
153.00422885729927,93.83991705754771
153.01275083232662,93.81331160859477
153.02351972912845,93.8060538449003
153.02957456570897,93.8304030031588
153.03997520013326,93.80770172887217
153.0535402757618,93.78909060794307
153.0736145186933,93.79960909162115
153.09158604095143,93.82049888432837
153.08708229090485,93.83395495941744
153.06307510437995,93.85905401291691
153.04141237475068,93.88173165986792
153.01472433955803,93.93315901473375
153.00797202185834,93.95609203609591
153.01164792982394,93.9728366058707
153.0200946168792,93.97208044439085
153.0208317928009,93.97467437211242
153.01342495303973,93.98070098710096
153.00899095493241,93.98098901462323
153.0212238991036,93.99042088883904
153.0196239442545,94.01822302394596
153.01384012181043,94.07726179203642
153.03037180955187,94.093180654909
153.05000072338623,94.09778960613744
153.1130224715603,94.15133801255601
153.15201791618614,94.1836313658162
153.188186309988,94.20537931684413
153.21449190427487,94.22282169583664
153.2215209564643,94.2290923841423
153.2319384652978,94.23495779351323
153.2840403306599,94.24279320234189
153.37362143956608,94.22156108141247
154.11351733887813,94.2735333057285
155.3146766687321,94.55976723208319
158.97456559679594,95.68326435199302
162.30562703649665,96.54994864489737
165.71213579666684,97.15662411199912
170.34679771083404,97.9939010519978
173.25044801905477,98.46142710008735
177.55103843598224,99.08920342042805
180.3940328032835,99.46721317488907
183.1727449561236,99.93123413796786
186.97951294896396,100.55958459439141
189.4242539146725,100.88963780007839
192.75424962520043,101.54276895140553
195.02220038674122,101.79090996033273
197.34500542210495,102.18046279010574
200.26943144794947,103.19375671065347
201.96562999553998,103.90685249082095
203.99022080347052,105.05323720219488
205.03745065750033,105.71808238076166
205.91531381005407,106.15194728862059
206.7653790119091,107.00295859167575
207.07943860872936,107.49921780208565
206.88564231974064,108.65694863218037
206.5267710999497,109.40979346555412
206.0721422711523,110.16254335775857
205.02416818929356,111.34746162406097
204.16326274713524,111.96808787412942
202.7627208023951,112.83469609339332
201.9590158695309,113.22121258770473
201.22395412588912,113.63737017497374
200.6873606385973,114.0224142515181
200.35684833059534,114.30903707946209
200.3764061460969,114.21449128954225
200.30925590486532,114.22199650701629
200.10790358758854,114.3338419322144
199.15477389890708,114.76393347708608
198.3334950609674,115.10537998605798
196.44014846448766,115.70940377079395
194.96496727677882,115.93612005194711
193.41596038039478,116.08415085169725
190.91628957093874,116.22392305274255
189.2666119998386,116.2254712117486
186.6413324422054,115.85170201080581
184.51881619302375,115.07260526608201
182.15416226008583,114.66065448505978
178.82287115049357,114.42184539157572
177.18914398963736,114.25889361621583
175.2354023612348,114.45361294250436
174.31270388465234,114.58116189497028
173.52017214438072,114.98897968699244
172.46890789249048,115.3486147964039
171.89047623551434,115.63468336067592
171.57710237045418,115.77366181882233
171.17295765890822,115.847602917817
170.74245881323685,115.91761967216885
168.99317164681176,115.97982889932524
167.1467498093747,116.26604654669991
165.06971134579675,116.27067199206547
161.97453101949029,115.96726862276141
160.1459294902068,115.62256446461329
157.53576113905217,115.31284749145058
155.93073035107963,115.1403082788316
154.4206319206039,114.99992591119522
151.67054361611042,114.85245461246697
149.36760008880336,114.66100268921628
146.03311773663404,114.48332884381108
144.21372321272312,114.33397040063933
142.72336354589936,114.21987321452247
140.88148903217842,114.09813069072233
139.83820891673926,114.1429482824235
138.8868249432554,114.27692593685909
137.41397680897776,114.58471180665194
136.39204412976443,114.77109965875967
135.12539211629826,114.791097071374
134.48481398972274,114.79890665921218
133.81712824998715,114.92069550132155
133.52544217813664,115.00642519686699
133.22946835307772,115.06185794360485
132.85202122804543,115.19668066432136
132.62482095236857,115.22534275237314
132.2452233070859,115.22936076226554
131.93507649760485,115.1367264201119
131.70113342415127,115.06867938831873
131.43801306231967,115.06275089603673
131.3045914835924,115.06989006893821
131.18185573819923,115.05591310924873
131.105708827954,115.04605430101508
131.0067086509945,115.0141093248816
130.88840685655424,115.01316117638865
130.8023932811624,115.00992682121266
130.74525966921726,114.94777592419649
130.7196655137025,114.9216170975752
130.6968529919078,114.90489074811039
130.70559223820337,114.88935662177347
130.7303786792434,114.89279799576816
130.7546482092771,114.91780931569541
130.76668855190928,114.94166738714664
130.73935668868322,114.96652968625176
130.62278304828413,114.99471480258083
130.511875908397,115.02341043501968
130.33000612180098,115.03276632926219
130.21312041220386,115.05202170394956
130.08795873554578,115.06104336486655
129.97419132577303,115.08526840799334
129.90023275500334,115.13952464571571
129.81047663126856,115.19912974084667
129.71599225698125,115.19410035066717
129.62317062328955,115.18899587201948
129.52349660269934,115.19912462444816
129.49870589971275,115.1998689376478
129.4631788878729,115.21387045236034
129.4631181127499,115.21532804180777
129.4688579430934,115.20970293130854
129.45804802709708,115.20737874921204
129.44826969496833,115.17566582854863
129.45327916117077,115.13410168068536
129.49361886442136,115.11269512650236
129.52195411757975,115.09821138512741
129.5489981033183,115.0928832169956
129.5654920707844,115.08880746006213
129.56406742646743,115.08189841600284
129.53190530998666,115.08098199338622
129.4869062142514,115.10372443946315
129.492402666161,115.0749807792955
129.5139256655934,115.07223881006847
129.54670008001096,115.10717024041625
129.54856268977144,115.12467098479735
129.52787012711673,115.1288502699905
129.48826251707925,115.13549258477823
129.46130117614817,115.1260310887991
129.4227600298154,115.14415463137071
129.37034228107518,115.13693681989726
129.36007427331703,115.1076061371384
129.37280038581105,115.092164660025
129.3917914937995,115.07985087282673
129.40794776504043,115.06547477767371
129.45274992796223,115.01915295397907
129.4767453080615,114.99182671691204
129.51876455143133,114.97159881919036
129.53438420535556,114.98882500380032
129.5578617406992,114.94500986157851
129.56066952627572,114.92219905017745
129.56998327569084,114.91684175567883
129.5535331598934,114.9115409561939
129.52427304989317,114.91321995475343
129.47067381897836,114.9116849286276
129.42085442530197,114.872424644345
129.3785886844306,114.83987721059572
129.51278316437322,114.71005722886957
129.85703957491205,114.68612159594973
130.19837325033134,114.68689368981022
