185.1928980761502,87.34550852339977
186.5200492735665,88.19513277988064
186.399797849338,88.57433975924212
186.27465266664515,88.13031824274918
186.02006013833437,86.55951777778975
185.77716985289646,86.55200648461397
186.13487812913525,85.99479736012428
186.43260582601894,86.52367027347015
186.78346386463846,87.43162629399707
187.22692691117572,88.88512801109786
187.52377897052668,89.2890692078975
187.9345518783782,89.34199516503965
188.7586573525496,89.85509881880681
189.2157238432925,90.07849719077501
189.73831138054817,89.59320097459393
189.6290808879164,89.79625893326507
189.6744525048245,89.84237745291288
189.7099223092349,89.81651015655123
189.68984455521803,89.70509116310298
189.58750817616755,89.31780469074275
189.53890571213213,89.44207799674913
189.34864618005784,89.88912115466587
189.12633038465327,90.81246616586508
189.05918527225336,91.66730025341342
188.84234994484018,93.27862374307962
188.67494420574187,94.21952397572257
188.4862312271886,94.91316307640037
188.31221521063873,95.22415088447714
188.39094479294707,94.97701065512092
188.59156876146182,94.86369439137641
188.8419174685615,95.00334987771028
189.09630393626816,95.43726716997168
189.49198775679136,95.80437607977072
189.69699133155592,96.0665815363498
189.67427935680692,96.38178152854118
189.5983363796589,96.4848369622907
189.36368335408676,96.8227941792605
189.2028815717988,96.84002618575191
189.17405826992467,96.83712846035469
189.30396457530568,96.74295126369556
189.53718172721835,96.72508901778157
189.77344263869327,96.71557500345962
189.84318291168813,96.73651238662572
189.8391661565733,96.7775732857186
189.76655819663955,97.00639862296866
189.97521919122488,97.29947281949377
190.27508368825428,97.58808436096906
190.83596672174576,97.31957385421826
191.4721038664314,96.73792702652658
191.99373331878814,96.28615725300159
192.50382563860845,96.6935957410619
192.51687449095192,97.09832790348503
192.73774359101398,97.3461067772453
192.82008998298318,98.03136858514392
193.08616335685767,98.43741476588043
193.2544651796595,99.03445390019237
193.2697896915643,98.66162711426847
193.81581666275673,97.42950516178144
194.61859481954232,96.76589903154752
195.37933590921514,95.80973037546553
196.54484581307747,95.50257899320489
196.81462717442344,96.88565907926412
197.19134175899177,98.72262337321409
197.2259873404664,100.18611188587226
197.501118365258,100.50898182554474
197.5836808907731,101.8070629636516
197.575343160638,102.86700225280643
198.036987942721,104.40900487547762
198.10299615731338,105.44529062238371
198.4038082633387,105.13114035608096
198.86664871448966,104.68971882314116
199.1375347877963,104.23794870389345
198.4916313585082,103.5440781722352
197.86857395741472,102.7715681154884
196.7663789721981,101.97740272473696
195.67702322621068,101.40820448534183
195.33003639715938,101.30165893751037
195.3994598231184,101.36421720734698
195.49615753193592,101.3167659593344
196.3012189134457,101.99472633056402
196.73977282241466,102.30323167274216
196.75643419468398,102.23667346112262
196.81436508771432,102.18230959803398
197.13286411078678,102.9467569616334
197.2316583722151,103.21710155212304
197.17826991052885,104.02985041511214
196.89226061232358,104.51446859591299
196.5427671933581,105.16655029866307
195.92058691839898,106.2528060764962
195.82814849028253,107.08591709124514
196.3823386805832,110.29384040388219
196.2195986252753,111.17521489155679
195.87758137768841,111.46734032205502
194.78704946903844,111.98731690605085
194.26034569985015,112.75110180467485
193.3860660538427,114.48675660742255
192.83317586134905,115.7821274495239
192.2057672361577,117.17451797694048
191.14622712509444,119.10297251344358
190.50370416507496,119.88088506630349
189.7710833058652,120.99486531878499
189.2060521838158,121.66832221934224
188.6040140178369,122.35567187289855
187.82660480238394,123.52875161940511
187.30642182764575,124.20426191292299
186.50225839487442,124.99430408583929
186.06784607912732,125.32517777081313
185.74825381276116,125.46662064070024
185.51226581659978,125.63271765469847
185.4231227864453,125.7388550921982
185.28938168126228,126.05926300775968
185.39245709710397,126.08054101914783
185.467872617459,126.22866738453395
185.52451730296292,126.28051049585326
185.61621096744892,126.13691296735621
185.72951416557274,125.92303545847159
185.6904228880834,125.68769128966754
185.85729089082685,125.28957699942345
186.03953749251332,125.05220681724916
186.69658073618191,124.76834385423865
187.46201964060265,124.52923272616746
188.90862886594795,124.22731240729476
190.71153491104195,123.63491684220665
193.88766157348445,122.52668379535328
196.3046554614169,121.79817081847679
198.93459278840263,121.21830317365071
202.8206815079092,120.40564351056463
204.73831094268525,120.30572145173205
207.7750641302822,119.61899659535871
209.53076338547922,119.27162593070776
211.18602891374493,118.78889540972597
213.6295383698701,118.3199513722243
214.73845090175396,118.0434700261696
215.65304734478957,117.4436431122485
216.08354777852804,117.13715306769744
216.25363656158189,116.6400163398803
216.42560069978506,115.6504383102183
216.257370123884,114.93760746401642
215.6333142936987,113.51380178319118
215.26960946753215,112.68489024501186
214.98976838205107,111.83534289278262
215.17579323583095,110.41494441394704
215.18081319661485,109.57886579208667
215.27348999717563,108.49277271427114
215.3161804542426,108.26376074616067
215.3454923749255,108.2186144733815
215.24117565583543,108.22818500288527
214.90139127605585,108.26250902382948
213.82579491138432,108.45147955017752
212.87132986618067,108.80581062678863
212.00313892503388,108.96656976801049
211.10241704066527,108.78881775471814
210.79955932680068,108.5040736444409
210.84092481730482,108.08879386100071
210.92964717987513,107.54780419981152
210.68022631489933,107.25523159300022
209.89882348500828,106.68725619708724
209.2473881259201,106.15711295595223
208.55199155314557,105.44022062840413
206.62443923208306,105.03934071104727
204.83523048311392,104.93226343546363
201.90925062168398,104.4388010446191
199.7365149125524,104.33107310922516
197.19189684067558,103.88862234206039
192.85715244006747,102.95842447335174
189.8781368722834,102.19030650244846
185.2928125905954,100.24377424693395
182.26653769427733,99.1577726512842
179.41774151566028,97.86850335127748
175.55036312879878,96.5123552254752
173.321774824904,95.78283285636056
170.2949650530151,95.21194766559127
168.17289153378204,94.90512521775909
166.1162147972876,94.81828537641293
163.47537957159403,94.42591155120633
162.01434683482748,94.29026260232779
160.72349882163707,94.5791020078405
160.24981348160435,94.86611737404581
159.8484278306737,95.10551230733566
158.88940801868844,95.50084806425464
158.0117765394992,95.63814123652926
156.14760910938125,95.7510488843469
154.45416792140898,95.96388996655276
152.56973732927753,96.28011346980828
149.6213123287684,96.56998767137907
147.86326338190415,96.72940512048334
146.15096476438822,96.91327306553343
143.8208365770259,96.90598937004418
142.28177533701597,96.9011342633127
140.02947408680305,96.82623433039139
138.57488029276732,96.89863753686696
137.1678569796624,97.04159021631979
135.0677943586917,97.30012683351359
133.59853597121563,97.5656636086925
131.40627687744984,97.78085960788339
129.96767347466442,97.85824055955521
128.70303769114224,97.87669291257869
126.92015348110318,97.89197685059183
125.74347668372909,97.89498874373119
123.975957696538,97.66138067234058
122.85269301340739,97.55070237540649
121.76155716243605,97.43591545599223
120.31746488923316,97.2523956248578
119.36622211363485,97.16911128224227
118.00703890720584,97.16096982636294
117.27274769565616,97.13801087036411
116.57479965770972,97.16262292058383
115.43310418980697,96.95541056429818
114.59645448297863,96.72154991706867
113.2475871530408,96.26047607488074
112.37801480600896,95.95953619886605
111.56561567365053,95.71460299281823
110.59765054725986,95.32567499658809
110.05534172276818,95.27111347275459
109.25942004872721,95.10874099026387
108.763794206777,95.057076647214
108.22240260005279,94.97909743296862
107.43895587821646,94.83984383029033
107.01152385692446,94.80692018256923
106.25306993913938,94.78161823299179
105.79217988754549,94.79349519180991
105.35268410523193,94.88779990623667
104.69763019394635,94.97620033952667
104.28218341267487,95.13076223366312
103.91730350518905,95.31199949268948
103.39720447289314,95.66055001925912
103.05180139532987,95.92799404191365
102.40515872678446,96.67809974254524
101.92139171203054,97.27317145827637
101.60126699953771,98.04738279562487
101.64965493602793,99.4013516055212
102.08458557970596,100.47458582505864
103.34755924469279,101.49488527449788
104.32946364355722,102.02032484892321
105.32508914631804,102.57088261417124
106.89146774845061,103.46311388647736
107.7221775141543,104.0475495311183
108.51915988261605,104.28406967981134
109.14065360006823,104.08914285937831
109.8322427707767,103.7268990816627
110.36398096741756,103.48483996060158
110.42226251451463,103.48266416403159
110.05159303352085,103.72721382130243
109.35070281145977,104.16292832132072
108.6731817387746,104.76767978801041
107.8216083274531,106.22409666705798
107.36176150881822,107.66858990506405
106.83141638285284,110.23749979944458
106.32537958836791,111.58610033479368
105.5646600390434,112.85639132468377
103.57575237475402,114.1805406764804
102.23951512247906,114.6260922330199
100.68538422030083,114.91014027640972
99.97423513334103,115.03677459915853
99.44493997086987,115.26267500852225
98.54838666769686,115.58048491858146
97.98886531555993,115.7817578243662
97.58375274428316,116.05210570575352
97.04790460621331,116.63161399374232
96.61623131354426,116.99471359908948
95.8458609358842,117.38146711039899
95.35290669013551,117.53610713255618
94.99705982783699,117.64349888502113
95.0046575432737,117.51296876359007
94.96703153664775,117.47060357529364
95.39653951008222,117.12430033072854
95.59961196165261,117.02572964533871
95.78142953597985,116.79867003332157
95.83109980300881,116.41634004668009
95.80447907402778,116.20407347796437
95.58194974235228,115.65547358324197
95.54750000002929,115.31762362672161
95.64990638655823,115.00291461919632
96.36750466239579,114.60120824465474
97.01374664551226,114.55751526093098
98.0114045286941,114.61393085666313
98.67406827805739,114.65734958915351
99.17551726884234,114.70727951756126
99.44980629049999,114.70431157939481
99.42204884362019,114.65717807120087
99.3601840018566,114.58862844535618
99.08527166743504,114.21133050558491
98.9842663918983,114.0439867229913
98.99445898907139,113.84604816532074
99.23961518897526,113.69328600838368
99.90528255842572,113.64114281878435
100.3131696686581,113.71055612625145
100.72114264062678,113.89685583367253
101.15886543139938,114.45579958356115
101.25125422211937,114.98718859061539
101.14062334729769,116.07684513978906
101.11337126007939,116.67653532581213
101.24726522978911,117.19498361903018
101.60695295592025,117.56863086017671
102.04537080637778,117.42400338635676
102.57733907078352,117.16167382837976
103.10792318833145,116.9803392073973
103.43046810262584,116.84455817632295
104.05207197694372,116.71518737288172
104.69514505081645,116.6059033140246
105.36200418107515,116.42110753246564
106.2795987353233,116.06023705024556
106.7616274694654,115.7790288005476
107.28926980053141,115.54826711736386
107.58230130012704,115.4627080028132
107.76608949575458,115.38168226314923
107.78906324008058,115.05993614701767
107.75090064988511,114.44046562558765
107.60464874428718,113.4204919887132
107.40703351976386,112.59605668668878
107.21680711656764,111.79566224810148
107.13246793080553,110.49198147291249
107.17889765167763,109.72567974848327
107.53438821787941,108.65211215603105
107.86068341080605,107.86575723186316
108.00304265947852,107.11770087939664
108.12783944424055,105.73674559147837
108.16005613512323,104.86802514370756
108.31140751979643,103.67085829498119
108.3912184860315,102.98814557235968
108.41173023873323,102.32157351561416
108.05432885255512,101.4544936795484
107.57280406172285,100.9328068305143
106.98618688113639,100.35935375691437
106.78399990432568,99.98977384042415
106.84896938952193,99.62724948705242
106.95475641268045,99.26802108800761
106.8715363716286,99.0375434802208
106.4950840012525,98.91255796361943
105.33385203101874,98.89663558314695
104.21935665441438,98.80445763453572
102.71494299091812,98.3827033978157
101.87038923161127,97.91983874739121
100.9875452614897,97.56774269073152
99.9313052667188,97.06723248115254
99.28994489834078,96.67092791294019
98.63069060137347,96.24885951372082
98.3855202706115,95.9867959350709
98.14102680296784,95.72385512141892
97.49633597703098,95.27560957185511
96.93209768796619,94.81347952557395
95.61853752825402,94.2179724421899
94.51433466865153,93.76202935064961
93.67893183830653,93.35473669419655
92.61766258559477,92.84622993040635
92.0680316864943,92.73092052867025
91.34272679141303,92.67904093484775
90.6444151298126,92.42682393924821
89.3144659604237,92.00823958244835
86.34455717497418,91.25041282598471
83.53885316101551,90.58858926443601
79.42541538370418,89.98924198119704
76.41290930269277,89.66077037486797
73.51818933439625,89.42316189065782
68.83358669013451,88.32433519072795
65.75284154313375,86.79381780625873
61.24172486872786,85.03785258293021
58.68932438560431,84.17732858399773
56.6690229966424,83.46165457642999
53.84021766930461,82.6491895432108
52.278313578781265,82.42205085940829
50.10068838533593,82.29358013765548
48.88236573557211,82.49540646068164
47.6311372676457,82.35237694770306
45.98286004561851,82.26790495427745
44.902084554779435,82.50503325074477
43.95299188982398,82.71108652131768
42.515131694601536,83.11368721147232
41.60733850762003,83.44751765815407
40.09190434413611,84.02931235422056
39.043217890901815,84.49548110721105
38.08506980217351,85.06451543093257
36.67301786516282,85.83333104362384
35.7896539501661,86.22788963730645
34.273014210715615,86.67600921832894
33.27774254434374,86.85069629669631
32.28922693559625,87.05709130924102
31.24251508629183,87.25849381258433
30.874118674402638,87.39902518612303
30.484479623075828,87.38738663463093
30.287166274544887,87.35707427265707
30.017236093484968,87.2378382852626
29.56468077471206,87.00405987811463
29.14701893516684,86.87028630124756
28.530285890802844,86.68685784057506
28.179069918057564,86.62783205405812
28.02986265604528,86.73036681689757
27.868994011530702,86.92695399164866
27.688206243469494,87.11793372146705
27.108286488590295,87.29338019478439
26.66429247020406,87.33627606741956
26.31769640627587,87.45360593282233
26.11908260569703,87.52905316048985
25.911659401974106,87.61605391912407
25.646356668136974,87.69092539528863
25.395506644567092,87.64115301560683
25.178539077807244,87.54188434987398
25.043054729665016,87.38839948924158
25.020744857212293,87.32639333221056
25.04587357258214,87.32989254891882
25.09868262559874,87.38802292377736
25.121637144325916,87.45395608988828
25.09283704030969,87.55468424474452
25.075351683913397,87.60920863088613
25.117607105872167,87.71418225898562
25.248103983031427,87.9456126462999
25.312942343971486,88.0520591858326
25.360172979627066,88.16349366527983
25.385026052450087,88.27644640351804
25.423226275086506,88.44566140835023
25.392817453977614,88.85651858150574
25.298423327017474,88.99926906587154
25.03204717966949,89.2281413785103
24.896224815648992,89.26806609378129
24.792943471000683,89.25667201670541
24.786443055112358,89.27658688111296
24.9577155194101,89.3557018928176
25.652144684918625,89.24680883933053
26.165742329016837,89.13067963614527
26.52179261081318,89.28228295373573
27.102279004908922,89.77310996620523
27.400896247703912,90.0863213374914
27.76831970162658,90.42426820580178
27.80484206319656,90.52102807145064
27.820114253225768,90.56072861902287
27.736336923628556,90.63389213442439
27.41270257535038,90.667496550441
26.64166095528799,91.05629888184902
26.11843625086243,91.46792489912289
25.404565461968986,91.77478265691158
24.152907400601038,92.03430176384938
23.36965020747374,92.06875247069527
22.68263118305194,91.94249257840377
21.914396627613286,91.54153196518976
21.540810537048998,91.21821318057924
21.121167149898355,90.76800917325963
20.96637143058564,90.59439142709869
20.786221426429847,90.53648961612834
20.622530634750547,90.47345162405132
20.49273603940921,90.44279374995229
20.413130546725654,90.363943414565
20.39102825630917,90.30369753466707
20.406451657921934,90.22938275388357
20.47132021259185,90.15495696493196
20.533303101422916,90.12922003280143
20.705967980359446,90.20298411126622
20.855833346851853,90.27492609475702
20.98393742735385,90.40243436725214
21.01734249802081,90.64619039554358
20.971433477182245,90.72463900553711
20.887379225050523,90.79750574412795
20.857144759582326,90.82993199385436
20.807993421574366,90.83944619459386
20.51900578705002,90.91087754790874
20.06749933054644,90.91787993400068
19.44029358827794,90.9820934520357
19.089120593669833,90.98822955847966
18.76611266874346,91.04685723716727
18.548861189363976,91.09873511983986
18.442048222247934,91.22093040617125
18.215912369915742,91.41910784543366
18.17893930599314,91.47150709291404
18.18727830219305,91.55602425370844
18.56828069142142,91.71413417490794
19.1109962013561,91.79707611167694
20.20075411541538,91.70937941196536
21.320386467744925,91.54295241870429
22.942405825275983,91.38584413244445
25.935547055809252,91.37930917951968
28.10668037674,90.8666237478239
30.179481057108006,90.73251005966875
32.92261975230218,90.72231375319555
34.4946193677701,89.94707198493766
36.54975733552112,89.63451819758414
37.67687231210914,89.56862793959438
38.604801661341924,89.48946048968594
39.66293153791949,89.19483969213016
40.27337819076885,89.12321578100442
41.21661903035189,88.82101356648397
41.9256176623212,88.53827062604672
42.75789331021983,88.1698610326733
44.28034249851123,87.24697158831232
45.441679790992794,86.60882873177259
47.41378264096625,85.81163754080956
48.81304275203661,85.44637901251664
50.08876719684025,85.30188522980956
51.73438092142439,84.92723676137139
52.69439684970003,84.78591356425076
54.13208990568519,84.91000357403117
55.10202700727538,84.98626714897435
56.23869187995379,85.03897043738534
58.35753594320106,85.0893547419339
59.962773522757246,84.8505255372588
62.59830088113041,84.35874960495306
64.25450530771467,83.8054061312237
65.7136611673268,83.25565401963581
67.5081212117117,82.91919551524245
68.43186384603572,82.6504476921231
69.24608617822672,82.6165446106659
69.57086574652438,82.71068572983424
69.79008853131573,82.82670803586538
69.95789012156888,82.90650177939021
70.19386876773515,83.13085227523652
70.54892159246258,83.41626935842055
71.60457676004468,83.93420352560824
72.5438598277677,84.14730511230027
73.90651002473336,84.50079889000153
74.70735137223434,84.73039404914536
75.44333420672372,84.97541254022454
76.74896456122339,85.22001885366493
77.6946272779366,85.3793915344483
79.33254755786857,85.60980939902628
80.5316658729994,85.64830705455071
81.85081511453602,85.68349387584522
84.18965307839619,85.74351512098295
85.61286760262514,85.74947204999684
87.39133380345983,85.80743158341691
88.34811199650957,85.70152322628672
89.23706475899101,85.72035635408908
90.37152218112927,85.81217789178282
91.0721438194836,85.8531098782366
92.1050818166781,85.81620983632392
92.91760594493617,85.78471611846112
93.83265911337134,85.73502640055781
95.20814164668523,85.80667992162674
96.15428915330214,85.77067476200531
97.56812036834674,85.67683620103875
98.54026300393323,85.4824972248929
99.52523040709552,85.23692208476375
100.90223365634135,84.69094482560698
101.73447513475595,84.38103620334448
102.97911456053637,83.76325883258882
103.8644989693717,83.44228983567326
104.80848847399805,83.10245290981973
106.34107657618193,82.63205129868426
107.53640461793456,82.54297805996877
109.49449478922743,82.5824722639542
110.63128796892855,82.64925126761028
111.59703121540996,82.65919287466247
112.8027763288866,82.4725619515127
113.52370537683686,82.24488709867565
114.27019753269298,82.02837927153173
115.52922450281285,81.66650565033488
116.38980333817226,81.56102763998832
117.82394375387884,81.36638549821947
118.7189343994634,81.2635406285796
119.61204039491889,81.30342227911659
120.76454667228833,81.49289172450756
121.50522994309404,81.64058433929955
122.44290714476242,81.81680346904173
123.12202528814171,81.84223908868155
123.74600657296553,81.6344661404051
124.42188333779491,81.31296636117501
124.8049025402383,81.06725550535226
125.3884766028034,80.83588694865239
125.80385117953244,80.6761774349423
126.17092357149971,80.57123721126203
126.36283155030502,80.46801664540368
126.47585681460663,80.4692048306115
126.74471105672961,80.46293945834005
127.16686455565142,80.59080215550449
127.70346545031347,80.79228927342116
128.48210343426243,81.00164321244584
129.24616072796573,81.0791062269719
130.08283512417574,81.04451415580195
130.32479265443396,81.16960395398789
130.39986636087087,81.29547597002669
130.68652593460365,81.48715187903797
131.0215661942749,81.62969148072958
131.70534881399337,81.79330728197378
132.2258920733021,81.85612208088621
132.71468187489694,81.81224768715076
133.58561859652875,81.83598141083222
134.36374176500723,81.89272507646828
135.406502549782,81.88502503529574
137.25783684960413,81.97690475410339
138.44271318920423,81.82633365670173
139.9712370077053,81.8317622212486
140.87870527095146,81.87182355117824
141.73460640536092,81.99010569929678
142.85021159009906,82.38021169959558
143.57919039191893,82.54943713861374
144.79932547712804,82.59731606077386
145.86042242573174,82.70436188435501
147.16581216528755,82.78915881160005
149.14858863359328,82.71919833963724
150.51275864007164,82.74316478490951
152.6757945208295,82.71753669957897
154.18545755488984,82.82919476815103
155.79437779867266,82.99333593502406
158.02499162334294,83.33667853970181
159.32530465459865,83.6344635148325
161.3796498642506,84.306882207368
162.68618484536913,84.71542052274617
163.93969953619325,85.26701392191137
165.54007556100825,86.01976621976506
166.37912911896967,86.41941761773079
167.52147714959014,87.05265976903668
168.16913213114066,87.45700194318727
168.74841061228955,87.9817594802786
169.27152329710634,88.70832264948062
169.5658015020428,89.10656502791196
170.14030552468165,89.83947813388914
170.59713316885762,90.270336056124
171.19991396697802,90.90036632075258
172.4009491460451,91.6158124963227
173.1248473021416,92.02334176819348
173.88344146572828,92.38749216162999
174.22222612617236,92.55514684724626
174.37028895109475,92.67417065691578
174.43192691162116,92.81342811181277
174.38829487392226,92.92847191025972
174.2875908804556,93.05346153348452
173.83564726047751,93.30670268060616
173.42235437085466,93.47822020514083
172.7316390835686,93.84605239774656
172.20539329031757,94.1699986032685
171.613774039096,94.55666413688564
170.85526249951843,94.88162819797722
170.5129117600134,95.06748144251509
170.08002976743998,95.23519488230046
169.75410474352256,95.31145950418077
169.38625734277204,95.4240812050406
168.762521082318,95.63050632102276
168.2121284861346,95.7925472457118
167.3228002742076,96.05344671186106
166.69611424167235,96.3476950466169
166.0364548347241,96.60854836250546
165.00317306428494,96.89888527843176
164.22501179760812,97.04412265866266
162.95960509834129,97.25635367059164
162.03551498081356,97.32110916292687
161.12790564779522,97.381723217541
159.7090681457191,97.4754635099317
158.72235285602108,97.50810412867736
157.25466486759544,97.64551436592971
156.31441996049563,97.73128678350017
155.37819355385466,97.86394227078742
153.95857484473785,98.00995210658706
152.96645433961174,98.09777302812657
151.51862101858504,98.12725536576642
150.53068469956114,98.14370372189589
149.5152901087841,98.12946719232899
147.96597098426352,98.13335727655937
146.9853906125976,98.12725387344054
146.05740693923093,98.15984196118102
144.73912432483544,98.13270452488017
143.98379483139252,98.12839262024016
142.86641999540007,98.02824718006016
142.25086081711186,97.95319925534892
141.6018583798894,97.8647727373016
140.6747150477926,97.73479116411661
140.05083602017888,97.63936849999195
139.1490477785038,97.52843923299046
138.56612577812055,97.42253720729026
138.03110144106037,97.38581519582638
137.30665598238534,97.2999013690635
136.9276765355307,97.25377351112037
136.55007176316644,97.15719739741151
136.4029440120521,97.11631803088599
136.190894023331,97.06632532423748
135.75858879041417,96.98797263431165
135.50741777314101,96.91679128594541
135.25134330123876,96.82530968858059
135.06280113085802,96.72421396575443
134.96163109615068,96.64843084830031
134.7107853475335,96.50701242360023
134.2835511513794,96.34418891767704
133.46989015493574,96.08869121923966
132.93111564621452,95.80773433924715
132.4597047824134,95.48938605982359
132.03337408289082,95.1061757765342
132.11438560901888,94.94963759119307
132.3834720059628,94.6029784809486
132.76251621939363,94.39318851948337
133.2236255041778,94.24479719257239
133.74427622017402,94.21376043729077
133.9885747456315,94.15337301036283
134.20601267114975,94.14099284673163
134.65233950135092,94.07481086953277
135.1406781381589,93.99083282771487
136.077968328208,93.84877593542552
136.80202587360006,93.90874903606564
137.60487899922026,93.86476323285271
138.929578016015,93.886091521253
139.89159232493776,93.85943857875127
141.4496895435529,93.73516678713248
142.49228926261492,93.63727973976604
143.58969854124322,93.65197583055848
145.49674244868748,93.6005221090974
146.7911664787199,93.59839994345685
148.85422600922715,93.5121178880407
150.23294423763616,93.39475517799278
151.5820994806422,93.25782541461035
153.53095521981768,93.01322493977032
154.86622626981415,92.89968121537932
156.79578201143244,92.63441254058289
158.01927992832114,92.45703903855954
159.2351353135301,92.2131705396768
160.9895819520088,91.93409016310406
162.17708800173077,91.74832685111606
164.00161185490134,91.50054300017456
165.30588856165957,91.29864736565325
166.52712009746548,91.16561713393354
168.40519909726137,91.0079640871141
169.59320833049384,90.97382708144487
171.15594176550812,91.04504713492072
172.03656680347373,91.06135004904851
172.82469735730947,91.02031322981905
174.19185667482702,91.05953313735327
175.17392679988305,91.07965680887249
176.82168015233722,91.22691983879439
177.8214818650548,91.3005791723116
178.7564479197779,91.41436374298391
180.0540257113811,91.5890079134931
180.8842531967745,91.72021686394663
181.69512988255903,91.84244488707535
182.97466051784644,92.06661954428282
183.89006659011298,92.18781362770193
185.26383089234434,92.25891609507202
186.1730439992849,92.19766098022315
187.11213506300663,92.05263778895379
188.47135530955282,91.94391343470764
189.40159138520718,91.88219305653433
190.8022569909126,91.8848598398388
191.77059487986324,91.86500011601282
192.74625137364757,91.81807351004068
194.23888795429457,91.68535034584956
195.23489171542653,91.64527970611778
196.72995335850527,91.77399505587388
197.60387730142727,91.93741345239367
198.35914878426854,92.09393549108513
199.25328717793656,92.39136959162337
199.80191384583077,92.62523778542898
200.4022682882964,93.33474439622175
200.5940927515703,93.81640136069961
200.76016262467232,94.16873568427629
201.2281126085317,94.5626711837612
201.65542616959632,94.79505492994349
202.4207465856002,95.16140474969205
202.8026178688199,95.46308116936379
203.00825162903445,95.85507364500025
203.03367075316206,96.92413716803921
202.8893784091174,97.62009725970215
202.6429890791909,98.63000343579237
202.62823794408524,99.63074459944627
202.62603890089864,100.75385327550849
202.4205303381503,102.47465613804468
202.15996766587492,103.77397638206668
201.98610223139988,105.09286160276055
201.83866118300975,107.27047548613362
201.99224627109194,108.66991675058792
201.89928913362655,110.68211905980091
201.53281673515554,112.01315510153658
200.94096914781943,113.16453352729997
199.95872858974644,114.52583995563438
199.31699524142826,115.28461087314852
198.49844108761027,116.02310543887427
198.09932438255072,116.53440660791175
197.83044951217096,117.08030808461666
197.8266219150042,117.57439725106742
197.8343231637426,117.89901683207347
197.8940919684428,118.12783050499144
197.87084813255703,118.136908240543
197.95270117062233,118.16695457228246
198.1761214089266,118.10819596327913
198.5029139081346,117.9192696745441
199.27402389409406,117.56509251800261
199.90073699934345,117.20377159126092
200.69947834852275,116.71213763238495
202.49504600403475,116.13274206541986
203.98720806791133,115.71377288979616
206.07032827846504,115.27778735942675
207.29643228070688,115.00418550748142
209.00581064372403,114.70651021119772
212.38678637180354,114.27444518802899
215.10556530779962,113.89620186308291
219.73797386948587,112.89818071549163
223.0272908419368,111.95796986712311
226.25559027195075,110.98163857934296
230.81543630261012,109.34835726726806
233.5292613775567,108.35983796689618
237.19518592628523,106.74992213297011
239.29944239904154,105.70559761745692
241.25911997511594,104.52770723055662
244.19319014448286,102.36315003037038
246.3052739680868,100.64124443905231
248.2809957604419,99.36715485380125
251.49659678161711,98.28442295279136
253.6122127725717,97.63264374809394
256.7195124845332,97.23061487142313
258.9286736606232,97.05299657496371
261.4033795231787,96.8068049744912
266.0890851713566,96.19676292656048
269.6089439544374,95.8067306514341
275.03066764650714,95.26840242158497
278.4835748650814,94.86704230696502
281.55752588542293,94.44512970530056
285.4082647132518,94.04668191146718
287.68660901330645,93.7693019580075
291.191535296419,93.41945501587765
293.64890806840407,93.14359080123171
296.1985045155588,92.81328656743098
300.33255786953504,92.30510425381507
302.88777401222217,91.87403239270903
305.08164581012204,91.51394186803476
307.9277656177881,91.01300396869516
309.44681882564015,90.79708175717009
311.4953856223717,90.6325940185718
312.9776491878531,90.58153156195041
315.580551982732,90.21325347576837
317.92669437352794,89.94990768931547
320.40443143606706,89.95338933620688
323.8652512545042,90.04888585592352
325.83820930013667,90.31725799182033
328.5776378105662,90.79801144787925
330.45499210589816,91.13430934426144
332.54193461650925,91.19145318133175
335.62393360544127,91.1441484671836
337.557378303709,91.18225745803102
339.3807004341114,91.07157364914553
341.6554354512799,90.5885324684877
343.10768013583083,90.31591290530767
344.676980437691,89.69197929507587
345.4129575248407,89.165048825524
345.7725317084985,88.68911342467007
345.41084515550074,88.09127378692968
344.71656980452303,87.74004489905678
344.30441311765264,87.28158902532081
344.34920538015024,86.87495831366051
344.6550434794029,86.70011793950685
345.12166494527776,86.5267147017257
345.324409046195,86.47377872061816
345.55713859137154,86.50526523927772
346.0033784341462,86.62330645251848
346.78459770978833,86.9178962072152
349.2817940559905,87.25931558408583
351.90768542448905,87.63850337000288
356.6743755767876,88.04237374418847
0.05452541683499135,88.32935670152311
2.8969318919062914,88.3506920624514
6.260934665188785,88.17631452416043
7.554001751196324,87.92173421809366
8.734765272832789,87.71794637423922
8.976978842860888,87.60223307072401
8.61772634635713,87.55228310726561
7.784868406607927,87.63271747749667
6.685883085753261,87.62465042077719
5.973937259153445,87.77807118072494
6.3953719037395445,87.92951679371627
7.325102291370342,88.32953590775004
7.88425424386574,88.80213358205562
6.973103053806426,88.83141672396228
5.107912352235246,88.69580530791596
0.8685302588306172,88.34078102501235
358.1064675285749,88.24001239257865
353.63560348553915,88.41914435937102
351.15630831756124,88.07450610132734
348.87226871389055,87.78217316640003
346.05937986704964,87.08088539320686
344.49210865110325,86.66386638779666
342.5390660615145,86.12547985892465
341.55284810118803,85.82011046046244
340.77594392883736,85.70774702735898
339.6210790580992,85.4735261980668
339.20824659271955,85.35862761157898
339.67193190829846,85.36797582236004
340.9982716297893,85.49594439093516
342.6379225247307,85.65887727477072
344.6127418249066,85.78875592515773
345.1152254456893,85.75846562563426
344.81355198356266,85.58880273062941
344.2885332462941,85.33491954028943
343.66976451038596,85.32508523646374
342.90786623160534,85.38201589194118
342.4497507705332,85.4174595610422
341.4018583227844,85.34478736179092
340.25444302523425,85.26364508278644
338.63922889656556,84.98022541894092
335.48665374164125,84.27488418271668
333.0179919449764,83.68249597392537
329.03009492781086,82.97903573403248
326.25714751489727,82.57978286492268
323.63410024013876,82.25481755407837
319.6403733493329,81.93551616411817
317.1421009752134,81.82156855201417
313.87605267258715,81.88313173316021
311.8322020072047,82.10114253167586
309.72765519072135,82.42671045643888
306.3915372775272,83.11613315420497
304.05669651476364,83.69714789514354
301.7727299592011,84.32372807824676
298.4410531175075,85.2892541345679
296.6302380862527,85.8954052910108
294.1024830841757,86.66865261935179
292.47912118339826,87.36350012990847
291.017845272801,87.8474805768498
289.69927977097933,88.2608293985553
288.44406052481315,88.61347732270298
285.8970162975304,88.97574867873365
283.8245310441796,89.0250201258957
281.6982321686182,89.00202663959267
278.46396636831156,88.76450816778781
276.34926300172174,88.5693736935155
273.32132157751124,88.29985492998564
271.48563621307983,88.03591548255267
269.65235637871973,87.84457428165409
266.9345568560338,87.26720631562789
265.16423307588207,86.909037952068
262.49652535386934,86.43419707600809
260.9713345682578,86.08982643014673
259.60080277761335,85.84171641021486
257.835577782112,85.34193026342722
256.80796821735476,85.05874265816865
255.3763395053826,84.66622324374458
254.48127926433352,84.46620616138543
253.64655281009271,84.25604893481005
252.51353524120685,84.05359088633799
251.8128562715496,84.03798801463404
250.81006163437723,84.0964667532923
250.17148788691586,84.18690994074225
249.5350032306651,84.29361788572008
248.6655398264014,84.39855629596028
248.06897506659448,84.47933486557338
247.41664026002485,84.42417649319178
246.37394321537238,84.42660372430886
245.71806480979822,84.38005205509391
244.7541529501433,84.39914865999063
244.09628904584673,84.30114542341245
243.39476325889225,84.21697916953678
242.6150018777976,83.97461024458084
242.24722341578732,83.69690746801524
241.8567929922891,83.1332231716134
241.64370900393845,82.76292155049434
241.48380014279888,82.31094680928226
241.14839880329168,81.74890948945902
241.0110242731129,81.43278251240324
240.91943796478893,81.08138403455203
240.91708479847642,80.90845986820625
240.83385364891882,80.73311317642859
240.46245607263955,80.43563427953464
240.10120770916913,80.2229672286754
239.54887201841137,79.87408849275539
239.19274163081275,79.68253996228873
238.994527047745,79.58275593947413
238.67968675765525,79.44378881844361
238.5173105437253,79.43397082886919
238.13967474563916,79.4364947548247
237.84307864756283,79.51414254886994
237.4900718963748,79.58132998646431
236.8640243183883,79.60181907725284
236.43480480513944,79.50314941930537
235.8246755464433,79.31886193375932
235.46079888318658,79.18908532814683
235.0616120050638,78.9881921993579
234.49136191382013,78.7626755917893
234.04549914906627,78.56572704869508
233.39013255179358,78.17647556945488
232.9760267282224,77.86960463528129
232.56880471077906,77.1628422898439
231.93166694692772,76.10436237243631
231.40664497932306,75.04043480915381
230.79323469546023,73.73785094499051
229.7762593955437,72.04851974766433
229.40389655508972,70.29316507971313
228.76144864595238,67.80095625949787
228.3089114543036,66.24013995971534
227.6130304591205,64.57917598074833
226.9620554979768,62.104472825532994
226.3982516916316,60.66508885885197
225.23862076079874,58.32994396264231
224.4541171244015,56.70643908477345
223.42348311248395,55.11206908775409
221.3587461152771,52.99964013740726
219.51745767303743,51.727050053924714
216.66798155864973,50.49705316586076
214.863027353877,49.832441303328494
213.12276046272777,49.18221344992878
210.27229472515117,48.10710405360378
208.44861762344502,47.42289335901108
205.7947604156389,46.36594981990972
203.97294378948274,45.80158063273518
202.0513883914008,45.039884683629346
199.34288922501236,43.870483947425654
197.17998568822327,43.00679268133502
194.1292231807962,41.87533440431165
192.80175661129215,41.40390370981099
191.52809065894542,41.21667070731212
190.44762372232287,41.078927723330565
189.87875683141075,40.96885369834045
189.20875797133104,40.83662789456371
188.53135979305088,41.00465375699907
188.02691706730502,40.93062283185852
187.8141277066869,40.86791508907879
187.74987007800632,40.93420257464508
187.86250157316712,40.96716159451727
188.15781525201083,40.92476132928626
188.54195669886616,40.881921226930466
189.68713056036887,41.01524289694437
190.69076481247254,41.12359287645908
191.97926117195905,41.21370244187219
193.6092520227107,41.25360581094735
194.1423322505456,41.32472361932543
194.30591122699016,41.384247164342106
194.48923406927588,41.36613605461087
194.6050002577868,41.40101055655968
194.719881340752,41.45460529158926
194.9245533341835,41.5618395667188
195.56327363594102,41.68334456479162
196.18718504231646,41.96198433802885
196.68334387487513,42.044075166184214
197.64967646568732,42.27108629371059
198.00665734582103,42.29571538638802
197.9532792159962,42.19585670894888
197.901459906375,42.136307419620664
197.88573800927816,42.070218532742615
198.31625367229213,41.94178113576216
198.84087885900328,41.94641415425467
199.64486681193344,41.943359204368335
200.27381807894832,41.963852731110705
200.81709167882443,41.98118011645387
201.67748393890034,41.940224261838864
202.14434540373222,41.905954061857024
202.5445710172672,41.88021034608038
203.00239378158915,42.04628799353217
203.3095179477529,42.28280352040385
203.93089865139996,42.729997977901284
204.4622427111757,43.008555210150995
204.903250151646,43.30911366581235
205.63457330522377,43.460056588300446
206.04604190077924,43.56264854124881
206.93472042056436,43.70890012020351
207.53999428708147,43.78194068240937
208.2572583799565,43.84739139606095
209.2188214589471,43.94697822920512
209.87023815800308,44.033846443971335
210.86526271163135,43.94879193621564
211.4062445063965,43.89895846244522
211.8214101669571,43.810909956970164
212.36590255394606,43.72148681080925
212.52126056527266,43.62717650470975
213.1072848088538,43.49906830085967
213.3408967641534,43.45002894458795
213.49183986746698,43.46127149568688
213.7053889993423,43.3581711111065
214.12694001830295,43.41797560935847
214.77442936193748,43.60982561451789
214.8962674029014,43.70364946197411
214.96144643950439,43.75826773173099
215.0888547223518,43.90662760692596
215.26871930248265,43.96954389654554
215.44105538368697,43.92694471240017
215.62930117560535,43.87548359456388
215.93871110887895,43.795077343285136
216.32582067885147,43.75937253393253
216.49603376326553,43.742146398539646
216.61736983510298,43.694053959531885
216.7097528952137,43.66584665323495
216.76591657715966,43.66052107086167
216.7948794772785,43.631040204290954
216.70371205020524,43.639446017052784
216.55874905533716,43.61913379386654
216.53819882576929,43.55383050363074
216.54253889042548,43.52798490071745
216.5615028653673,43.52177002556561
216.68001746057251,43.53060867952295
216.89606799417191,43.52775706777444
217.2890510688647,43.54317627625287
217.6179790980283,43.60024863723358
218.3896181824939,43.671976883956624
218.9234542563094,43.74825589844507
219.2220657334301,43.799242182894446
219.6999032232602,44.069472178845686
220.05972632155664,44.25731218371891
220.94104511773355,44.6349581386852
221.22778309140136,44.86582047451071
221.67503208032883,45.16059621365112
222.1006936156243,45.48776203972521
222.24227761905382,45.66002856568668
222.48033536628128,45.91222342513629
222.75587854001225,46.085675894722804
222.9567611383526,46.256493095465494
223.2472767690971,46.497039121735476
223.4568787336445,46.63302142927361
223.86150119504714,46.86855144593395
224.02114874228306,47.032593360932424
224.26272678420162,47.204366709346445
224.52091324499983,47.44759742086688
224.67224704754636,47.55689625086243
224.71244742682714,47.60635971416103
224.798797632628,47.703144682216184
224.79289201780594,47.739114045147716
224.80790252082136,47.78624420726813
224.84872132456204,47.84461092041616
225.03034907132545,47.956114297660086
225.12777738131663,48.08594375908754
225.24622742503405,48.13396289696897
225.4312167425116,48.23161861809164
225.5599685908194,48.28235248982319
225.67936740640786,48.33878804602981
225.6892662440514,48.37536151491946
225.71592770414372,48.43118911191221
225.7919149438857,48.495736756931784
225.83325218745597,48.52383756097432
225.85698749920454,48.57654487800053
225.95567553465872,48.62030008333657
226.05383796430013,48.66678695342558
226.23355246438177,48.670066706167624
226.3536444665415,48.721217893370834
226.43236674787784,48.768755485149114
226.5573623867527,48.84597602170174
226.63402368332302,48.8716348407176
226.7085209962807,48.91400040281169
226.8114975882874,48.961295029258636
226.90137808059035,48.978741692898296
227.0193734918657,49.029840756412
227.16343182407593,49.061492167706966
227.4486150283517,49.15485475543292
227.67950418106574,49.17122388582329
227.88960745555164,49.22383748941416
228.30330588412892,49.241014586667156
228.45940695943528,49.25621837831259
228.58695812357558,49.290333522737036
228.7011904410436,49.33466200105229
228.78232866607374,49.34268451261221
228.83144476843782,49.34990409177506
228.8494703997988,49.38364399468031
228.93975115485975,49.462119268926415
229.06578101704687,49.4934984680875
229.16867826339438,49.529322346778905
229.34656714432919,49.554625903657666
229.42365466334385,49.57977605733202
229.5365110993859,49.605776235263
229.5405834187445,49.63357436122952
229.50121907020022,49.62876786481034
229.44887233247402,49.61685588036601
229.40587649245458,49.620099536308594
229.38201410164643,49.57124704873207
229.35057543565415,49.539400230410266
229.3304465134122,49.51793091643572
229.32522507625953,49.452456816709606
229.23714359712068,49.43194159767051
228.88831915450942,49.39894767045924
228.66465388295455,49.38597714666029
228.5392708674863,49.3679381705393
228.31385338259028,49.314190982269345
228.09136851788278,49.29775500271578
227.9106842200406,49.28109062757467
227.6250107729072,49.33066912481301
227.29458376256457,49.30926975890121
227.03172885139193,49.343573965188696
226.90836703782352,49.35441814274338
226.75757612430434,49.334642089909465
226.49754580000797,49.28783189217363
226.3171740305895,49.184794325654586
226.0902199716076,48.86999559826708
225.7799585827715,48.46732534083746
225.37724786432292,47.98417584916623
224.29133372890442,47.006542788154796
223.73951876894802,46.36312724566228
222.84890090820696,45.68585931558587
222.65924856620802,45.23394470245558
222.5073544928135,44.90617571024604
221.98358275664657,44.24055528746763
221.59462801545703,43.757676393850865
221.055987039592,43.36662485448079
220.71438149014125,43.139837412657016
220.72028698550162,43.07528962880977
220.65058335527772,42.95603962359604
220.6194272829562,42.929750357173916
220.74346122638127,42.95871828700277
220.88978976508432,42.71304362572607
221.17068192141517,42.53692535236948
221.5292743968377,42.43389850394273
221.69188457412986,42.444716464266506
221.74055752601154,42.491542149968275
221.79615216409437,42.61675627489644
221.8369064282074,42.74303036624521
221.80439424746262,42.82386264418864
221.77903814920813,42.871837962200594
221.76272120157924,42.88564272446678
221.77485351167246,42.858838137970245
221.86770258551618,42.856945171645286
222.03892218305546,42.8458527773146
222.02212161991443,42.91630270712555
222.00270950723637,42.977403627412166
222.02784808985618,43.006432047317524
222.0414245839606,43.004995938401606
221.99271257744215,42.99140356144873
221.97122226926268,42.99700130788472
222.0047651863559,42.97723365014303
222.04338056481413,43.009062338246736
222.03341909062232,43.03790862340609
222.1496965583082,43.064718160315266
222.18568029021907,43.13128881915642
222.20362987518376,43.170505544723696
222.26819356072974,43.20139057259932
222.35242032564076,43.21306154120122
222.50329954163917,43.296659107180986
222.69795450133333,43.40832656807829
223.25098542647083,43.66125620161051
224.06429370430897,44.11527514479532
224.82983760061006,44.275592741993826
225.90614907728613,44.355468781051044
226.48637324028738,44.34301829741011
227.16091116122965,44.444557180344376
227.88428313013316,44.74849048123523
228.52664732314656,44.99627822426758
229.1769850545534,45.349227353548535
230.82834679189128,46.09856981904928
232.4586133166451,46.99299969307804
235.22655883699883,48.57345465104546
237.43089784776362,49.6041313015654
239.46192375015391,50.84160260380369
241.68861240936207,52.48081061033363
243.07843442044006,53.26813767268006
245.60590521768898,54.834987499195705
247.3135672342365,56.12287433317361
249.0264004183386,57.65968097005035
251.67876776547973,60.17642255063224
253.50183901313355,61.79111266717029
256.411260319857,64.57213942241071
258.2507406003436,66.4411117384781
260.11256261775776,68.36882816559665
262.72692630345546,70.88824191201468
264.3141346384069,72.10144498099463
266.94495384386823,73.50083042474924
268.89056484025747,74.5547657053263
270.7756325598528,75.54745683063705
273.7530426325151,77.19580616037678
275.73284915501023,78.11739766682867
278.29735189962736,79.27366567723072
279.84457038571776,79.83294268670308
281.23819088524283,80.25148204050426
283.1289303398353,80.85868569224448
284.0728113348496,81.22542200670699
285.25830924284355,81.61175173133032
285.7535418082821,81.78408326920851
286.05173518091095,81.86480321694275
286.32257871972166,81.96276540218923
286.49027040119984,82.03885355458127
286.7583654259439,82.04595615438348
287.225784132224,82.06367487328116
287.5190993209857,82.09675135952811
287.8603877342289,82.13519237718901
288.0624578024392,82.17830470823716
288.2999107750095,82.26049298906503
288.67615718596585,82.31378875162314
289.2398563183077,82.16598390946785
289.9802856811476,82.06079799558357
290.3604264896752,81.99848021624439
290.48995454791503,81.9444987443861
290.62769037267435,81.81573679912951
290.71663158581373,81.70578024171738
290.84590723379944,81.53364848797709
290.9001696154628,81.46349620280793
290.9342840313714,81.34507264584076
290.9625004844812,81.25402583537883
290.92622520866854,81.21954813506456
290.82490477826957,81.16692539646377
290.7254002126974,81.16441537401671
290.60959283665704,81.12317549259161
290.35536224750433,81.01631671618202
290.1705480248404,80.9290765684414
289.9276986183369,80.81083259042741
289.79967676873764,80.73764882160324
289.6519620927214,80.6805240741173
289.5274569125374,80.57472242449218
289.46787557343976,80.53512718598859
289.29629086777015,80.4482800972076
289.18875653303905,80.37150551542203
289.10864447690966,80.30736105908402
289.007435498261,80.20694403209629
288.97554967331627,80.16476293955121
288.93180530249754,80.08119311103127
288.8950173291529,80.00830445769859
288.83711715365047,79.9453565791396
288.725281329678,79.83668501692102
288.67179720460916,79.76678784476246
288.59263392075195,79.64696088084662
288.4179918813478,79.50872546525136
288.3206279514155,79.45314146974499
288.22338199864976,79.39467741284375
288.1420610302206,79.35366468105218
288.0732062804003,79.28437981021087
287.93899053358217,79.18003076455551
287.81855330905285,79.08070887534639
287.6568215952932,78.94765029294159
287.49764120701826,78.84685929582801
287.3707028779054,78.78649333761147
287.1706805373636,78.73897080001278
287.0351614198505,78.72366906289385
286.9251158535022,78.72527528721902
286.85612660699616,78.70850563778666
286.80014539033556,78.71145057272895
286.6721957855576,78.73724504603452
286.59681984325357,78.71413749131159
286.4590523866403,78.6891529416341
286.3862309703632,78.69200067124979
286.32068215665413,78.6995959753936
286.23385372882206,78.67113933333408
286.1640081252715,78.67239209587015
286.10697925241766,78.66485885778056
286.0559289030935,78.65166074947311
286.0081556454662,78.6509101961328
285.94619575344217,78.68083908659305
285.8852126455968,78.70137499788832
285.81777276062064,78.75078494045444
285.7922768039413,78.77504691798768
285.74972673098796,78.79327011207192
285.69736199528234,78.82118613550666
285.6478029897817,78.8455054211953
285.6209295680784,78.87703799290756
285.5685787798843,78.91153845918416
285.4854628200537,78.95776464659711
285.4233223609535,78.99823166433563
285.3385533428264,79.02567516638274
285.2367714161229,79.05113811588022
285.08395395964857,79.02884484293156
285.01989590534606,79.0459519502386
284.9436157370925,79.05096782818255
284.882050617,79.0535610149952
284.7891798473072,79.12437954975519
284.6413368505173,79.22528645829337
284.4808557712711,79.30772895751556
284.15836044991164,79.29399736780398
284.0131367348387,79.2391850411953
283.92687039808425,79.18932363962848
283.88376224475786,79.12550733690352
283.90096464594706,79.08219576161558
283.97277692369164,79.05093637778432
284.03280495443727,79.0474275619016
284.0942501619117,79.08472201240463
284.18773869813697,79.17936357743383
284.22028644919027,79.25603274100116
284.23328348168377,79.36142121248288
284.22948177607867,79.432285013487
284.1823127522937,79.49582747143485
284.09430028769737,79.665010465052
284.0135206033834,79.88821585541308
283.8667418699684,80.46691593904823
283.63264972515776,81.01871895558482
283.105359638231,81.96498965718042
282.06402877133394,84.23406272667417
281.0785142398869,86.20571055082992
280.10219254296186,88.34504178592121
278.75568277105805,91.50588913365587
278.0301193345013,93.34512953991845
277.2523338058116,95.83493422909358
276.79348783214505,97.27298536198558
276.2419109254382,98.37514190373949
275.8614119478149,100.05041728221546
275.77086894922627,101.0908126116498
275.60227098373423,102.57069206066987
275.48441991937773,103.25862115561172
275.39201601976066,103.75898636962627
275.1513074345353,104.57204927061099
275.00759253391504,105.21230920960136
274.9542139711633,105.93272156083151
274.91490909506524,106.39849264990889
274.86114597908426,106.83481451733294
274.7286884581117,107.39327679090468
274.6444392777167,107.6188926359666
274.6027515148394,107.79194651749347
274.5728513484722,107.9289952968723
274.4971810296203,108.00795306735746
274.38552141652593,108.1373779738282
274.3302212816719,108.16479005790652
274.235956866627,108.2071527406585
274.20129345516415,108.24816922148479
274.10477742198157,108.24695194371466
273.92091434191616,108.34213506421194
273.8007677410611,108.44986842505784
273.58822870318266,108.6659896297354
273.4782875194313,108.8523574431599
273.31440145800593,109.29219961965629
273.45671887216497,109.58919887455772
273.66479481519116,109.90942005864741
273.86106357686384,110.24949641147413
273.8522589940137,110.42352967783515
273.89120009290514,110.60328091075668
273.89699466088615,110.83775923210055
273.9103199019394,110.96680857321635
273.8557101159112,111.16910055124661
273.84536740436874,111.3191249276219
273.8500819371657,111.43700842385329
273.8514415092908,111.52430792028119
273.87079495561693,111.57274098590673
273.87721495917054,111.58181212052611
273.87561413571746,111.46154922654199
273.84245284025764,111.28122556031089
273.7673516231949,110.92262684669576
273.81557748424876,110.448274959879
273.8484748747752,110.06206056054445
273.8686245485172,109.35619851921771
273.9434313592383,108.94133249627527
274.07384097263355,108.69874920236886
274.2001180528739,108.4000697513688
274.28776129487267,108.0337439272474
274.3980706446873,107.51189700331642
274.3623349398461,107.44736981793217
274.2918502924024,107.31381828664738
274.26814306813355,107.24601522841937
274.2783381674134,107.1606856711282
274.2619245348754,107.16182430918045
274.2003459095947,107.15053143021363
274.07905260590536,107.15828260425975
274.00513790766,107.17376482291226
273.91578539562147,107.19005550111382
273.8065067556273,107.22661200203025
273.73414551269525,107.29644577514827
273.6014698288749,107.42548571775087
273.50818544839825,107.54493097787116
273.4038982625896,107.68343082580746
273.21234269471154,107.95710152854404
273.0063965337856,108.22957276052311
272.7691309831585,108.42543165213877
272.3670179868868,108.5700330827351
271.9695504132429,108.66886443258092
271.466646114242,108.75612051513725
271.17295149965037,108.81243358786418
270.929573808871,108.85602992151473
270.5523648523101,108.93704474123338
270.2002439265319,109.06301071937119
269.80485582700203,109.19614519141106
269.5235357359997,109.3437402890728
269.1646585847205,109.44558232105439
268.60247046125966,109.50451398433938
268.1404638438386,109.53980066914664
267.6388431668233,109.67493921101803
267.2359552325286,109.71688716296826
266.9061279484547,109.79354518972575
266.2878351026969,109.92244875049683
265.82413884190527,109.97808857776096
264.94907710484057,110.04318605256131
264.4075997819113,109.99485896860071
263.75654212003946,110.01615214113967
262.86327255258186,110.01252319399816
262.27855923741004,110.02482891899274
261.3026948032044,110.08106407599124
260.68744447621134,110.0948646410551
260.02525673789245,110.125816346092
258.92872833970443,110.10931757706771
258.12704374615214,110.09946086299479
256.8697783089903,110.11420646539078
256.0372438405858,110.12492628446138
255.2558223308955,110.21595208095133
253.89044149213572,110.47475992502078
253.03685775468466,110.58438749247338
251.93547740149143,110.21030699147109
251.2632785028255,110.02977316666986
250.61935189372537,109.79638836341022
249.8117331665486,109.51157930315296
249.26886258615963,109.38447720786262
248.74434589628353,109.25732034032808
248.04436342271646,109.24583564551929
247.61344466848104,109.28194943655785
246.98644041828038,109.35230852597303
246.60953147559903,109.32612403576995
246.17532371615533,109.30876579349825
245.4629929100456,109.33783437149981
245.07521253953578,109.3194043482459
244.45485239730885,109.40287833519335
244.03881261216787,109.47255532878127
243.65221997400005,109.55423611304423
242.9146098058733,109.71046483102879
242.48268973397938,109.77499731306408
241.72036450137375,109.86382239207015
241.21596330429642,109.9253428042659
240.8008855198771,109.98902087616725
240.04709433721249,110.1572454110305
239.55409944927555,110.21383047146375
238.80065480638228,110.36282614102171
238.34976652321123,110.43499643923683
237.96099198899387,110.61061172956086
237.45061064806228,110.97400819156094
237.09022028081137,111.30172062934105
236.50443932290227,111.99754494730988
235.82133744557015,112.82121724871509
234.88915612159306,113.84004693593205
233.5757472024561,114.80912839959706
232.7164386510259,114.93484370222507
230.96334163755193,115.40986672773883
230.07729513656486,115.58963414981204
229.49296851015058,115.79897287841153
229.3999219672622,116.00106262359685
229.3938445001093,116.08307624809574
229.34681429477342,116.29741423250329
229.1689927796379,116.64904912798144
228.8482669529434,116.91541703212835
228.33330448751002,117.1308977127909
227.79449590882754,117.18831189231346
227.2075390546813,117.15717847033139
226.43185315303666,116.96408494152305
226.13166297167038,116.87602612040126
225.8801250206515,116.93639357277715
225.64229811886452,117.06476677310252
225.4727700866827,117.23384619359742
225.1375661202497,117.51890395947827
224.87200128371794,117.69562447289863
