177.12213131684433,86.38746483638808
174.24875046314034,87.8265601189372
173.39200677085915,88.10068571852437
173.0350955398761,88.079787339443
172.91064696620336,88.03150102664918
172.73236880874714,87.44263006495207
172.81069849367267,87.03736237207877
172.98733052298618,86.87646740692585
173.09607381596837,86.94929106985637
173.2874205206193,87.4566523632216
173.31493367548399,88.61157360421764
173.2462375075472,89.12470155619957
173.18538698333887,90.17562026718842
173.1829427716263,90.91620901872399
173.21008272315458,91.8449659742026
173.36788756060017,93.48656852084306
173.5274555735019,94.60438839895528
173.93397526346254,96.10540479317802
174.20791824324914,96.94807864850901
174.50954239725243,97.86165019856355
174.97691556309945,99.50027320298065
175.2368686204676,100.52537363177116
175.50383311811044,101.92015941721442
175.70623924063793,102.94897562386895
175.8748564517021,104.21195177663853
176.16634208693608,106.22220337489192
176.53982824417267,107.84088529291502
176.78635904508508,108.74509068281307
177.04239744774713,109.62373329144847
177.35374916945185,110.50434680946736
177.8910641161064,111.8322395144408
178.3592394339877,112.69411558509115
179.01080686900352,113.79171085109098
179.47403633773968,114.4841066350493
179.89739081392844,115.13106417157701
180.58816130768278,116.04864550619914
181.0373989700517,116.60785684216039
181.77558350005245,117.32254002659374
182.30341731093216,117.74943900880506
182.80891251462043,118.12127015657185
183.57660680157457,118.59038522667362
183.9413582194303,118.83101070597507
184.22435730997188,118.96400459875191
184.41595867070532,119.09752393777273
184.54807585075403,119.14563022585796
184.70922467349828,119.23737319533896
184.78051039803296,119.29933745582244
184.81620295935846,119.33086086662709
184.85743813517288,119.34880752475145
184.88919394958248,119.27795421116681
184.8099672144023,118.64048496029127
184.57848104743502,117.80629088347949
184.06774836407376,116.26505180751359
182.95386579264,112.93613546564798
181.85548610934558,110.26367406951299
180.02674891598903,106.32117929694365
178.84763063916347,104.08131240000546
177.77865763097714,102.39833368934465
176.54099662386247,100.61217250426293
175.94807049046528,99.75041757969417
175.48289506585567,98.62560526949153
175.40564261020816,98.0404347595531
175.37505040991186,97.54415146698221
175.5205272627291,97.12450678420211
175.67923296790966,96.86456986589194
175.9186286753858,96.35121379621272
176.00925409230314,95.93500177514566
176.09627109171828,95.4688174410034
176.21443993323876,94.72393473821568
176.2478082236593,94.23151232539131
176.34555280157494,93.72580138916454
176.42250897347003,93.54062801917107
176.46121907057795,93.61759266625212
176.42650137089993,93.8719209097413
176.40247299505504,94.15545296191115
176.3728626817855,94.44507915350358
176.3953038193504,94.69917827299822
176.4316383284452,94.81163947386088
176.54210355470534,94.95692295155442
176.68759228239946,95.02009702606443
176.93126634835235,95.0935258499288
177.52239898723474,95.1898458330368
178.03215884875277,95.26812240412153
178.8763154431297,95.4239360114906
179.69499493397723,95.6349505683882
181.25856291038497,95.8367073501803
185.37946362917,96.19062350874705
189.01767608823135,96.48460176002182
195.2685205074341,96.83106606628898
199.4470100616352,97.01838285441158
203.4484939734643,97.19314563624857
208.41882905865668,97.17626658000957
210.52609587303994,97.00360612969301
212.13782971127458,96.82101030639157
212.35091409565365,96.67127666478704
212.04913233441968,96.56204560882315
211.12399450655428,96.49770705501064
210.36885747914584,96.50909222876929
209.30844048442395,96.6314674180672
208.6743070223077,96.78298186028367
208.27162382577217,96.92518120021704
208.5216313559854,97.00987976957356
209.61927557412415,97.09530382777325
212.34091387696708,97.21022113553671
214.54775516075284,97.3159045066767
216.92254044832188,97.36082902152708
220.31001482792345,97.32787249551097
222.32340052955234,97.3370694920557
224.76613813646998,97.50654724816505
225.95815955696858,97.681913954619
226.88405189702615,97.87606299172063
227.96831077284438,98.29720755407763
228.71145178856844,98.67922223963804
229.51978111633736,99.21544023124656
231.07931064338206,100.00338002497234
232.32407034423366,100.31632300714942
234.5123343143905,100.43490875700923
236.0009531094008,100.52343776202272
237.50895387979557,100.74007164475171
239.69749400174408,101.55788276277944
240.92478733883357,102.28142032628331
242.40445250003398,103.11781719560292
243.1470724472554,103.75507278421412
243.7285238615604,104.43601879256296
244.36533334763874,105.79182108413407
244.61338993667792,107.18118148179495
244.8861784311445,109.78090037724995
244.98130779416311,111.30791568565358
244.98565731216456,112.52267120016603
244.89170560373327,113.88646185570002
244.7828339717573,114.51121613822524
244.5443518002562,115.3929094204192
244.45382179119375,115.86073528500435
244.42064164771432,116.32288689048413
244.49008953031958,117.06079985844038
244.57254111923072,117.54700634608753
244.82891766508226,117.95550364468338
244.95907437891745,118.21998947821453
245.0172248779617,118.40879047769555
244.9779293175844,118.59968057743994
244.92153787173683,118.75243522931743
244.7581034563255,119.09423575103466
244.6083554367462,119.25565948869222
244.1520801161498,119.46097052309477
243.41745947621325,119.65147698164411
242.92790440628954,119.79262631717407
242.55491392655276,119.8962351411214
242.3491697739296,119.95866137386545
242.23934689851455,119.99237263575645
242.02805222240767,120.06359206742412
241.5788648206013,120.05633117359247
240.7558815317126,120.03338756845079
238.19347670529388,119.69494114292677
235.61930914386312,119.34589158153088
231.1390499476313,118.41533645495855
227.77869588933638,117.56053697835821
224.1357835626594,116.4436013446533
217.78559819835888,113.80326641063768
212.97032406782063,111.1225009981783
204.76360383779348,106.35546519253134
198.95320599835307,103.24664353484125
193.1989504746895,100.46137627850824
185.24699380423823,96.94557440520076
181.46534861093264,95.00056525460582
176.98782649073078,92.95616088514213
174.7747897853891,92.01148286526364
173.00395837350024,91.31310210786374
171.05077042996197,90.64135323860008
170.04875052758445,90.44960290619855
168.84121412922764,90.32767759558634
168.21689272754662,90.29528828769878
167.67834770715808,90.36405806286862
167.13874197028989,90.65798049210358
166.89528146579514,90.8503790274036
166.6245702909494,91.04838294110363
166.43498807795325,91.13827093664987
166.28836250274585,91.17513870961963
166.10584717806657,91.13210063003426
166.0249734662791,91.09128973548894
165.95175551376155,90.97610908090455
165.91621675147408,90.85871133080332
165.89360981851004,90.7713515492287
165.85077986363788,90.62786193686253
165.78771326421304,90.5339258809409
165.73635484012337,90.45613576826797
165.62037936050044,90.3441558616494
165.5059035430169,90.25417296221391
165.2056835122111,90.11607445858454
165.0096480155224,90.02100746456843
164.84622039241114,89.88745621888388
164.66277945830993,89.64394182213304
164.6151682628263,89.53708963881868
164.61183425550743,89.36810581004713
164.6486962970543,89.24731130195698
164.70633294038967,89.12807511303033
164.81907597714056,88.95517440316418
164.91273009295466,88.86607636753433
165.04460220461326,88.77579465727253
165.14879726534016,88.71187345540616
165.2917453248051,88.64173119281581
165.49800601274617,88.571643179766
165.7352603928162,88.50581651631055
166.1319716225219,88.40652834909969
166.37262046715682,88.38293597178581
166.67386975373083,88.37614740948649
166.96916987576284,88.37715851284018
167.1735626760854,88.33779566518179
167.36623570836042,88.30710114310305
167.44744795569886,88.31359293048189
167.51334529304572,88.3306587539338
167.5779090739892,88.35562352262728
167.61521456682132,88.35169066613493
167.68393079338028,88.30076597275777
167.73774945549957,88.28350275064906
167.7914568719042,88.30401990928208
167.8631229846202,88.3619147771384
167.9146997992511,88.39954713536247
167.9415055684471,88.41623040414785
167.96818506731347,88.43544414953239
167.97008322624032,88.43386082578023
167.936709548905,88.44689134317632
167.90279793037664,88.45748965930427
167.85548141092585,88.45175646054044
167.81737867740208,88.41150957857835
167.80526031229942,88.36569508397876
167.83064652109033,88.30757540386449
167.85670499128904,88.2892721097591
167.87918421196053,88.27901235897595
167.90536994909166,88.26276088121175
167.91107813715337,88.24294528124945
167.91253770496678,88.21903968102971
167.90738313978102,88.21460184167009
167.9103001362126,88.20856232528774
167.90023225103855,88.18659538732679
167.83912234362245,88.1651662953218
167.47421061194072,88.07981833346314
166.8867342983865,87.96289010698851
166.11379326857306,87.9133004695656
164.68249137092508,87.952690406892
163.58786547474133,88.0581214776941
161.88978980259324,88.31203833768119
160.638438585965,88.5228209780739
159.33193573998656,88.7939292806932
157.34767379064792,89.4009399534413
156.02773463569042,90.12648924142694
154.0915184938143,91.45977022681464
152.8152631555996,92.27647063295935
151.40254126259143,93.10860717324849
149.141876890702,94.71190106430802
147.53063197087576,95.7519984863765
145.76615713641053,96.57774021422136
142.83347028271157,97.65756516034341
140.68338861685282,98.21257698570136
137.18415049366126,98.83048898589713
134.73947846835455,99.21849953532566
132.2574175376448,99.56858494792148
128.50435030106743,100.15720001303089
125.98492175480578,100.61181307408705
122.19642330252552,101.13449553326065
119.66578994669706,101.40399854254242
117.18646639095223,101.61253644551066
113.65073585589785,101.82323463015392
111.35339289701582,101.86769102559413
108.1185444209769,101.82905064474738
106.06899508012187,101.70558443001812
104.17395855723045,101.54056708187542
101.53058184952431,101.39066357747873
99.84397635280422,101.37327974387522
97.38045037620873,101.23063764977434
95.72227058423364,100.99971989500716
94.11404237755421,100.76103064870938
91.7562982674971,100.45310366800595
90.20674271921894,100.39397111082107
87.90144869953612,100.5940718856181
86.3088887617342,100.91988640413959
84.68530637705689,101.31395962740912
82.1670516345905,102.00813551119471
80.38370864389496,102.6062474645738
77.48379791861684,103.55546319272764
75.39920864307318,104.25606185220852
73.16159790656748,104.94741621765058
69.5886383260904,105.80365206214375
67.11361633980101,106.11827529215753
63.22415823197227,106.10427092463085
60.51472417155274,105.99035957290577
57.76209252310569,105.77884282534758
53.445981541528866,104.86414750858957
50.52348223478111,104.0502291436869
47.64433830348102,103.3206348611497
43.517413673203066,102.45963917527388
40.748677421588525,102.11753167898472
36.69701295603301,101.58145313808427
34.17429954366747,101.19940375173607
31.84084255533915,100.84992727433043
28.667482548525953,100.30753923716306
26.824892567681218,100.01750082657573
24.68525889355763,99.37902571568954
23.62874938115877,98.99958192349774
22.97080186226637,98.75891685120835
22.148778667868754,98.62430372492771
21.57625347879153,98.44563534614264
20.577545346209547,97.93164137894422
20.498173132146377,97.30309412830572
21.570343585865487,96.37528166292154
24.417386451457816,94.79446450715717
26.765976012605705,93.62643541829583
30.586084109333854,92.35279425660674
32.835711099492585,91.58611160542732
34.711458447025535,90.84051693779482
36.470361957920204,89.94890135100836
37.18808987233439,89.63055180335446
37.66368762104085,88.88332046666096
37.56055793259131,88.0234615991807
37.23971338228077,87.08880603582153
36.5247157263519,84.99261380272884
36.05304101451213,83.73541352503756
35.24611064513297,82.15751856066154
34.686076551346304,81.17363335949517
34.21964171501398,80.36245084365626
33.480189807286365,79.65778664285021
32.89543049219796,79.55749281914905
32.27451756601988,79.90368234912432
31.345276951879725,80.22609949652329
30.93687049551309,80.1416039111021
30.494600786162835,79.72412328418463
30.341372615206353,79.43784289581144
30.29120877253885,79.06165020938867
30.22093508987419,78.43609166102169
30.16400643077651,78.11850226517181
29.90819500809519,77.6100472808839
29.740679668129417,77.50299257863418
29.564111390454684,77.41783603431443
29.19961666988945,77.38354759106991
28.92040133877461,77.41209695299865
28.65487535021373,77.91101681090225
28.38927376617434,78.48719971200867
28.047832002496193,78.93980551770255
27.421866030315527,79.2703557578024
27.02539928674304,79.52553573177642
26.518327708134763,80.44546575538965
26.262195103075157,80.80502585018718
26.190008268495944,81.11966403904037
26.085693495915365,81.53721842911736
26.07037444939769,81.86947797936404
26.150286143904935,82.26479425290475
26.175525503154603,82.30021353578753
26.35797744030978,81.81647195709385
26.881657746450088,80.9206416166504
27.273242099499242,80.75873451523839
27.637821853303848,80.71179563851562
28.037793587119836,80.84524843467649
28.35248570688603,81.55644970451233
28.586927062597255,82.7192225510002
28.87065553700066,82.9410347689285
29.584352341530035,82.66205207254407
29.9793592218721,82.24401387146179
30.14381675025649,81.60989948769415
30.40171577789593,80.71077152372584
30.651357693598726,80.30860097865651
31.07280162525774,79.83504318166459
31.967569181703368,79.22613927354202
32.75133862087188,78.84170418868149
34.73179022623535,78.87992080329663
36.480370984572374,78.81481630340346
38.27387121979913,78.72305268841964
40.70211455506512,78.08996991201089
42.048319966058614,77.60516741607314
43.84749363281051,76.35250062898884
45.02838294045543,75.06184951738567
46.359160983822306,73.4140209767171
48.06199942109939,71.0382838954976
49.095943864497684,69.3729233638508
50.35004564930355,66.86634892398448
51.152797531447874,65.25581475125571
51.87741945052409,63.93847385808453
53.03582601059851,61.96849928361887
53.839284184119435,60.852530601105585
55.05473797633428,59.43255719100654
55.85512260485281,58.871334421331
56.697785168560756,58.49736854918728
58.37547378098395,58.11864146663556
59.74783853752662,57.84520441207712
62.07265876177,57.41046673680297
63.78133978948574,57.11297242591194
65.51639542929681,56.5528847366218
68.23978523128899,55.586729473611584
70.06338676627911,54.823222134135484
72.73212798039538,53.33210104645176
74.45510833127405,52.11054158340844
75.97578013859481,50.60359898177917
78.30624696446866,48.2138829710413
79.85148819899119,46.943314589478874
81.4154287528328,46.158178828914394
83.28583011307461,45.67654774484274
84.38443986811596,45.6555968205067
85.83916838773413,45.83901190143439
86.78450963215245,46.0461632235055
87.62214744709738,46.20780744013547
88.49498646143194,46.57679729099835
88.76045049606641,46.942393102717475
88.8029721875554,47.75373751018782
88.77653010108531,48.13159121403563
88.73130606962546,48.27790208587154
88.774091718187,48.27360227264637
88.95576919230122,48.23602944521277
89.20709413944158,48.286214400916634
89.49206587381873,48.09816852875528
89.88056059550246,47.79516872536821
89.86907222333596,48.09454791327956
90.03937130224061,48.35656064587856
89.994220548645,49.58582937402738
90.06194217816845,50.51959464263659
90.0493609331255,51.89180049512166
90.6028527197876,54.95196094788267
91.60773402685098,57.728143451764595
94.35113514187198,62.97062915550488
97.22731986877318,66.40579578687209
100.99923006536076,69.7565962100114
107.38411778684166,74.98136810596172
112.05905521751649,78.10881409081694
119.13319998985205,82.69714471929254
123.4513972672357,85.2523523567478
127.41828644679237,86.88900093068077
132.33276794963712,88.65155723883574
135.2046644739018,89.59851781234039
137.80347068001856,90.32824760671568
141.43289208979655,90.99792538968782
143.57332755429772,91.21987928510174
146.15364569619214,91.34797762305976
147.56376764675693,91.31121784082573
148.90422773113738,91.31647897655672
150.85933474988522,91.53145170056354
152.18061582826337,91.7388670804962
154.15252232216264,92.10969072915186
155.4361259945013,92.2899981810326
156.60174248169153,92.38577503252867
158.13635957823047,92.39449971844257
159.0632347528438,92.39904334558967
160.26736242078874,92.41602503982652
161.06682489103932,92.4402255598039
161.81816839313302,92.43940506925844
162.97528995967545,92.45698700281908
163.69826999422088,92.51316732527569
164.62777261164752,92.58717100675436
165.189171241952,92.78289337956147
165.75361184407583,92.98283897686997
166.60751547056753,93.35781054737002
167.24948701904165,93.53555237073402
168.27600654064642,93.56126912509353
169.07037286563397,93.56293349695729
170.3733625058989,93.46262234942455
171.24617397987114,93.38144120307747
172.10105721917688,93.36232769947814
173.36004873701754,93.42092221699576
174.13300076595905,93.49379689761243
174.8803203684006,93.65259862103126
175.96750882789144,93.87067386609753
176.66581819546624,94.05809032148338
177.54616216955841,94.43686668497158
178.0781990085783,94.71899668590254
178.5178731474453,94.98726000541375
179.10570589854808,95.3159443414406
179.44876129802978,95.49761749290911
179.83010554937746,95.68827317050678
180.32436166546805,95.7554398656424
180.66739900171214,95.75019639385074
181.0354687972799,95.7137045368116
181.280129926876,95.66143962562893
181.58289991721801,95.61046290608542
181.95675972850256,95.5610386660107
182.21071196339665,95.57760487486611
182.55433758030802,95.61478702640906
182.6733734089934,95.55818665572421
182.72753370520226,95.51032342421958
182.67844629140794,95.40880435704786
182.5269909250248,95.31180109904565
182.025778416124,95.09634999710009
181.6446499820077,94.9326369332163
181.1947882881853,94.75553624769991
180.48815344922596,94.59434308101315
180.02061796374613,94.52314022896216
179.55510494506998,94.49407914082533
178.8044704597567,94.55998944090112
178.3435105612271,94.58757143288057
177.8720085645639,94.60178353113747
177.73045724291632,94.68682342275702
177.6027030718479,94.85446357564832
177.41874290339652,95.12364727184384
177.2235205890964,95.36090077233197
176.87492615307536,95.69876720828736
176.59206169368133,96.0206961100278
176.0294019429278,96.32414183214289
175.66718438222534,96.47398284810086
175.23872101424735,96.69228942490557
174.53937875322393,96.99927340657423
174.06149512628826,97.11400373208227
173.59166058173858,97.30595966092329
172.92494938001525,97.6778573562483
172.50119035973017,97.86635125928927
171.96746750449495,97.99909827601134
171.62076032233514,98.07045804240366
171.2841170821393,98.16615468234087
171.07496337496175,98.25160865369304
170.97487885159723,98.29587400586755
170.85256340323352,98.36564320406373
170.82745992992042,98.39767056883524
170.8155963326786,98.42874842777677
170.89091081952964,98.44735147849794
170.9738848648191,98.43011044499917
171.13322740702552,98.3769067819689
171.2013674069505,98.32287087018192
171.24065607716653,98.25312058354638
171.24937040730373,98.12312135713066
171.24209911554863,98.03089497129768
171.21287186559465,97.86250221195776
171.20421294821116,97.79394841314686
171.20005238802364,97.74752149065793
171.18530544977654,97.69180613724316
171.17403996890664,97.62691993524398
171.17555245051835,97.50223688054163
171.16825192508142,97.40963337761212
171.16444272473004,97.32589945312023
171.13896119146105,97.20758357182503
171.09352206150356,97.1241910028105
171.0052221313764,97.00221874579555
170.9551564229147,96.92361954060647
170.8969018508998,96.86134608184457
170.8407377418711,96.78118189073844
170.81062083336232,96.74653702523187
170.77972460777144,96.66651795390742
170.76718589384396,96.643377469753
170.75401887176275,96.62887952366572
170.72393092455164,96.61721448477591
170.7013514781492,96.60630889336487
170.6840895714542,96.59879657528218
170.67646785086205,96.57901963734308
170.68244269451296,96.56825584570976
170.69715637909175,96.5382630059976
170.70619928946638,96.52289585233915
170.6987676825732,96.5434288357628
170.6599665236958,96.60197495070543
170.61787792315465,96.66092262649923
170.56159893310863,96.79642843890096
170.53795708641817,96.86402292777187
170.52772263725646,96.89653771071907
170.57185604097498,96.91968984316274
170.63094293966884,96.93552871543766
170.8104135921787,97.00841305285115
171.1479712527329,97.1007177108496
171.92394426834153,97.18169740945861
173.79821368161245,97.15988012755807
175.75600334946196,97.14864387698954
179.4577977764816,97.0730225731873
182.68469353900753,96.81653606189525
186.22328939687952,96.42180784055088
191.9912047224245,95.4322092533179
195.99781809850208,94.15713534927539
202.228152989569,91.52291126748882
206.6908134448957,89.94459889477197
211.28092911799624,89.00578644276018
217.24460640691262,88.91071576914922
220.15573235990644,89.59854221601434
223.1478212047091,90.9971973540014
224.1683525831093,91.93108011774787
224.7908055438665,92.8899437822958
225.48475645033074,94.10386092679965
226.13903926710879,94.7524497848541
227.03500930113714,95.4371777810098
228.69517347966624,96.29861932849546
229.91912290162145,96.8731716289019
231.91771854322556,97.70449064721439
233.2574221393397,98.19054490049103
234.46487142593816,98.66490676937852
235.9136163991922,99.24509100644606
236.5881347001115,99.62773845026611
237.23384721103875,100.25877875102398
237.5341878142808,100.6789650293219
237.74018005075376,101.28722044100823
237.8631699042469,102.78561188790097
237.85650846544576,104.21157601275371
237.7258524188921,107.40982798591101
237.582642760477,109.62605418287649
237.5524071170076,111.46964415400845
237.4485787540824,113.96758360429743
237.4038324473837,115.26047187086465
237.22858533481138,116.79678673405512
237.08909080085922,117.51177609733662
237.03700543204064,117.98020528017751
236.99960356616037,118.70844431412921
236.99470782698094,119.27990717373596
237.13087755193595,120.14752726368157
237.27689623242776,120.77256220654606
237.42330922230232,121.44548556416352
237.56830741488452,122.12961910930156
237.1973749103383,122.35609580213664
235.0288947996799,122.30793178929841
231.87736759436046,122.13242953151524
227.20650979192303,121.93416681277344
217.936291969806,120.89496692133318
210.73872391372393,119.49812913957123
203.31960290987675,117.531413399445
192.13484331675477,113.26893280519654
184.91626247769315,109.84652910739878
175.11708499764623,104.19436869386779
169.87646947416349,100.63805501448178
165.95361470617257,97.77092837411749
163.26809722937315,95.23471203064422
162.7587923867572,94.48207133343539
163.08394275340095,94.2669175396564
163.5744674853515,94.4164320159776
164.1301025156427,94.44932410302903
164.74502252708103,94.3691918158745
164.9876919509826,94.19289756101777
165.09046577482988,93.8327277032149
165.02562378145203,93.54336335779817
164.92832287722095,93.3279579682246
164.68096936119716,92.99615709390345
164.51628689577032,92.81880142684733
164.27219550011347,92.54647573242211
164.0172826356831,92.34617769898198
163.66476884529257,92.09752335309045
162.49449792353604,91.45528004734791
160.70239865038977,90.65259765048258
154.75479427806945,88.74404135236077
149.5069366784022,87.44133212915719
144.1946845831568,86.48878598777996
136.6824155402137,85.56611844440962
132.3371807715681,85.29389944171595
127.78769251442301,84.9974483688145
125.93924764173576,85.2044083384347
124.86704167466011,85.65593499066924
124.41130431422161,86.46655154330156
124.51171834716109,86.99035999201423
125.04540289128688,87.67365871942471
125.35486622829498,87.98174517269166
125.33896035141342,88.20375441162308
124.99173882865058,88.5194563214492
124.63504678049483,88.73610377692955
124.25394893993554,88.92950446143897
123.66582122991917,89.22890799907113
123.32702142849242,89.34932007734224
123.01416756319676,89.4413728516193
122.8741747127241,89.53555133702552
122.81003464449796,89.60383636921176
122.85793843296908,89.74161063414157
122.93552779311145,89.8246346644782
123.07436233445837,89.93290706230461
123.1656430122548,90.01261111744535
123.24933472826375,90.09906647124228
123.40396856740419,90.24846889075255
123.63699580237162,90.37191889483675
124.73730647212383,90.6717746186287
125.87480366512133,90.97738756530939
127.39393825039821,91.40098015302613
130.54866676497988,92.16854032086222
133.54635416191178,92.49712358844036
139.23511981667562,92.45740223103414
143.58607200081096,92.12930798448113
148.26302523159683,91.48460145894491
154.96743711441448,90.67114746316864
158.91000064994063,90.32665849950749
163.6646792048423,89.79709833329422
165.96575334298035,89.47508254792605
167.7847864452287,89.21465349730788
169.74099893837214,89.02488385840363
170.60551847677777,88.96708647181039
171.42056246866326,88.99135491929192
171.710302267055,89.00491338547987
171.8131576762535,89.01124266380221
171.7239004378717,89.04003290758148
171.6072435339853,89.0744069765839
171.48080740610408,89.07861156938013
171.1444028676887,89.03124379034615
170.83631482642912,88.95448626067265
170.3537126483372,88.79836444637965
170.16964801249102,88.76335869823203
169.9947440312215,88.73835723963609
169.88554920968153,88.80382433202536
169.84552334245896,88.87708774495097
169.87052794972726,89.01248737328469
169.9184278280479,89.12835668974685
169.98851840291235,89.26101355441318
170.07563411086616,89.41401790383026
170.1321437640375,89.52194279227338
170.23120577145096,89.64048168729596
170.2929847620207,89.69581813488752
170.36716395156446,89.71975269459554
170.5025736253151,89.72219502044501
170.59647292432285,89.71019150533286
170.80660273947433,89.67922175993368
170.9550305904967,89.65715632363334
171.13825936881148,89.62654432742406
171.4164719128602,89.60138460091697
171.60495561324174,89.62176180998132
171.88163522607022,89.64979826172936
172.07523665297225,89.64081243036541
172.24694754274137,89.62859741115936
172.5477120778571,89.60939392748617
172.73304760416562,89.58585372554717
173.0210019007121,89.5519239203088
173.21665704412405,89.53674255898586
173.39955454803928,89.57539542104264
173.51707185892238,89.62028978102342
173.5835233487301,89.66067107335292
173.62205627094127,89.76046819033985
173.55328093192554,89.89092285138838
173.4323356384465,90.0160899305028
173.16514553058167,90.25804166112462
172.89689782261195,90.42092561346321
172.65667358336256,90.54330769328966
172.18914565304937,90.68018094900633
171.94650753630657,90.74482038585246
171.58828546984802,90.87767784040726
171.38707494088982,90.98974261683068
171.1995259416818,91.07927078143999
171.0126674191839,91.18364834149168
170.8982855961715,91.25287410196177
170.77092652764847,91.38311413249484
170.71178188294488,91.44639264511576
170.66039954170608,91.50214972949328
170.59359613130846,91.56096931510024
170.55508040780057,91.57743060807815
170.4673010111481,91.55809596155146
170.41788150717687,91.54040600486007
170.3656985879965,91.51662373876181
170.25491553770436,91.465675749465
170.20131345397542,91.44376778781462
170.1306553970162,91.42682950474499
170.11256755893984,91.41104390857824
170.09242340495868,91.38533554534034
170.1004061181253,91.34018906696099
170.10285508739292,91.30253200935717
170.11570728348966,91.24717037937268
170.12586867480292,91.16410660918471
170.1250710360775,91.11866046511798
170.1206461999091,91.04741735249158
170.10970814316238,91.0054422721815
170.10426296243838,90.91609904982856
170.10533559661206,90.86605174679953
170.11446706494777,90.80653372705551
170.1439316811176,90.73145998506656
170.17252239724925,90.68877739132392
170.1952275167301,90.67003996027897
170.25360067840353,90.64052019728804
170.29786668455208,90.62450189037658
170.3881995107623,90.56815162316504
170.43278228184178,90.54085837814691
170.49568094584717,90.5237550952598
170.5962351534269,90.56504503046351
170.63663998857157,90.58430225330534
170.65238058941728,90.59466782226565
170.59914463368352,90.5628470580084
170.51681043649077,90.4855227614553
170.3119290543725,90.33339882563826
170.1585371274945,90.28434168961755
169.8618017005209,90.22270712665295
169.6256694142895,90.17113344554542
169.33778210235346,90.1182040409334
168.87997820633385,89.99758431115708
168.53468208125523,89.8656756136482
167.86456532158735,89.68904511878556
167.49691984949845,89.66433880117428
167.120282518835,89.65616292898989
166.80747427822587,89.73363071858633
166.66360184858942,89.77815203460976
166.54404761923035,89.83740651538514
166.52487283512485,89.86586240986135
166.50942741205114,89.8934640573224
166.53132217554997,89.95748647017523
166.64051491839905,90.10960706586532
167.05948857993852,90.57481815795708
167.4825289875615,91.07033538116971
168.00633580432995,91.64068331800314
169.02396718704497,92.48342270309011
169.87298155227538,93.02377922413183
171.29350840683134,93.49887738427124
172.35998324707887,93.68534092346198
173.5224807526822,93.84030916608494
175.1902709463972,94.24660388985109
176.2953452050026,94.58545470894107
177.80415446782277,94.87824583908805
181.3883330709843,95.03793763854166
184.65575414493563,95.15813671819971
190.52250811542558,95.03455484137416
195.20202298407716,94.86372757764767
200.20259542588275,94.65326605479159
207.7783130931318,94.40272913001344
212.58682735450122,94.18988286197805
218.9215649709518,93.96267316384409
222.6662912610955,93.88500152505439
225.9472736233384,93.89218991525392
230.0959485462655,94.01989613588553
232.39295954537585,94.22083999224344
235.31586729328114,94.63030875195362
237.16729623301137,94.76283035342549
238.95145307536177,94.71624026920666
241.51795088938832,94.43549783869385
243.10596423118784,94.2241996981461
245.31827347403583,93.8768851420431
246.7722878286914,93.68605352780789
248.29317959107195,93.50959726025947
250.65155055076144,93.32640323331317
252.35679746368584,93.11685954623401
254.92207727486414,92.72654363601158
256.52208033721416,92.4971640249482
257.92082083858975,92.32410897860387
259.7263229324779,92.20324089718086
260.8116419929563,92.16981766811773
262.43484166188,92.23633529605948
263.61726151168307,92.24957082981541
264.96114534410026,92.26740209052707
267.42918113108885,92.3318723820789
269.34688747341676,92.62055560914581
271.4249321545883,92.97780359530518
274.5408776507094,94.1126016310207
276.67716177402855,94.90723448294547
280.2095696202588,96.06811704301533
282.6521925833064,96.9122287319225
285.1849222410193,97.85680044079416
289.1602959403209,99.70970728419044
291.85589558068915,100.96426681265649
295.86284367716365,102.92078114019559
298.25990704971616,104.16850471241649
300.2434142458765,105.33263555745809
302.5949224637732,106.97284538040634
303.82866196280435,107.78233709825018
305.5957191415435,108.45039898208537
306.8302977510167,108.53589520970517
308.0495812968395,108.40136548081206
309.41025592730614,107.79095229110438
310.092985213851,107.10861183136637
310.81535432074554,105.41312600110331
311.1975630084403,103.99610924207404
311.4482947597703,102.3570686070012
311.8457172404899,99.96154871571275
312.16553574772115,98.5654955375426
312.78513043208477,97.15108833261024
313.40341066818746,96.76003126196291
314.04522913465735,96.32256824561367
315.3251097356657,95.92409309755475
316.46516765982324,96.12771134488196
318.9088138183498,96.75809173737399
321.23270070580406,97.33263860298926
323.9391959304743,97.96335946728587
328.37245853474144,99.22432412956103
331.3158632058829,100.05200925942941
333.83672561793077,100.59058259670998
336.3193777146906,101.03969719649356
337.10231461696196,101.46276196146914
337.6800667682238,102.11755461207883
337.81392046473013,102.3462463135695
337.44831621597825,102.69091958293264
336.0931001647391,103.13689569226018
335.06244549144776,103.6470677794366
334.1028750848403,104.41977907998861
333.7908391441273,104.84764042205155
333.49106724813566,105.4448107552761
332.8026241227901,106.97972241451683
332.0461604650067,108.86994698946752
331.1617113049207,113.53950353937773
331.08010044792206,117.06930697959419
331.27810380666085,120.95209870055825
331.84483885557484,126.60189781085933
331.9543917057214,130.03770118105317
330.8455591173781,133.67209881195964
329.4332362595659,135.35101561843138
327.91633805140555,136.38452668698125
325.9110682044693,136.76711110876698
324.9308886492105,136.86486464472878
324.1604900717137,136.7859624081779
322.87349755185915,136.9139017720228
321.90640795368085,137.12247504528
320.2968753060214,137.54605236260005
319.3013635118916,137.78190867121899
318.0803335357052,137.98635547653797
317.337312739189,138.113330641394
316.4695603559241,138.21685362617953
315.0142781052555,138.21211102188838
314.03393570049445,138.3396459655362
312.3991474164273,138.5345153938182
311.0687552091422,138.60391743641938
309.27046245640594,138.65775225508906
305.3149083286611,138.6815968717724
302.2655482684211,138.45541681849653
299.1928973769792,138.39025317411824
294.94186702065986,138.53509115085595
292.6114376851334,138.47371116712074
289.843961875351,138.59456046851128
288.1110204137076,138.78631755905312
286.38078957986966,138.97348406389838
283.95829541885746,139.15591101797378
282.4769331503653,139.13170021869237
280.17614341718945,139.13366922780403
278.61278215633735,139.1388646076956
276.91510986406684,139.11141411224023
274.0970050294749,138.93156686511404
271.80173063329863,138.6581599984413
268.11975012523294,138.10092494678062
265.4337343854273,137.72483468842395
262.6449527951123,137.35768286032746
258.0004443307424,136.56832175947744
254.60011799620202,135.89451524454267
249.39578550843743,135.01330309792758
245.98269664729952,134.65334030490038
242.7309284731771,134.3773117306073
238.3264395246214,134.28473988537215
235.88025327121306,134.435284770986
232.54193574439554,134.9719992384881
230.45876714692577,135.31077158412108
228.41423090579963,135.62940097268176
225.41895378698297,136.22508382719877
223.5471579126131,136.54381691842747
220.86264168076391,137.13187808581304
219.173984546454,137.5776094659587
217.48881091360553,138.12031374855619
215.07324319789655,138.8805397797098
213.3598007468044,139.27828146220713
211.548554313223,139.53928252202405
208.24663067215937,139.41824405288787
205.57150973015663,138.92342243025524
201.51563067770206,138.32547417429868
198.9505033842219,137.87955342191876
196.6052032729548,137.2914885654298
193.55544203643294,136.42405863862945
191.78364461966103,135.6702522989393
189.73602643620575,134.53988890134787
188.7829385891997,133.82466989635287
188.19922568228776,133.05730908602462
187.57961384929735,132.00098888976748
187.4060234150261,131.25904581569114
187.306963563882,130.1234500116128
187.3395418184635,129.45359000332834
187.3859281340011,128.78088772691922
187.46292975472477,127.87193085669703
187.47439890175082,127.22505952000802
187.32452268830795,126.17722765922286
187.05887026509313,125.36658708794766
186.6289671519455,124.47380790039924
185.73242416946124,122.93176456277416
184.99002544934615,121.70931404241416
183.81250298792426,119.3678902274919
183.18519681658785,117.7827288132552
182.60415066938026,116.23881782647666
181.997205995102,114.01738964885932
181.68251143851197,112.46285571372947
181.25749853532915,110.13573827462223
180.87703480331342,108.4977315106645
180.39370797049943,106.61153510993478
179.22021163336095,102.6325124240636
178.15808855129964,100.28675062821804
176.2805203437219,98.11320617603789
174.94563745353494,97.28133788342721
173.71001000988457,96.6928672999391
172.0778451234914,95.84622458458236
171.1017975286015,95.50437201638744
170.24554032452824,95.15594780075871
169.2253826957224,94.36859584048544
168.70629683907686,93.92287094987178
168.14394966711575,93.16185934972683
167.85509837420128,92.85352776424226
167.60466648783913,92.60990424805233
167.2050216703338,92.14216843387447
166.98377982851008,91.83632760270748
166.7029141969166,91.42332715762451
166.5789869664225,91.27465508789697
166.3641001494099,91.06937293936792
165.70511930674897,90.83233717858108
164.50925597310288,90.78625255392468
160.27079638884555,90.5550749033244
155.9779839598218,90.38060716140576
150.8846166448913,90.3467513348719
143.87374870927513,90.17179861849012
140.00358821968177,90.02230233804798
135.52170620924642,89.83661164759076
133.37937519913615,89.71149971332535
131.90734036515607,89.50095768864142
130.31402931194225,89.0713349685236
129.5909964766431,88.85243695270599
128.82872818836466,88.51760782736345
128.4396296270909,88.42135686161699
128.1012421942182,88.33581240737755
127.64234304239066,88.34003828914258
127.44936477086102,88.3926109333386
126.96046389509505,88.54835038619508
126.55307119318076,88.8061081605783
126.17427722158797,89.01195534748557
125.62694800138013,89.26384929172426
125.39182396324745,89.49128920629705
125.29355385993942,89.67661262418133
125.1839850875823,89.88005847867684
125.04971016207342,90.17184563882677
124.9024441984701,90.60719376034582
124.90369895948297,90.76596860900739
124.99233570221975,90.83505833360933
125.71361223830114,91.21459643049452
126.42845350889485,91.48819337345779
128.16334629232816,91.8666953570263
130.0308035886381,91.98437559859981
132.3092903061763,91.8439519476698
136.39928843979106,91.47839908825317
139.22999097672192,91.34272960768988
143.59369621044635,91.21311667899374
146.53651039145606,91.2921615355057
149.41294774753857,91.47667513318477
153.1636297067276,91.50208018346932
155.40912654947041,91.50076568383128
158.30821261223954,91.73135627960576
160.1078443827556,91.83181901772788
162.16111809240383,91.92704459858038
165.57098747406897,92.16579959823092
168.0188344826023,92.34194900132991
171.6924443164337,92.77411610008684
173.91117145767376,93.13852506711312
176.00207461798007,93.4029086629262
178.89095872234526,93.50432647821104
180.74313693109076,93.48313972044156
183.79252636934632,93.42251968568931
186.03559642374813,93.41091595710523
188.5241897165821,93.52327332966169
192.4355058245311,93.81735022541274
195.0614800492586,94.07687162995141
198.83690204340127,94.4938326115017
201.10968809449582,94.65462610555409
203.2324456816196,94.71682106404457
205.94714992844635,94.6454784734659
207.3976761046433,94.54115554081469
208.6581249084929,94.43172953676314
210.19883776088298,94.29896780710942
211.04002003667557,94.23223262503595
212.18201368613884,94.0787243739287
212.91166622473284,93.99733793796672
213.58029618172606,93.97326207321971
214.50498656954593,93.98551610101164
215.09795006564127,93.99940690755848
216.04095234135477,94.03606146201398
216.66038199811703,94.04058102142146
217.3015884055735,94.05994935432562
218.28941982146824,94.03288998156485
219.02516751648488,94.03185289815039
220.3039423779901,93.97873807976065
221.38620344273852,93.96141514589274
222.6158130544767,93.88413254366978
224.75881441019578,93.76643732337521
226.22369625428252,93.70375672801764
228.41246275162672,93.61632252627282
229.78524767588226,93.53942273456497
231.0978382194615,93.4928518514109
232.8965797602411,93.37839035403341
234.01597626194274,93.29887905565724
235.49602988778344,93.22650071548695
236.3186305454871,93.22517074865843
236.99669578460902,93.20438747878052
237.78438847613359,93.21685181446684
238.15688946198316,93.2107000492926
238.6418067645683,93.23863938768636
238.93815803892468,93.23494086272746
239.27999053346304,93.22975878439486
239.91286773341704,93.2498442795643
240.36661415237788,93.25288400508539
240.86107075820965,93.26878899982967
241.68871016971292,93.28120990241594
242.2522397970747,93.28616690666607
243.0973052821771,93.30990180084301
243.64682648908064,93.27012469530794
244.18059307148079,93.24222727244955
244.92282930886677,93.21410089692247
245.34601512103148,93.2265246205123
246.00549562001743,93.18440733605378
246.41691309335636,93.08529282278224
246.76931754558058,92.99074118749542
247.2746738111632,92.8677749685744
247.6258297946544,92.77209097855406
247.9411640110328,92.80686684868897
248.04146841594667,92.81932670163944
248.10745348029394,92.83981555253054
248.10114623827218,92.90515293624178
247.98594724829923,93.01063822526082
247.70041123357274,93.19348410653815
247.29586545334632,93.34151195075424
246.67397566220248,93.44284614510633
245.08438652030858,93.57699245922585
243.1830979025832,93.68251751213465
238.75846582002578,93.82463754746699
234.55238899938482,93.67788441781119
229.51296102030884,93.77497567889351
220.755994388405,94.13586512481339
214.54671169849613,94.51387674798772
205.77518917315788,95.40364514942573
200.46929590727794,96.07456973341007
196.10796106148763,96.52205676945646
190.937322453335,96.8453597029604
188.2700758383593,97.01026706452048
185.3294686212308,97.07483617362766
183.7728227900757,96.95660124977923
182.40822157205423,96.67668745727174
180.33465668228192,96.05898969751202
178.91721878221512,95.67957950330177
177.45073148278703,95.3578289459967
175.2987280303793,94.99040127351186
174.16740532173634,94.81308822090223
172.90457453322955,94.65358153004611
172.1609673366407,94.47653886031665
171.41000742663957,94.21430688513087
170.19306131697402,93.78458494057341
169.25141462714626,93.5276686307553
167.6023465456876,93.02988107296513
166.34031547923803,92.68262539249254
164.93955310451338,92.30550966905072
162.61513960771077,91.42401967813811
161.47906874942757,90.43772355289182
160.5782191111124,88.11393474277213
160.3314468530941,85.98464057963731
160.28546510872792,84.18207834086482
160.12158842822583,82.76449455392441
159.86379509422548,82.29005938379602
159.0190252491001,82.06580391151033
158.36493774022722,82.24457293371258
157.80885835045535,82.2718088318365
157.1807069642643,81.90974478381924
156.73271605211602,81.84715560594624
156.18530332050204,81.92011231405992
155.99416806374816,81.94708375554937
155.88598788715154,81.93282078764716
155.55504893414883,81.89661644744727
155.00712933639542,81.87141387879169
153.93462645015714,81.83596043885805
152.82776070548888,81.72600007838125
151.53438666490567,81.25462913048707
148.68078187377014,80.49004906619538
145.86502271916683,80.06674483167585
142.6238428664049,79.35039681128292
137.08893363357018,77.20416559214779
133.02602809142263,76.36986651365808
126.7538751504854,75.95362101077095
123.06935930159793,75.65145955441686
119.94535835560467,75.41494179925502
116.4353389916366,75.3696233025819
114.80036487271931,75.53683945046146
113.21287469180703,75.88570438806806
112.52196167145738,76.03245305953355
112.24538193817874,76.48237652738507
111.89244171655801,76.67027037121154
111.73238654720771,76.69762187268066
111.33159891003226,76.9834512002015
110.76403947626461,77.21997881608159
110.06045342131435,77.40869834468837
108.836587183148,77.6916111650263
107.96461841091718,77.96670946670855
106.85241655801069,78.43155324152809
106.1311382802522,78.7137151232689
105.49513209761841,79.00848462937334
104.61227366546912,79.502771632192
104.22541910823959,79.90893711632054
103.8986730531051,80.12780217307905
103.43812821316644,80.56944611488498
103.04599142280556,81.05431336084045
102.4371019179825,82.09361156278561
102.07888672890824,82.91123420881036
101.84687929504595,83.79395220493606
101.77773245649838,85.03872230513207
101.97758451226461,85.90290221190699
102.55107225382184,87.07585620962446
103.12568855321292,87.75052937178253
103.83632367468515,88.28498208044718
104.96795472867862,88.66629271237495
105.70214673545085,88.76338918553975
106.95633052656004,88.99558155919472
107.91065601906912,89.19178321547172
108.99207603299676,89.37433591921855
111.0250415126881,89.4941425768266
112.55420907402379,89.44187806624915
115.26064744237318,89.29532494543099
117.43677385099213,89.47873321242486
120.06055613950147,89.6869866755108
124.54743240130233,90.13519284265612
127.99771387158594,90.395415399957
134.0236545522812,90.38978689369506
138.65770198147436,90.37610316470256
143.70645876013438,90.27868131474175
151.67908230660848,90.12813649239389
156.92449888347437,90.09114355569771
164.13545893706825,89.96448486204046
168.29715860428016,89.65172646909377
171.63866967288564,89.34231111660544
175.71763721408465,89.44436879519387
177.96285488118804,89.80300827499732
180.90736745485725,90.03764076830232
182.58836526532053,90.22725131104391
183.96276326821254,90.43051694139969
185.7992706091612,90.77844131675873
186.89771780031973,90.98208372923412
188.4527250305594,91.25484745024322
189.33522895143278,91.302782504666
190.12967163565162,91.38048119036387
191.28056420632544,91.48459296646134
192.1635179494883,91.62220482819204
193.84391112736503,91.93106707211193
195.4536149816892,92.15565978138561
197.71637719058896,92.35690612872015
202.20753056886593,92.65342279733076
205.56137491394372,92.97791759251216
208.97112385019733,93.09333003553391
213.87128976400842,92.93620832774918
216.8406743692215,92.76143647735394
220.74411101592597,92.42761720054169
223.00457942381627,92.3654935189062
225.0548150826246,92.46210255510229
228.1528285218777,92.65992822734462
230.33844772326398,92.8802188082311
233.69886226189516,93.33517480449524
235.98280151624792,93.59396496516771
237.99075115675012,93.7531865442265
240.6384786509863,93.8299586593772
242.23903368941697,93.90191041924514
244.57697371038284,93.94438648050136
246.14253973632194,94.06755456248038
247.71704528354746,94.31052634311456
250.1929147019178,94.89735243735993
252.0428445448461,95.33308583796672
255.06369608101065,96.00848410534408
257.1451415858338,96.65110601557586
259.38659717625023,97.55725777920031
262.82898954269615,98.88931292818921
265.23184285315773,99.42265103200907
269.13064663830284,99.9321313048481
271.8338881479543,100.08798458381492
274.590416509868,100.1685883613195
279.0263709632488,100.16333126533631
282.17188605544516,100.0949199495553
287.01963386883455,99.60618205667619
290.1091461988654,99.23104767429426
292.94304474800634,99.05279282183906
296.5818448733942,98.55141546114905
298.68359270453175,98.21766605969118
300.5527728155464,97.92108702762114
303.0103474468653,97.59161259106831
304.40484480615663,97.33315549583281
306.16964947065213,97.09950730009324
307.1790051076971,97.01052886297454
308.23421788310645,96.99327468038085
309.90625822143534,97.22814327416143
311.24304065451156,97.41076274744178
313.4468320260278,97.6576563357476
315.0455916341714,97.86490817890939
316.62158961899684,98.08953143692905
318.8549002562569,98.51045506028582
320.42847842946503,98.80211658862973
322.83891971622666,99.49417823339951
324.29317165356156,99.93677560659846
325.427912030334,100.41313842086402
326.2976809402777,101.26169105132483
326.3174304706088,101.88596574325186
325.76381513533846,102.74408836561015
325.38309808596756,103.10367622852075
325.0061028340699,103.32314868499984
324.4860646842693,103.58728791922927
323.97052725030267,103.75820657286388
322.730201566466,103.90065455722896
321.69677828777003,104.03014941388237
320.58035796949855,104.06422505103338
318.77050085836004,103.9012830095389
317.51608782970186,103.86082641974684
315.55957234753816,103.95061938661594
313.9938553145615,104.0364899480179
312.29168656869,104.04432799879505
309.60043341652243,104.19003381820387
307.9057113400889,104.35737737115599
305.6884330371108,104.44216418959206
304.3548704343295,104.54038542819453
302.7771257360993,104.76082979470036
299.639500013765,105.32310459676344
297.1141523408467,105.72016842515463
294.52711127748256,106.16599078177352
290.771928580859,106.45267753324362
288.28367904224757,106.65581685821331
284.6959713516528,106.93542681704622
282.2167983124938,107.0162153253113
279.7129249287145,107.09581677514733
275.897788369013,106.80989027484387
272.8612211872368,106.41880566245909
267.4909127498518,105.71749842561461
263.351433752554,105.38175337193468
258.7789013373201,105.18304825517592
251.28091705266633,104.93406098053795
245.9229959066622,104.87181724751402
237.4554587017979,104.45767366075292
231.90963205720357,103.93289199519988
226.59051745015054,103.2342393213811
219.340482845768,101.85074767019788
214.86599227461852,100.80704045941314
208.16489326734765,99.39964691662276
203.4733334441547,98.53190071287958
198.9441230185761,97.79353384300248
192.72931665650682,97.08026631174583
189.27886927323019,96.79746759778627
185.05836698642503,96.6262512554494
182.65273549712157,96.57475432419858
180.5414999774043,96.57492866328083
177.47312762336355,96.48841760324589
175.54917964469823,96.49729366894084
172.96234013549903,96.64997518464654
171.44394734057406,96.81077711504409
170.05092740177346,97.07405038034629
168.0994593277077,97.6083752516761
166.7525471833007,97.95232230539908
165.37952434926422,98.2197120809768
163.10189037873536,98.47466688912635
161.50004711517613,98.49869653370607
158.95946318441736,98.11623937753495
157.35679335034237,97.73263123864943
155.89405475074415,97.26372768193379
154.0011789692691,96.42290549762494
152.97226141950134,95.77700631406867
151.74264675931747,94.65720826681384
150.9780675347527,93.90803912278791
150.2573304661666,93.1765948981631
149.20538057138194,92.17405465350117
148.483608607003,91.64295303809492
147.44699151636942,91.02783935149208
146.8309894700097,90.71784874750617
146.2834155973963,90.62764775868408
145.7225100802388,90.68830008713674
145.92465892132242,90.8556770263797
147.00540577068887,91.73519539462222
148.5169976971322,92.4696371694938
150.28464945783853,93.02717302739458
152.7459815185321,93.08491082479003
154.05743837716466,93.08084499725527
154.99487038085707,92.94521340951357
155.75641566566864,92.53562995698555
155.83332350832734,92.20697688597642
155.3093238901149,91.78401118067097
154.38729724674022,91.52520906276465
152.00282624842023,91.01936506605676
149.85430652481213,90.53920780298023
147.6489893982574,90.16658110649654
145.83906020003283,89.90150458174378
145.76954717785588,89.98644146839695
146.31466178159775,90.19627269318185
146.4042352030146,90.47643927474533
144.74428780329643,90.6126905660855
139.8537761642193,90.21283109466454
135.6443010782406,89.73925808883854
131.14092142536492,89.39375351144723
124.48301468357283,89.20741807785016
120.34223612477544,89.24233556153432
115.1652423033086,89.65583139244552
112.56902665069046,89.96603043499921
110.76905885240238,90.18327713991414
109.48197043201803,90.11458038479874
109.09368316116317,90.0980878979868
108.62603776986101,90.02258972797044
108.2667111687149,89.9124503968014
107.7568489344212,89.69241143467539
106.78771815519015,89.30992285768788
106.20329217319595,89.05030184858474
105.37514105480473,88.73577945889652
104.88385081141931,88.55618100352667
104.62366903970998,88.3761638267384
104.64359380058835,87.706076971663
104.94710403247996,87.16745665459341
105.9176310886583,85.66674514783496
106.809049982957,84.45974515702358
107.86382583679458,83.23563421044503
109.39750537258494,81.29169560664111
110.49336816226457,79.86652832312842
112.28723495526219,77.92162132084148
113.66494727243811,76.5083698150402
115.30713059728926,75.15370320958547
118.48118366473764,72.03246459453607
120.55999471019177,69.97548067680381
123.44770245888213,67.02034682586624
125.23684958927709,64.98631050873956
126.79252652845487,63.08701630180859
128.80760949619935,60.02349961491966
129.90433926177954,57.82653174555144
130.82181781184124,55.538289389940616
131.9592003277371,52.42981066382022
132.60863077709493,50.41055768901735
133.82570621181463,47.384955267889104
134.82737669754238,45.63338481806894
135.96430632324626,44.09417988482765
138.1020595857534,41.912707403088504
139.6189796930482,40.5397167601128
141.87746103838512,39.02284807291532
143.3490986245111,37.89502812722269
144.66278911206814,36.94231161032482
146.47067341922363,35.74072616247672
147.6783496147561,35.06931121107945
149.12596395962137,34.48440980308809
150.00342700526164,34.16526764841239
150.54134977325927,33.927039435698426
151.12939264363874,33.832161382453876
151.25672992773343,33.8910071157633
151.5424028855036,34.292518203656456
151.7005386030965,34.67934360988199
151.8154059137606,35.05137395691138
151.58092747140805,35.704730276927776
151.54925068765115,36.241418468814594
151.2938669425551,37.379203597053795
150.93617310794673,38.28351873048578
150.60133849463108,39.3667537780504
150.13607991744738,40.66176408496947
149.99244010403478,41.524103181893565
149.5307450730375,42.91460012012278
149.54002248804758,44.12581472664154
149.5829439611246,45.66050051342896
150.5519713148273,48.66623575651021
152.10175053139017,50.6880501527153
154.00191204212544,52.781674838959816
156.60209063370888,56.00223691140382
158.01414346585153,58.16974595124674
159.63351241647814,61.47508105378289
160.47997597469322,63.5384762748765
161.25158461756743,65.51297711582797
162.2769846827729,68.45257008101633
162.99760997754913,70.16950292235609
164.01140565184852,72.62774480479601
164.61803639535447,74.31682900488684
165.26583821435685,76.06803796612297
166.30186535607456,78.83559634542623
167.0979065488251,80.78685259516166
168.3186603244038,83.56411711041643
169.2372910148984,85.25085376121518
170.07894060354852,86.72048977495244
171.48899727302097,88.55412418533841
172.32892402187073,89.76249499820315
173.38596506039795,91.2167390128673
173.95710970898557,91.9446721353187
174.40288244421075,92.61579448956307
174.92183089517783,93.29785799702434
175.28490537942537,93.71881552413303
175.76642241726776,94.15829046711215
176.07292847137117,94.36042830000349
176.45420421071353,94.54000928817054
177.14643235132337,94.72550363505097
177.73447559944245,94.84414982889284
178.91912245150056,95.07929428190137
179.83965521290597,95.29932731642548
180.8014361823946,95.60587024184122
182.3006702216053,96.12601171124744
183.28534545638192,96.45331958599213
184.22092740946275,96.71927510680266
185.59785820663694,97.05065041781583
186.53419233601264,97.39351481455714
187.81464355176252,97.73844000882183
188.58273888579086,97.99305964749013
189.26300139158644,98.25200107472145
190.14401983956293,98.555030432704
190.6267949623297,98.73664217217254
191.23920717772037,98.95314977918606
191.54327713236853,99.15796166421666
191.74042558771401,99.34189701356874
192.0127603206344,99.56895604386185
192.14751830405285,99.68822218975502
192.26943317940194,99.85111818400661
192.33511241492099,99.9281117461362
192.41679695520878,100.00256485419676
192.46160035508913,100.05119033641051
192.45777480143366,100.1164905220745
192.37711640391976,100.20595210424965
192.2652161663704,100.2822007408023
192.08780743019858,100.3383716334794
191.77226614630004,100.4235926668346
191.54857048804308,100.49079156387134
191.2976273910317,100.5439445034064
190.85173437439272,100.60249623935147
190.53992660667316,100.67030400328184
190.00204270647077,100.84141200331035
189.6569419069444,100.99448344263604
189.12226628437423,101.29383107334985
188.76446561221658,101.6299643422615
188.3992713265128,101.97574972092882
187.98036629947302,102.40929662409071
187.76543289486105,102.69323955739898
187.51302649366392,102.90867990824988
187.3894459060163,102.96861123294434
187.19037005198876,103.01649373122052
186.7940855342053,103.02164948093922
186.45286035373033,103.01585364408584
186.0150033572199,103.01092558819599
185.54410889681316,103.04470699232512
185.2288904706902,103.15179603193552
184.95724636293332,103.35304266829289
184.84683157539692,103.44107097288037
184.76391585671252,103.47594363254069
184.5087677829086,103.37874024051243
184.18067278110556,103.10601580192521
183.22533092090654,102.32129012112028
182.16777196217663,101.67000540461129
180.83675774218602,100.93765096670828
178.66646068976928,99.93357438751983
177.48121165783093,99.29948190557957
176.04232600196949,98.56993083534739
175.44751090701607,98.23231979042467
175.12754448216992,97.97846663716219
174.9747323545698,97.74941871256962
175.03404846473165,97.66145339460766
175.2135037931931,97.46376543578513
175.43190928762024,97.32058152202534
175.7118792666724,97.15081123887595
