179.11377381935668,94.78987722840112
179.08677636469523,94.77944279983173
179.10147445033763,94.7722243227532
179.1150715973303,94.76353497704227
179.12099468556607,94.76301437595284
179.11095696427654,94.74047169433844
179.09561648767053,94.72427418180165
179.06737325852984,94.71891598706601
178.99734004176554,94.7698956127775
178.90715664801326,94.84738280244413
178.80693666531937,94.9557872035185
178.7078081888372,95.0359073304345
178.65109897698682,95.08730952718189
178.54194590520834,95.21220266780331
178.5396324495464,95.27621484648097
178.5632015169719,95.49028615757203
178.69832794524353,96.19648220875355
178.79077513023495,96.99564092267885
178.81234146186375,98.25406519580112
178.95623972730738,98.32935814740314
179.26812257629877,98.19090738309957
179.64121305032762,98.33188222673944
179.8543372715191,98.45749479310736
180.1526759844886,98.41293678875881
180.33404277338664,98.36086760233101
180.37800262461775,98.34382146185865
180.3845476676553,98.28867577809153
180.25387156216266,98.21690683503573
179.90341055105426,98.12996741416336
179.7230759106646,98.13881472946639
179.58942563488512,98.23344406511252
179.89138687978306,98.3827722031714
180.4219485134037,98.48778893264554
181.79286036357004,98.52746195538374
183.15545647446578,98.62260511883571
184.92986839153025,98.79262157908866
188.7990884154103,99.32425530100086
191.9716307035046,99.8887843211695
195.0929224548318,100.45097371837281
199.1805627497205,101.28470069202965
201.5098181532237,101.62021709022837
204.73552425244074,101.6733914917311
206.78912209852305,101.54286042113816
209.54348386648567,101.60742770136406
211.18664887212745,101.6063469446542
212.72376518845257,101.68405885691662
214.7135529007319,101.78856766761326
215.8698551183759,101.88541288985822
217.5569971908733,101.85427908181718
218.55858229139372,101.79619972510888
219.52394276213283,101.65821836387012
220.9266373741681,101.43989849553319
221.81579032563945,101.27115518904046
222.64709309166028,101.14273692403752
223.86142690029737,101.010340019536
224.6208461873949,101.00977629804972
225.86446726910188,101.03582509001721
226.8166447419776,101.09993066967914
227.8425715739802,101.24295282290024
229.21335056927074,101.27527192918666
230.08394013457124,101.27884698689732
231.26970914516633,101.2619184327771
231.96182025137722,101.24519001201257
232.64711607761362,101.17747649230564
233.56705844926947,101.27358612921702
234.0223865555806,101.36894187261606
234.56535280376394,101.52703961450901
234.6973702807739,101.57557265118572
234.78718934105774,101.55091214053948
234.93791115489282,101.47309642700303
235.0100706538275,101.36432759648977
235.1125342953987,101.28977890795359
235.13439632066203,101.27030050056361
235.09834129899315,101.26513163062707
234.98251821525753,101.22370018826892
234.84808751724916,101.18416469877823
234.64937942185472,101.1079122921633
234.46992109721936,101.06016210004066
234.16468690814514,100.97572701013908
233.69192359952748,100.53258609949644
233.46008469564293,99.67574361582686
233.25119759942118,97.42431171522134
233.07790023334863,95.8839507552317
232.7699869843236,94.85744621319023
232.11161987411387,94.2190122142088
231.6172298461498,94.43771417491556
231.21626832258605,94.6956490234237
231.32260717927338,94.76239969518198
232.2299243202601,94.5348057150799
235.56307983338326,94.1378860316228
238.93081150589353,94.0891159103275
242.49151346164132,94.35785926315565
248.32815873665737,94.84188257710899
252.2443062309997,95.08439212890063
258.08532061287127,94.88276259958525
262.14038989616716,94.740734813168
265.6941108974697,95.08298776020791
270.029587159816,95.71389519179525
272.16511831918956,95.74437504473372
274.59145459594714,95.82239656534045
275.699335550667,95.7430986883686
276.373900545011,95.66661193592493
276.8309908046789,95.49033270092188
276.7878089071006,95.30370716691573
276.7429586543987,95.01325766101262
276.6544887019106,94.85083337515591
276.5257223228774,94.83905802926257
276.09011052462716,94.89079339825774
275.6553064318562,95.01598641555252
274.66754748435096,94.97806603220114
273.5593877512863,94.95296941046061
272.22952661686264,94.64140152755334
270.3079890902511,93.90636301304721
269.3766965887688,93.41679009731591
268.01025653267345,93.00256818811802
267.12163590408557,92.96430390512174
266.1783417410394,92.74831115846993
264.3141153360318,92.46314124062705
262.3995838038399,92.44537082195416
260.17029152872675,92.43670780778493
255.77123121146752,92.67307614226313
251.30562675311438,93.23439677231076
242.4642406299131,93.25035185994719
236.41129451500186,92.82543502879766
230.8039084282695,92.63512019620636
224.6550526780223,92.44859181288957
221.43930623460093,92.61484670931581
217.0535045506761,92.92394474122214
214.0257014696462,92.61372369637269
210.80425680963415,92.3654952674588
205.27198515517878,92.22701004515831
201.81433617633752,92.21431381805692
197.13844586322054,92.14326634868213
194.27427517543316,91.99842771224654
191.39163991515144,91.6599010206181
187.35822570682595,91.3568525929099
184.71380009902379,91.18424570269376
181.16766831252113,91.0661404216905
178.88694368118212,91.03747424873039
176.66688130130595,91.20739605721502
173.30419740616486,91.34783966122264
171.44790941752433,91.36498977006073
168.94512800879664,91.22333027026865
167.736192044944,91.112502614771
166.71220634135378,91.10995798128427
165.44118257711838,91.239348525591
164.8010318744797,91.4410383040255
164.07466871695433,92.0188021491096
163.49150803667754,92.62715269412953
162.64284706442402,93.31829695046491
160.59504732576954,93.91845632376545
158.4528918564632,93.5408459327937
153.03765189368815,93.15366317120426
149.35663982295202,92.80847357032432
146.03367453495667,92.45491219073082
141.93350844370318,92.04041385084834
139.87210441933993,91.59446764901814
138.43943127933338,91.11922732289503
136.35843296594936,91.03499154499696
135.17957486209934,91.17655432943873
133.57237791791547,91.36616729280473
132.71776861832595,91.53694879248418
131.8951682670401,91.6222807526171
130.65045521709973,91.6205073868029
129.73115758671474,91.68249993579981
127.72683699385082,91.13618137403822
124.71579385760876,89.96208332338745
120.6127372382247,88.66524098894347
114.68608317327947,87.19251391863114
111.1926387890563,86.80077478979987
107.50785443008718,86.77705478666998
105.90848765054668,87.03242811534747
104.8069176735334,87.36228854451987
103.81162217727385,87.82559261006855
103.46505804485652,88.09528311778917
102.96403031556086,88.32165997409209
102.54141295487825,88.42694083079579
102.05597834130498,88.54052173491087
101.22092795620736,88.42149607260525
100.4566208906633,88.41148141374931
98.98794353877054,88.5101193675814
97.80977869070514,88.59924795464441
96.63886658477166,88.71503111228019
95.03993384940885,88.83682289931241
93.8817041545303,89.07817707434194
91.6065332998262,89.28403679105124
89.79826055564702,89.10166565429508
87.63197640342776,89.01050003352857
83.9393748861864,89.10665952655731
81.53934561937983,89.11465165201676
78.96704787792504,89.321934495146
75.666340018696,89.36978115488918
74.09748346176202,89.29477333325299
72.23809818171141,89.35274117912185
71.19666464650707,89.26339810405918
69.94318247888732,89.26091292961141
68.04977792600774,89.2600660859008
66.74664683632874,89.26776996845742
64.75371001364876,89.33995466547435
63.544535806209964,89.4010129804417
62.313457939644195,89.49556783837778
60.566521271095255,89.61530184405677
59.37381305365068,89.59682190598369
57.38913343515354,89.7254313570947
55.91108630905842,89.89662372203706
54.522230752876,90.18901076570627
52.82003825618504,90.26908941449148
52.01776288814203,90.18510182396808
51.133991124598,90.0919387265627
50.60295256271007,90.00874745670014
49.96117853370089,90.13148336862731
48.897728184215765,90.42137063166314
48.02381944449965,90.59244754804772
46.77907011796566,90.42404787503236
45.990005679020214,90.30814688867069
45.28194110175613,90.11027037138757
44.34923725052582,89.78326312487013
43.71483813372035,89.60092401534203
43.01645784151634,89.48427192657634
41.09732716277901,89.60123711113434
39.34510559168834,90.076667733483
36.816215400363944,90.1071043510297
35.75503167592703,90.00692469115245
34.86594414460487,89.93794638401366
34.50927370933388,90.06716572630353
34.41174080268863,90.01950916402684
34.12741683434115,90.20499056488521
34.18783703693586,90.72626392090294
34.51088481508759,91.37736906297368
34.4941699018604,92.19175420175243
34.11287596019318,92.20653792686362
32.92012021131586,91.80288455624316
32.18611603385986,91.60050497140759
31.565798301968925,91.466740072078
30.994669689495964,91.53436699285821
30.65442620631282,91.66017858986152
30.415114568395353,91.59506939726066
30.091327049590944,91.4031030093501
29.75385376578106,91.08019422162651
29.494585867484545,90.60789711974842
29.456893608602826,90.53133204095006
29.459761281848017,90.68851426391146
29.632627762860267,90.87257809352579
29.878378215681664,91.00460896251322
30.632291425178607,91.09301735437606
31.42669486591376,90.87000588598107
33.084640804018846,90.6635493277997
34.45924283641966,90.59245293986704
35.925994528729206,90.54400540440497
37.92207869795925,90.58897097508988
39.01163675459932,90.70037177221617
40.02820427959361,90.68939192796151
40.283210058870736,90.6723682036321
40.60018895690263,90.62524089873189
41.755707086043884,90.67982882835098
43.110255503941886,90.72982320205456
45.86846979645958,90.72474602026787
47.96963099673718,90.59728910297515
50.415328147645795,90.4501798358752
55.05446802383136,90.06471591757712
59.038556064557426,89.55563907160968
63.653097259462115,89.15379563978408
69.60036630806093,89.45118100868449
72.8545697539208,89.71624447025505
77.11708701849948,90.05926176870284
79.77341098757431,90.45376453753184
82.61531872408437,90.74389681213239
86.5018691650679,91.03563806267763
88.88615769357617,91.35988494551269
91.9473588525523,91.88963432653263
93.72089249181435,92.1542385663185
95.08416244233011,92.40698817646566
96.88983036853881,92.73369813366624
97.68360499210452,92.58463719873221
98.63712230988186,92.31417255856152
99.09176273036029,92.24645299867049
99.67284026048313,92.20493436600151
100.77484483744317,92.16229004464785
101.77191047248684,92.14909800287481
103.63148169682253,92.09647552975402
105.0276901321166,92.11818716151444
106.55038875701116,92.18391380884985
109.17420971558803,92.22779689177102
111.36137147755247,92.23705220909383
116.35318846397189,92.29208951460524
119.91460632303622,92.49742280302087
123.47813434778752,92.80811567902141
127.94016048234135,93.91334731082144
130.35389497712862,94.21767633663308
133.29307976443357,94.56807680588047
134.88875262433532,94.35437855296698
136.31292270121895,94.25761092453983
138.37101439130865,94.09515664484103
139.72934731673863,94.22782526973539
141.05224203901622,94.39209285390749
143.249924678104,94.59261732930953
144.73462966648316,94.811566041447
146.94984610297047,94.89930687903681
148.39295565294333,94.79844012797031
149.82757048521003,94.65105167442434
152.05766763424506,94.47134427386275
153.8447267413654,94.44107723682683
156.6153809560211,94.28819645352183
158.4838331153336,94.30315815043384
160.11183071833784,94.21465881283694
162.16595981329422,93.98357983216371
163.34024302012074,93.91107703126504
164.78173075931102,94.17244567343884
165.7611894081858,94.52500030511473
166.81037046477303,95.07434950852974
168.00599772748896,96.31708626180513
169.1492319459151,96.31260831783491
170.57747140173788,96.4511226907097
171.35151760399816,96.42862082772017
171.89802060943975,96.47310931882365
172.6473738861384,96.38036644740552
173.1232463482833,96.25861001041395
173.8286322152727,96.0943566369187
174.47515389160432,95.95802342046221
175.17879159303902,95.92510792888126
176.35063098016494,95.91451089019709
177.29343282376536,95.90850560644445
178.27113944420395,95.96655773333353
179.79428425216517,96.05999455301307
180.78946193794985,96.132902432804
182.12968015720398,96.25360975370592
182.99792662222393,96.2581266969079
183.79967562845934,96.1960952034368
185.3876623812643,96.05976642018395
186.57395836939614,96.05266853765785
188.63818980726566,96.1110345187377
189.95090283592887,96.24420907971776
191.29596914586295,96.26078957865052
193.19883388929463,96.12338584257839
194.38775768916156,96.01034779891151
195.84111924532726,95.88882377113416
196.67690795237675,95.7980015507314
197.29620869455186,95.77243581839235
198.02165546274944,95.52546365402998
198.4922149831732,95.37042417429812
199.28940819225403,95.14643275704358
199.96269220841157,95.06647076022234
200.82453839902644,94.9743044098296
202.3917595054019,95.09259150534703
203.43414125223913,95.29109288043378
205.18157545058025,95.37668930673517
206.47987482710806,95.31317019527049
207.7136896054597,95.16536862617099
209.66750018578628,94.97335377903137
211.06560078251422,94.73099977728835
214.22795763042313,94.1102768611898
216.93278609966794,94.00618971468583
219.49449131373635,94.25896888880777
223.2561452209278,94.65289884596307
225.657125723725,94.83055032555966
228.5385246119024,95.14340642685748
230.00448305543185,95.27364292247587
231.29052272418502,95.22739348775875
233.03724142383237,95.11468610198885
234.27025600308207,95.03284909602749
235.63104705381713,95.01168070950227
237.9328216034097,95.17534502985535
239.4117170983718,95.39839802328633
240.95868177848294,95.59517908012563
241.56434797687623,95.66575657512794
242.0375971039714,95.46733020912033
242.58045604644164,94.96897951106372
242.7977725519472,94.77069287009638
242.9276059760653,94.6416127455568
243.09339254651866,94.56450209503272
243.41876359347216,94.28948444945007
244.0520015872416,93.80527812683539
244.56200943704007,93.52484387874684
245.52610062217164,93.19737483255574
246.3140295710669,93.1626056084677
247.25895951830492,92.89666436649881
248.9352477731754,92.57143724611944
250.15542951456692,92.5659291682602
252.3369379443657,92.84535150549127
253.78753274423343,93.0882540397183
254.9809783417445,93.40438679611341
256.53196331888097,94.01074751703224
257.63240132323193,94.11316758718561
259.450736436434,93.98457472537255
260.8504442074511,93.74624325928117
262.28511377890237,93.63110980790493
264.6821770259771,93.54235900397325
266.33915730846275,93.58678797912586
268.70795169512405,94.01301765314294
270.04072111977104,94.5214540727675
271.29718593836856,95.49096488447621
273.0278771890586,96.3516890753608
273.76177390025873,96.7074626156773
274.5504839109499,96.88917507797495
275.18634766028646,96.83959117877592
275.9054031872399,96.87665766742045
277.4310004491648,96.72605466423371
278.3918614168497,96.52380112485332
279.6659115179748,96.16894370698084
281.07155873909176,96.95353262533838
281.8030340355387,97.09334958785199
282.9924803658674,96.83451345593946
283.74221781655456,96.85514340817275
284.4263651828097,96.76213716123424
285.1936607096966,96.76599468650765
285.80392866273917,96.78194727245565
286.7746680370229,96.46520577198042
287.62653092438416,96.48548511695762
288.06037596773905,96.60205153820309
288.0198700832939,96.4947760697572
288.0209696741005,96.37089784061908
288.1271043273691,96.21686080537614
288.3090386968511,96.02733327507089
288.4332408872128,95.95712706844255
288.0779173135711,95.21534458377918
287.5343402911176,94.8373985842056
287.1067667223212,94.75378395026577
287.1742405928619,94.77476091569402
287.14341872361376,94.87612552442778
286.9218487679403,95.03853542180738
286.23077051974053,94.9547123007528
284.78006226735386,94.69658059093061
283.32859918489805,94.5983111193773
281.69818324776276,94.54258973999924
277.75402111953736,94.55174293388616
273.8459709850392,94.65683469572446
266.2612946336438,93.88846732418833
261.1078225344841,93.31580969490838
256.3490593054204,93.05253708591215
250.0473680512158,93.08370986429642
246.1659062947827,93.07558198659437
240.8053437755278,93.33900475649561
237.75055142450995,93.03913332339383
235.0312412380928,93.10091498878263
231.0341421309596,93.46753622344012
228.5584693898062,93.66449054133585
226.1237942647291,93.89963426926057
222.57626989617512,94.12970263966183
220.20552018051433,94.18160141757237
217.18759061772195,94.09932430463455
215.41557820260542,93.89310096761163
213.80258353172417,93.84263587769844
211.27259466798722,94.08197192110268
209.5439019959012,94.24192758258661
206.59020524566947,94.28527508730159
204.16952876467175,94.32200400409866
201.21032875458863,94.18521204982
196.59082699531473,94.2058979361012
193.3314242040078,94.4632504482285
188.3900485438879,94.54164395705995
185.6528752061746,94.27199274653206
183.13420100825638,94.31768467046497
180.2749867852347,94.36175848463618
178.9021305134945,94.46492758166717
177.42732999528354,94.56717628485946
176.43053650976094,94.64071122549794
175.5217050802427,94.60862820188734
174.1814178960813,94.40727261912929
173.26104163912896,94.34703671716416
171.99643561812863,94.28239726449293
171.24100637267628,94.28493745629623
170.60833791998277,94.43589454507415
169.75758771895144,94.6401295910706
169.11350974391294,94.60160937315574
168.18576190770966,94.54753971075125
167.59443122731187,94.46807291590352
167.13308666388355,94.2876083231282
166.5706603670812,94.15040347573544
166.28821145892434,94.09898553270409
165.98649971490912,94.11890935514634
165.78857610003513,93.91944061308395
165.71835817653448,93.77613406658895
165.77325881690965,93.39259744867854
165.88315356627047,93.20371403487951
165.9163952314369,93.09558613057472
165.92641915057996,93.228618863662
165.7933879750956,93.4735224548793
165.39364732466947,93.59091164468741
164.78885144126016,93.60628166457296
164.0009481019168,93.60630075896445
162.71372712923622,93.58658922840327
162.0103403652791,93.40598294036346
160.98921966815934,93.26023658370936
160.32956856405707,93.23890197769308
159.6459241752768,93.14552895549465
158.49278644816872,92.99418113027019
157.73350886516496,92.89904811164905
156.4918702426393,92.86891311296046
155.70529582613233,92.88626067386646
155.01030399103075,92.94118858611021
154.02277794473858,93.0936834955755
153.49580609152002,93.22032944953945
152.72682634986592,93.34361111733028
152.22864474401334,93.42598677547944
151.58897366572006,93.57083045419
150.33502713190748,93.87200366111892
149.41692222673328,93.93582501630604
147.9975288238729,93.9688104471147
146.99326898166996,93.985815873315
145.9868260761879,94.00697791558743
144.2972868081498,93.96745617864228
143.03673694388434,93.86369623316318
141.82178910651953,93.82899055746286
139.9521281540252,93.79694195535177
138.63144436919424,93.79374569278778
136.6741078644079,93.75362453935499
135.4677665588381,93.72687147923945
134.362301112536,93.69860821985523
132.86705015033618,93.6922534399721
131.8773853296576,93.74347492396308
130.36141446171013,93.8305883576927
129.24155821489217,93.92448279238619
127.94532122934064,93.9680466185142
125.87765946444648,93.87639632443516
124.59547240602018,93.81718581482392
122.77884763807049,93.77505845608862
121.69982611777678,93.80263675674735
120.65643052126161,93.89898983630975
119.11230974466858,94.01629021129979
118.08336911186365,94.03067860989638
116.61139319553476,94.01257120543738
115.59024125015625,93.99159460186635
114.64921949502136,93.96449570030038
113.41077583716704,93.95157232219036
112.71422896636265,93.90339037476474
112.072205694983,93.83598636346109
111.26693934973953,93.61663242750744
110.73459008673467,93.46442319469567
110.25114262314816,93.24857734805124
109.9676367909766,93.02021286441324
109.6461028446689,92.849734035877
109.56556346859452,92.71912309074473
109.56084559602658,92.62847464425292
109.81741228365205,92.59493187141902
110.04771036955229,92.59926244535019
110.6072599673626,92.62071000397972
110.8746973746407,92.63711491539532
111.15148336986081,92.61814892360198
111.21340727039505,92.61170898234897
111.21869916645961,92.58598545500953
111.0235246258331,92.54188770114328
110.12170992112826,92.44889022305453
108.91741261470412,92.30539405892743
106.16191586330055,92.04444618286361
103.541673518898,91.60112205287732
100.06252316084296,91.29569903213732
93.66280995874263,90.57704659381557
89.71256641866451,90.11234857230058
84.48883684237845,89.7343654142419
81.64713317567332,89.72133831662923
79.24268066208326,89.75602225289444
75.72523477330037,89.97025508036803
72.50403983568279,90.01525658513101
67.13720538636798,89.92628191422851
63.898432607798654,90.0053697295241
61.17911725708373,90.10964533344257
57.98462020580867,90.14465322157153
56.428981583527204,90.28840107674402
54.60056492841555,90.60872499645325
53.33858078732399,90.97918615681665
52.270957016123916,91.17869461465182
50.68866622437537,91.315661432017
49.83948889906185,91.41699281509437
49.204662889164894,91.30846943846296
49.278763004001235,91.24792278507407
49.45548573333585,91.08707154560781
49.772998167374766,90.97000127284035
49.93840892850773,91.0320538908471
50.04266997999244,91.01623297961878
50.048774293541214,91.02323493243429
50.124915738972305,91.01458173074599
50.261329551281904,90.89659007914518
50.28289569185793,90.81913235766626
50.26147189806244,90.76627421040574
50.07403703347961,90.77608316118133
49.777251750468906,91.03802486508482
49.16313925062093,91.43913072265299
48.87550254343441,91.39525158774907
48.63307385239142,91.2304181418355
48.37628872002293,90.91093291225899
48.06077762297875,90.8491027918982
47.81009663112573,90.7050679087478
47.69615052681749,90.68268878089822
47.58124630529548,90.72203612644435
47.39372981599922,91.01154952165194
46.95561297235713,91.33878653485583
46.29234205732652,91.56249025038908
45.886622033330525,91.63886154054977
45.52691435165235,91.62419641276901
45.36736256411322,91.66403709128886
45.34610741242332,91.63004379487661
45.39737641791197,91.61840159272663
45.52097001766029,91.62984592978634
45.806007688020514,91.62623317689012
46.388205748265534,91.57787677855808
46.89495470522556,91.44506631399666
47.64224028845274,91.26246195481582
48.22982264681187,91.16807044518991
48.870078747901715,91.05905112768717
50.057522654334775,90.89726907721884
51.065343075604915,90.78929972779399
53.16362706919256,90.55770936280632
54.87978306988836,90.41430374501702
56.7814064118495,90.40575676743101
60.331771189681206,90.02127778744965
63.22241585471221,89.67666148565426
67.97994724915365,89.44160153223217
70.91177171273436,89.50917008073111
73.86881524655624,89.7020904530209
77.67254766347075,89.94761446263854
80.20254260565966,90.01280867444389
82.8964097815106,90.0312063128665
88.13890628155191,89.88007143603144
91.46280530425554,90.07722982277583
95.84193829321254,90.6310675856727
98.39856910593812,90.97759331460259
101.03524778747719,91.35702958245479
105.40611289690172,91.84285422842409
108.06182097358904,92.2867043128221
111.53525241529142,92.44034866026747
113.83267346889387,92.39781054732107
116.06717725982253,92.43788985657466
119.32717352385035,92.66239272432999
121.20573092971148,92.83314688657728
123.7053420693374,93.07294185528693
125.12074463139108,93.17793711423913
126.4552331512727,93.23820893382262
128.11371287817377,93.2451563336477
128.93310019702255,93.22151709274065
130.17025078859874,93.16513825815827
131.17251585514774,93.1230495905753
132.33766908332876,93.21766660590998
134.5611647525646,93.18711690750834
136.23740390535312,93.14714098661531
139.38612646049302,93.22167541053639
141.87953771577756,93.28390669011065
144.54368256608979,93.45619644693241
148.4540001305273,93.87724846123302
150.98497547328992,94.193019928548
154.52960654197273,94.64701333753062
156.56396240574045,94.88443880856224
158.34899630965288,94.95742706777719
160.5627722579933,94.910663151899
161.81850158115432,94.77317589026867
162.94768554231698,94.64053459371935
164.40740495571066,94.60941654218384
165.33087141251718,94.673822998319
166.67410830167213,94.78948164285805
167.65164359688964,94.89085995702875
168.54452510455891,95.04097514241317
169.6703948528913,95.10246025385985
170.28134432714182,95.08494321860987
171.08052811318458,94.99028693816237
171.56795866362538,94.91736546582437
171.96234515752815,94.86249516876119
172.52683226291197,94.73971805272124
172.82348391360102,94.61062691913568
173.20190628579545,94.27036528470114
173.43416256439548,93.85486208941501
173.5248608382708,93.12546129152238
173.56562362667805,91.94361592593707
173.4938851411992,91.25470510542793
173.3648550134209,91.12081684580988
173.33447974437675,91.39007032639128
173.13862512805756,91.81955639695559
172.99707768787243,91.5975302218845
172.922826060707,91.3074813889485
172.89324157563578,90.97219554790658
173.06939863737568,90.65891101666686
173.29555349231148,90.33769554477846
173.58852478160588,89.55874100477146
173.85830893016234,88.77862558601812
174.0849248496217,87.10135995585982
174.36136879531773,85.88914270679209
174.51074514964864,84.69736328731969
174.8318744426514,83.06199199946754
174.78874747062937,81.9345658666897
174.8699922957006,80.9204196632284
175.06048243544365,79.85971705414498
175.3722405773806,79.66384893028848
175.71823368972315,79.5108493480063
176.0710605606682,79.47088567901932
176.52911827096926,79.47308032395271
177.14665168934775,79.77527199374644
177.65823154490207,80.14174327483516
178.65670297977243,80.69365068032862
179.41211397537882,81.03555370155978
180.03488025865312,81.23756412096753
181.10406331860773,81.57446937459123
181.87957148092917,81.96480923999
183.15271858775785,82.79361555481402
183.91971941780199,83.44727555466585
184.6138669181694,84.48008423119508
185.36779912279292,86.34067967436968
185.67113471509165,87.56640001723079
185.86220400323253,88.85054866446683
185.836371856806,89.63017692277806
185.6956869635405,89.85805940677788
185.41160875267371,90.39591461382969
185.23794905033753,90.88814633113422
185.0437887229937,91.85655380564293
184.80595525315658,92.21454925309563
184.64794737359182,92.52478628434993
184.43716308459327,93.02328880691742
184.37854493021746,93.21849194674945
184.27961174748836,93.81350852211673
184.17081973797895,94.16804389854094
184.0511460529586,94.44040104409204
183.97982325841554,94.55774664433679
183.96261972383562,94.92222331788312
183.94648845595717,95.88469635254435
183.79539872761586,96.58546283881188
183.54960091933424,97.19915818258504
182.66119303738404,98.3620489661898
181.93866020151995,99.06542854313624
181.2491476548501,99.41643270386979
180.32995684087857,99.97697304626197
179.81834914262123,100.26775013827489
179.7270331403272,100.50024151045372
179.7465866273406,100.7939242906594
179.80228103419816,101.20403359707372
179.91118660170974,101.81541837102435
180.05726700475122,102.05014681634886
180.3760323637337,102.11744342870196
180.60897751136955,102.10590530792791
180.61894819430523,102.24970081712092
180.22531867090902,102.52341752412858
180.1064609223301,102.56521568491493
179.89401214691233,102.58106212000355
179.79290007993393,102.55804649274921
179.8626870287992,102.51089563115335
180.5486925210998,102.52528977619578
181.18407193562967,102.65463687041427
182.3453209911383,103.08830162417642
183.3676823271791,103.31162717748083
184.61495451369777,103.57334373186623
186.71025672973596,103.96013793922201
188.2298609362027,104.27839613014231
190.59460219169011,104.64899154132956
192.11123830557827,104.85741536610895
193.6526045933008,104.97571347425335
196.33583831200957,105.04718083467114
198.64729280249622,105.12778828855943
202.18287966866998,105.40156141770053
204.35210137825507,105.83576908610124
206.41120957677603,106.14468532731127
209.28581737754894,106.41570256710112
211.1091756120847,106.32423209090439
212.80302308202303,106.29659918969398
215.1658830732182,106.20538961636099
216.55499883583414,106.11426672587012
218.41119224318015,105.72987348090881
219.45207281738936,105.47342650359002
220.60480046387846,105.039731230085
222.59747578025556,104.19742088794172
224.04289400568058,103.63604938317812
226.12778233677457,102.99511672384077
227.5826979832627,102.62852207204719
228.96429044642957,102.33972770821924
231.0015683386307,101.99073913050303
232.24971172310146,101.76120269688042
234.15354510731999,101.32975904718535
235.33683122857198,101.01540994304177
236.39907450942087,100.70335646368957
237.89322334255377,100.14573550409818
238.93381005072055,99.82170509977546
240.60079783980132,99.45422130382859
241.90580962104394,99.27437346661316
243.55345354136102,99.04607909158638
246.03553324583507,98.49365536620718
247.56521461738677,98.22721139033924
249.83499958000817,97.7995192562923
251.08101552543224,97.59978864271227
252.45391784931297,97.34735258246944
254.69625164881128,96.9205248904172
256.3554306001129,96.50104694689256
259.3473242901048,95.5378253672227
261.2299468710564,95.047789068878
263.0726535135567,94.65006796633715
265.5773733307515,94.3947008150786
266.98262232958507,94.493417755841
268.99272350791074,94.44182588171918
270.43079722731466,94.41079620386435
271.82633569732934,94.36983986752935
273.9147369779674,94.38123402540946
275.1177290945556,94.42766891709961
276.0251297447139,94.53309134319471
277.1858629093504,94.26594646637722
277.8372321112938,94.02838254891796
278.6872594733544,93.86625886037801
279.1984605650571,93.82945573416752
279.72040336923516,93.88935337409451
280.7930748797027,93.96888763431011
281.57891832696794,94.08937444535147
282.8602969255587,94.25052222990193
283.7094741202378,94.31083646405557
284.6849176688145,94.34157386371166
286.2041312475534,94.17397224515416
287.26294278004127,93.80987195207544
288.93249951592384,93.06349455343764
290.10332575840215,92.75913500289265
291.2740529794495,92.43399209842832
292.86731701649154,92.06837382371549
293.8074648391015,91.52302226628161
295.0143829914175,90.77897196066958
295.9944476778057,90.40754763337819
297.14395213532134,90.23569952305157
299.1066020445496,90.40358932289315
300.4428296711336,90.70265433099152
301.9757943292018,91.57441587204254
302.8525109855299,91.70141275329387
303.5302891352104,91.75165233886193
304.3090495321079,91.6083979468529
304.5214268234279,91.39182870986333
304.36488419132115,91.38048957287391
304.21408950963047,91.41540200608408
303.9793865299308,91.53939026847223
303.72420020993354,91.64417342346206
303.72372602146794,91.60839502935181
303.7884008316054,91.58011446349663
303.88092221449944,91.44177896257948
303.85062688315173,91.4618615630458
303.5925183615159,91.3566858397373
303.2662015531835,91.24364997320691
302.8095741712214,90.96326862600792
302.30936201468853,90.75501559109506
302.10307490777814,90.54584313849344
301.7418669464266,90.13788693452825
301.4266555905341,89.82510499168612
300.9515916562922,89.44932241362896
299.9840426599808,88.90968638734178
299.1724668891734,88.59288231139554
298.0492620321185,88.36540528228122
297.4531735045176,88.32639059006071
296.9327305353976,88.60372373279405
295.84787915687605,89.06503450103448
294.64207154516316,89.78273860173792
292.1712375812722,90.77580578865151
290.9889827983181,90.98279258108462
290.32293844956746,90.89580537016352
289.7415670774664,91.52633893758784
289.2388665159549,91.97025541347035
287.0991668800651,93.09314814129267
284.7967758954368,93.39772874349285
282.4051141701604,93.33838228910801
278.3996151910929,93.3692998567236
275.56662869851556,93.28628099943096
271.01947656379286,93.18548724419023
267.87192257607234,93.24432136670474
264.6349001027801,93.50770495525958
260.0159720737057,94.01757249560657
257.29973143797304,93.97995417215557
254.81758973087116,93.96280090560384
251.62876615753083,93.860332048713
249.94014249719146,93.8860305518629
247.8154539785279,93.96807543287683
246.6748912378729,93.9716753884513
245.68187806627816,94.01135610060969
244.2782302094622,94.06976917096505
243.23091268991035,94.16818512078868
241.29077474279768,94.2278775143992
239.6252108288953,94.60430734965193
237.04303160571988,95.4459492845771
232.7015182746727,96.67736216062565
230.03924205057885,96.95529738347584
226.47533113514993,96.86004680871463
224.36712218288747,96.76251252101191
222.61176074538264,96.7920532847051
220.13148491573415,96.75419014883863
218.60643407850182,96.85877093414973
216.47102997779058,96.82532959668673
215.08602519623554,96.72917162740487
213.91155035857514,96.61236810121228
212.31704819560503,96.62203490653324
211.35237492677845,96.65044686269758
210.1400912864382,96.61859006144563
209.44155334673033,96.67711302746095
208.68928882712765,96.67255324535054
207.7685063562193,96.71595001407682
207.1496589030721,96.89268208566018
206.1313344236255,97.06866932448577
205.38461270827537,97.10260488886843
204.51068691928333,97.1157428161528
202.99636962878932,96.92041350490082
201.86350889271864,96.66608781478087
199.87711140483006,96.48020027732667
198.49561683665914,96.4443964074674
197.22125300997226,96.46476240669612
195.24568907459442,96.39470236836222
193.89989484842417,96.21919948118492
192.6772636033673,96.05264095638633
190.73957230922576,95.82457296414638
189.52856911794544,95.56451247814275
187.77230957419607,95.01173339155632
186.77945369630373,94.63344660318927
185.93041465297898,94.32922841549014
184.7884029757539,94.09745466099781
184.14461072206535,94.11135492114201
183.28324412943982,94.1861585116971
182.75349289169287,94.1261933869389
182.1902681222422,93.9359705815051
181.42793435973311,93.56514232503119
180.92267731456965,93.4530570659109
180.1902832728922,93.25842312131171
179.79284272226352,93.07550518332081
179.5703622120387,92.89520700243578
179.3833172009464,92.38897830384472
179.29843198472102,92.09405514871406
179.1744040488902,91.62651172054568
179.21953371897968,91.32269254668832
179.36796617808386,91.013403805396
179.76236623572368,90.53176030400996
180.06785533307522,90.24818147475328
180.68338312731373,89.81191126897066
180.9693535829396,89.58474062057584
181.20796154935863,89.34572612237767
181.3996863170766,89.00731085583408
181.44252703804347,88.83364338711799
181.4354474989961,88.73958630855105
181.43125319671668,88.72763128396406
181.44387063438057,88.72860243035267
181.50875394229544,88.77310257713084
181.5105099126297,88.6471897716823
181.52305874573094,88.5205865004213
181.4914190419175,88.46499249601834
181.48612084767169,88.47283339117571
181.46461002617076,88.48816635964538
181.47681653142794,88.53520356898349
181.41739812918007,88.57641183868265
181.01478122994052,88.7371464211687
180.36519997480914,88.95119755912626
179.308169770758,89.13605881948806
178.74321980931472,89.19915568705856
178.33506437098927,89.18194564329995
178.10545220630914,89.20189103876629
178.09879422755427,89.24149112395997
178.0190444657022,89.36084981475253
178.05631085947616,89.44641671909471
178.1438290010964,89.53446183450397
178.46811004632227,89.7629315611801
178.76793611032252,90.46779127185376
179.58228526334275,92.13656586941346
180.10825055986663,93.43174913059869
180.57577255469803,94.69024816209097
181.2244707049217,95.9489670944527
181.30510004991734,96.7310303116596
181.3253651854782,96.80706808060684
181.11516751268334,97.05059857481835
180.83693606181234,97.18325713871707
180.5609337189624,97.41494770978723
180.4847193442219,97.3152448489653
180.03606984228193,97.16718050677618
179.28810183936915,97.02427501102802
178.3305826542295,96.80533153416636
176.8557271301164,96.04204329764724
175.819146965484,95.7628412476941
174.11120340230602,95.64989967259315
172.69991834409396,95.5330291478157
171.2753926052633,95.13427151885558
169.44921835816464,94.46854234436182
168.60443037938344,94.13079304376629
167.81377626834785,93.843482365608
166.5678053328266,93.40190741857187
165.753600088357,93.15149750517553
163.85365643743216,92.95252717497955
162.4334768745974,92.73254910277267
161.04205179636358,92.5398350556978
159.03063296109877,92.3238042903169
157.68735011058732,92.35959996882204
155.54170910908522,92.5567896144472
154.1849981626009,92.66139277481444
152.87688302031978,92.80736473452856
150.81700129107475,93.10560414164055
149.54698453116129,93.10620760090693
147.74788117034154,93.43041212123077
146.9273468920307,93.60519793536953
146.22435250991168,93.7245032318069
145.32885868614514,93.98708206699592
144.68171481812746,94.13240980211533
143.49025944366224,94.09168451879772
142.5278760404845,94.15881497661599
141.41706031618224,94.18327084902586
139.8709479074109,94.07938398945893
139.00473595882156,93.95176454243168
138.02698083774624,93.80203473113596
137.53365209818827,93.66653008894323
137.09965131860216,93.52351883745887
136.63907033963704,93.37563475972105
136.3803066805258,93.14145640867756
136.08108424321014,92.79338038932143
135.80470800998722,92.5837878291486
135.5954387061681,92.48581377769408
135.4058978953887,92.4487274563905
135.17828814992316,92.38953634306792
134.89218631731512,92.31147301857237
134.28447382903357,92.20012929456847
133.73549121855757,92.0989957968125
132.74388630543163,92.01965524231726
131.98629814669934,91.91798765198308
131.16611658842643,91.84319772243207
129.94313517906716,91.75884488558378
129.09285759012266,91.76210048906577
128.03087478075759,91.67566494798513
127.34820505942075,91.4570649759317
126.77563495434853,91.2059447949348
125.94690852061277,90.77985491302842
125.41120743445286,90.54299745868585
124.70425801205012,90.28589233692716
124.18441104978598,90.18830565595715
123.73701394851827,90.18039301742249
123.12838031014535,90.15012142464501
122.7341644533872,90.03889011379047
122.23927746423428,89.70079768683972
121.94902409947738,89.4168859637704
121.76895323683591,89.16405997137626
121.62668308940312,88.91524636235447
121.57212310658545,88.85818044030785
121.516982721532,88.86130075839326
121.57471379713556,88.87434440299727
121.8788799259009,88.92829873610228
122.58683656536482,88.96086253853385
122.81214818885974,88.95992835698722
122.75755016582706,88.87003060573444
122.43277239398125,88.79452792886163
121.7513586443171,88.64704126591486
120.30995910831243,88.58042064623113
119.04389797774061,88.6330017278724
115.42572543993197,88.65806733873637
111.7190507963897,88.5835288834556
107.57696364421521,88.18393571827312
102.0042559262381,87.05933376846498
99.02396558270762,86.63250679465544
96.60145057806382,86.57401641242909
93.89255092855782,86.63920569511026
92.5666885095582,86.97017225525927
91.29658462373436,87.2295513607448
90.6329321159474,87.38135319300495
90.0176318585473,87.5283553412511
89.20066510893793,87.74526439652385
88.59050590901438,87.86280325498026
87.40741419572275,87.85042998167077
86.78783464947703,87.72277073166083
86.16100614663158,87.65763135070443
85.4298013905423,87.7343668211476
85.0258570704695,87.83545728332165
84.49456888175644,87.95681200894605
84.04781338326868,88.0318736016629
83.59818324035822,88.10558179790895
83.05135700805309,88.13680115713744
82.79145169363653,88.13485640638275
82.61928305974888,88.0714343574407
82.56484667424087,88.03009365310794
82.52439711040107,87.98231210277025
82.48747389380664,87.9063788256831
82.46657311078343,87.8546474038572
82.42670503665329,87.77804142871686
82.38880175970745,87.74928713530049
82.37541796695126,87.74672999546863
82.35777077060433,87.77124509625612
82.36107930507907,87.80748632546701
82.37905658470362,87.91918592210601
82.36424344043846,87.98606081833354
82.31902512595147,88.0714923117206
82.30044211076226,88.1863531374593
82.30101372497137,88.26574243424768
82.31810007814279,88.3412966732426
82.2811366376193,88.41577471596804
82.22893935226703,88.45188452439415
82.16612853140059,88.49457528408024
82.12489192580438,88.52413020904415
82.09136032141906,88.53587038101261
82.10458617320239,88.5511325685509
82.17462628962187,88.55829700014782
82.52312011925602,88.5753196199922
82.84589165382825,88.56783894592736
83.3518040964181,88.54593945890718
84.03560656729074,88.5180574485218
84.53772382052455,88.50549039928744
85.40303790454296,88.52749148183167
86.11799173779484,88.56408108752186
86.98647816880374,88.55283147830481
88.41632191327112,88.45189003941087
89.52542335690306,88.40666894886888
91.3418097335008,88.28252425174517
92.59405959609985,88.29936716020293
93.9929682863714,88.23254173480156
96.13017819718776,88.1311059306874
97.59559331246041,87.96616906134251
99.72375056459822,87.72059992465368
101.10228137203801,87.55135962561987
102.49122238487554,87.41187815249276
104.51441248380105,87.23479877729358
105.88910508822421,87.11575674002033
107.95255882503908,86.99949065402646
109.3885829758611,86.94775498323149
110.87760533140256,86.92399601554524
113.0857404180037,86.88677771606062
114.56903343279838,86.89330633689647
116.11553549360768,86.97823639706742
118.38936740209442,87.0889636852047
120.03926681890047,87.16904442954008
122.65937941872922,87.31807954083656
124.51666722009733,87.40700594307422
126.48368346885218,87.57678564805047
129.7208916609133,87.84067435275975
131.89453931923626,88.16870894062664
135.08807798578357,88.6144733441803
137.29121100810943,88.74755807934106
139.55519731011228,88.7979095188758
143.08802608236505,88.90444440308606
145.53435459981884,88.88988279984648
149.22686012038804,89.07590261625018
151.80397134702932,89.31147501642063
154.23110707844475,89.46315865371685
157.3890743752754,89.6222238494212
159.30039685662854,89.67554441874567
161.7485231773887,89.69741711417456
163.2177598397949,89.71295868040225
164.5156033369526,89.64448354526517
166.11739779568038,89.6946752574541
167.153290230093,89.68723832759851
168.44272620495474,89.65123383329681
169.25929095007174,89.59177924556592
169.99598575280356,89.58635720323025
170.54316999423463,89.69872332183675
171.28052198906855,89.93985067793767
171.90906840393353,90.19850607013784
172.2337026107759,90.30023359950579
172.48730307045665,90.53871098751632
172.89146382247176,91.07532850464486
173.20605103143112,91.56328688978444
173.55475656536092,92.35158976806248
173.8140355009445,92.84415302210618
173.94627608605833,93.22678075596036
174.0988740847429,93.3534191452886
174.15841959037243,93.36745652542302
174.16656837134528,93.33423938224861
174.19377469579425,93.31211776807416
174.17183513845498,93.32003433765793
174.00568241966647,93.39255789569454
173.86588177338658,93.42347581115853
173.70248961315426,93.50661917243217
173.46504951019003,94.1497528366834
173.2942523248112,94.77646818137848
172.99051309119997,95.92947796192304
172.70752465481434,96.60817497490581
172.4241224126673,97.20918407619794
172.02938624903928,98.18303211132246
171.84772930497687,99.17300661568927
171.69307176125466,101.07677874642235
171.6349321284123,102.32890457993075
171.5518231076162,103.3653519073522
171.4754466614255,104.93640354317782
171.31451089960345,106.15082927321015
170.9106693290834,107.45951710497029
170.56143203898267,107.84982819946526
170.10328932935565,107.7332160964094
169.38396936140953,107.3547505273798
168.95266035977568,107.2412250197579
168.59837270712023,107.15239174556461
168.58031843474498,107.07720086301335
168.5642591641701,107.04870677334907
168.53767026626045,107.03183283448261
168.5863459253677,107.0519171835302
168.63810273257002,107.09622396868929
168.62410287737245,107.10350546975017
168.5949398899064,107.08269105232236
168.46221077112537,107.06244741693973
168.39387772074892,107.09544149323462
168.32938856343299,107.1287175464685
168.2988976923614,107.13701688911885
168.32676179436075,107.08569578343197
168.37859194422882,107.02913653915918
168.4583555490277,106.98106048834865
168.49867324216186,106.92963463721057
168.56366741129665,106.87537638261946
168.61096198543254,106.85376087273393
168.65406523813633,106.82516145245665
168.64861343631205,106.80469458670099
168.63779788046293,106.78429321506334
168.61737621809795,106.75107345900084
168.61601371987746,106.72740533342923
168.66492146631123,106.70456360528284
168.69077998661533,106.68790505717979
168.71978318640822,106.67153973243241
168.75263550039682,106.65095264099455
168.77877996256512,106.64591966914125
168.81690652712248,106.65508985246439
168.82212211878783,106.6601103707935
168.8072014673003,106.67345902439189
168.76528450044927,106.69438824577419
168.7444843771725,106.70754201602915
168.69908525834754,106.72522413060138
168.6758248706278,106.72319616722658
168.6622825631388,106.71898786928416
168.65616522007141,106.69834492248268
168.67086986011037,106.69626059381183
168.69883004157424,106.6866893713729
168.69643582936746,106.67037777711786
168.63188273397228,106.62553125488685
167.77174020626032,106.08294069558814
166.94594385393708,105.49353768041232
164.9633980524236,104.32625684994893
163.37166343356841,103.35310555402054
161.56447935010917,102.21111646392623
158.55064731504217,100.37209800145996
156.62851878613185,99.20429823395419
154.87393522529325,98.04376848337245
152.43283462130597,96.60803467455862
150.76095100423734,95.7821396038991
147.7297178665616,94.34982616820581
145.5702296063991,93.60782874863571
143.1199336063101,92.85356750803841
139.74352046766228,92.16685803821747
137.68305121953003,91.8927146693183
135.3350412211774,91.5609266028957
133.97103799073838,91.41943679249584
132.62686924268166,91.25353071670004
130.32269534001847,90.92884291790651
128.683946608493,90.65163768117128
126.38901198356584,90.32061741574238
124.93762825937428,90.2060783677819
123.56177825459375,90.12821767957037
121.4853504699457,89.97461804676774
120.26782514194707,89.87492495348454
118.56505077796727,89.72641002833456
117.45190440642733,89.7085520448083
116.28010283909381,89.73084442075832
114.43296742535098,89.70839476012824
113.05281257362458,89.6259394948065
110.96816336039302,89.57730982105181
109.6694949845493,89.55365868973671
108.42524213797692,89.56158123394789
106.62277415240612,89.65460083443789
105.39107655119788,89.69644038222152
103.31777734827375,89.72041703425275
101.83917924820112,89.62060743201297
100.23123642205917,89.53858133185886
97.50688525475549,89.42692266466221
95.63930544637525,89.36639370947552
93.57583645112133,89.3416942380659
90.24991339140809,89.39126787096131
87.85514006871037,89.45483094596463
83.78517069136616,89.63253330336431
80.94910568624238,89.70555228964577
78.11046360920228,89.88831918951323
73.97738236406914,90.07609765945092
71.32765573643394,90.26267713984747
67.2210917378015,90.6668635379027
64.51081485646533,90.77614469791422
61.92306147535449,90.85147668566368
58.123567017548,90.77634557243094
55.61206110598934,90.75806304455058
52.22570489655409,90.69043197905097
50.12543406753352,90.73847854664513
48.19160469170464,90.7188143065536
45.44912488135907,90.6670448076715
43.77061199924671,90.77077217443805
41.34276961755393,90.82664795440252
39.78269559548119,90.78450197647547
38.146038436531995,90.51026299667147
35.53398882996595,90.32829607286492
33.86060778987695,90.23903531769166
31.393523411339316,90.35780414970952
29.988348219210025,90.45674305410346
28.737668299357807,90.48716993325725
27.088259634654264,90.65028608963215
26.027642338012498,90.70136682110338
24.816618227470144,90.77003558206813
24.230944186407726,90.78767686138825
23.89010611111604,90.87202440316112
23.512058252669817,91.32035121817663
22.98489634213135,91.51124332485466
21.866422889761623,91.75419726074124
20.845275389962637,91.94035733819868
19.922466813781625,91.97015863639531
18.361096021487754,92.03501433955313
17.602806233192695,91.97218751531082
17.054672609747797,91.92697469371866
16.896927031550803,91.84485606320455
17.11301149788804,91.83941481354971
18.530625760740065,91.70547688198586
20.04178591117372,91.5388785881638
22.089150779388063,91.2959607757765
26.57740644578965,90.8931381099519
30.497847630844745,90.72947783519653
37.22468588648303,90.9146429008887
41.950479535203016,91.06651819784892
47.05377340758977,91.24978068749351
54.93173588331676,91.63858794215024
60.57367568278332,91.72967895644358
69.04369144118992,91.8873617958365
74.48788856797417,91.95794850383972
79.54497293066075,92.09382851834071
86.80246973392933,92.32853262818242
91.48735012864958,92.49112269796767
98.22941274838401,92.506150831519
102.54276783619781,92.51175990526184
106.84216561826419,92.47838770610605
113.4956128825731,92.68566831447069
117.64750595530981,92.8024792680355
123.49789608813569,93.14331140425865
127.09918112877651,93.25684009889525
130.51469784563,93.34172187731083
135.272454800893,93.33004367366719
138.37390088398286,93.32795907705263
142.7836368585593,93.14206684096062
145.7193841658626,93.15768309284482
148.30365536165337,93.25301652831546
152.02055711001248,93.24461270143108
154.26324011336405,93.26639635718345
156.4636508302025,93.24035543064305
159.49819751109274,93.41224845357107
161.21016293720692,93.58586902305602
163.44645617038344,93.71142123338517
164.55428169097829,93.775302887745
165.52493849087102,93.85337014686203
166.73216397161764,93.86053017672215
167.41145026980195,93.8415812371612
168.27234031188604,93.76503318623193
168.78989370243846,93.75138563749992
169.19217951991257,93.75386920029189
169.85737295013405,93.84905533363045
170.18639915676172,93.8582195822911
170.75696781569073,93.86320926724025
171.07690278387048,93.88405627545858
171.3616533908589,93.9632268773276
171.4459003910349,94.09213342390207
171.37969184077545,94.29205623163092
171.09868791516107,94.68763564380836
170.86320436778436,94.84999388411528
170.62352876289663,94.91344845385532
170.01272426828228,95.13127873641982
169.58066559050653,95.11096857966888
168.94794238413266,95.20252286607496
168.51055373019946,95.45129719977953
168.21018967407596,95.56720249160276
168.0770524082366,95.59620691050088
168.12464342070894,95.39842763329828
168.31105487334932,95.13924500947924
168.9167986891319,95.05053948957628
169.20804449058693,94.97824279296398
169.8847080925695,94.7060933030971
170.33462102498765,94.59643825528804
170.80159117916844,94.492380096455
171.68850967539555,94.3095387399858
172.35866362340477,94.33426527026694
173.3828015396504,94.39328505085693
174.06367179902531,94.63719494324174
174.75605328149297,94.90175698280098
175.364423709661,95.27784300114963
175.3949013227184,95.82495689554456
175.55254871628932,96.60206860403748
175.231504221447,96.82358451420643
175.4190599818263,96.64768696693895
175.63530281761717,96.32520828937317
175.83678497401726,96.27445634557873
176.39302325116222,96.30469478829073
176.67688786269832,96.33133585389302
177.01922830836912,96.29343579754297
177.5910780395872,96.09607072513248
178.00821449219526,96.01104346999972
178.73142230283483,95.81641874093393
179.33506382098741,95.66526067496525
180.0427244725481,95.53465386571163
181.25806636961536,95.36001228212979
182.07151876625497,95.3223598893478
183.39756439930983,95.24217236909047
184.28515770100913,95.22987094704905
185.17994017501826,95.15839662164171
186.58679018819157,95.1615781422652
187.55906087646486,95.1750287501337
189.4644820094115,95.29970745494046
191.09597350601382,95.54469599940644
192.95205114225257,95.83343440148397
195.09862898859248,96.12976523259164
196.15504975441254,96.2276893698882
196.76623540983033,96.06379379002948
196.80437822306968,95.80476552371043
196.66202220289978,95.55466234193472
196.86896092697566,95.22105864845702
197.47158026725094,95.07821965818333
198.65038630974928,95.2495977139732
200.65262746780405,95.66293490199986
202.0336038197135,95.88108010885121
203.82061489005233,96.02161806460924
204.7557674353013,96.04226620000193
205.5707275881061,95.76438254839533
207.0851385264891,94.83848583968353
208.80869386652745,94.06327082476645
211.6162733277098,93.63431267636292
213.41059709643224,93.65155961788733
214.76580779446945,93.68278033198912
216.1167205907833,92.62735480544441
216.39545507411594,92.23357193620947
216.00607775787407,91.81353109113552
215.403500702457,91.84358946962773
214.54619201248332,92.12413265878274
212.54803189025137,92.52602572095338
210.87836098439212,92.61458637880827
207.82654432056572,92.60347587408383
205.56199960283766,92.47971540902361
203.11781751139245,92.53245562041629
199.18038479412866,92.67313414814362
196.34324078566047,92.78021986014691
192.16896418267848,92.77426202125312
189.25870469777269,92.94861613222805
186.400013248352,92.75370140114721
182.70641757641002,92.68755864682845
180.50827251675082,92.80444869155605
177.69058458602336,93.19551336322192
175.87297578757742,93.3252841411718
174.23463892391538,93.4127924297056
171.8797014574153,93.55431780372186
170.37929018028368,93.70287274786419
168.9332597747793,93.72640009825558
166.9574378539815,93.7176460621317
165.75139100242342,93.74434259168152
164.2411440152214,93.76444658900459
163.2793424289122,93.92439424727654
162.17699638320101,93.9631632267242
160.41106529410814,94.06538285513308
158.95033934495737,94.0822761991003
156.56835928345922,94.05005503761703
154.9899623886314,94.02024629887588
153.3986162868994,94.05606762413503
151.02795076423536,94.13513428668153
149.36531127968874,94.1610553766583
146.45254028384883,94.12812508165847
144.3924780031121,94.11731212215616
142.38688010558064,94.05853254929747
139.72018076058214,93.98725950834095
138.2271056862245,94.04037603762852
136.187931596331,94.10931755876129
134.92828126434475,94.22841242257135
133.90456045369635,94.26773610190097
132.47261108915998,94.27266861205064
131.54019611517128,94.2377198310454
130.0363579932806,94.26517773092603
128.99696124586055,94.2665027064098
128.04428749138125,94.2512339702733
126.6640558414233,94.187445304964
125.8937841796358,94.0529257550271
124.85207072337964,93.87641307823677
124.30890446353683,93.7658277317874
123.92709807878819,93.62620687766973
123.55197086284778,93.5554221079715
123.51707012395832,93.56624079650744
123.49336923746213,93.51291354302582
123.50980668361575,93.4740571004248
123.56638946625527,93.48275331830612
123.80777138718429,93.42494371926645
124.06381656810896,93.40773156607206
124.37538021289325,93.3263971223917
125.03678944469345,93.21738938904706
125.4987670206028,93.13400273154751
126.3296244699024,93.12252786888357
127.06908851132911,93.10735095589152
127.93181393008862,93.12154048284278
129.48890143646867,93.16627585775888
130.744187678246,93.30011226016437
132.71882575238698,93.33633958781488
133.8956088601319,93.5074600684799
135.06217002506594,93.61050686020386
136.6622515612053,93.65300155285584
137.63390779578808,93.61018410278182
138.82224014937125,93.50545760798941
139.49176490624149,93.47735036361479
139.94313224240446,93.46235495636994
140.35599862281757,93.46694072062665
140.4003507187969,93.63883088310871
140.30337065551853,93.7828560164426
140.2929545196638,93.86742703509213
140.28623487723152,93.91249502835478
140.3515319119141,94.04779442144648
140.45502029274175,94.12033615652904
140.85483088561563,94.22132117942863
141.30075460987035,94.30424974509876
141.8177912465788,94.30703611276803
142.60253649045467,94.34532089790737
143.31228035579386,94.4082127172902
144.61268255641392,94.43389095157109
145.5338422501868,94.4217344115396
146.5316137948453,94.42367342520487
148.07250048767241,94.43592374682503
149.06316473060784,94.35905774021526
150.02939214097927,94.25268540319183
151.7553007242211,94.27388143342952
152.92952980676137,94.31251651768824
154.6699803994097,94.378225797653
155.8098242978184,94.46267773286327
156.83998646283428,94.4432715774165
158.26003983486592,94.34550633016299
159.04154217984834,94.27233428339642
160.08203708270116,94.19261686490876
160.929370745682,94.12156227748446
161.66496298487297,93.94928460437698
162.70488914518114,93.70910374648383
163.36187546629492,93.51301255397736
164.22029492863305,93.19096304440905
