178.06539622041413,86.63635129717686
177.03016394444361,87.61087390990251
176.7116571365363,87.98821035366375
176.44228485924089,88.16821276099807
176.1888995929224,88.30905344494874
176.13063466129773,88.3950731472705
176.2022088331666,88.37163443039616
176.29349936018775,88.43272450425366
176.24359270768053,88.49608235156737
176.06065697147764,88.8094296270428
175.9164208691936,88.8356513271419
175.40803401453215,89.04863209152505
175.14711276165127,89.29641696398154
175.41203011681029,89.37573686855646
178.52161792524154,89.92626594728877
181.4736293713929,90.29813803326302
186.422933683768,90.14244348727607
189.43475085144192,90.23013718218728
192.3519724854586,89.95633271688358
196.14617293883043,89.6076138467808
198.46944157262354,89.39325782522126
202.0711625100438,89.57298971510195
204.43262184362825,89.5652515717725
206.893170943973,89.58980784123113
210.98861255112666,89.39322373117285
214.01316808113228,89.3422192212053
217.4978273837541,89.16728038489055
223.57071256641441,89.03255155093483
228.2074035175074,89.33573647132468
234.21430228977073,89.76605153547422
237.28796284835593,89.79195594786422
240.27062469032734,89.398676818554
241.41799093581471,88.94285032894986
242.2135880218163,88.49887326039126
242.9496847064573,87.99630494268403
243.10062551988776,87.82707795121381
243.11679740548914,87.6774001275874
243.0929185322322,87.66840475686176
243.16367041807774,87.68900147969153
243.2376918703925,87.74618994322982
243.153557559441,87.89483608079014
242.88662657695295,87.98307165205787
241.8386275836914,88.34492927653665
241.4530338006095,87.96291539040706
240.79840611893025,88.03984097628525
240.61478680662353,88.03572937506628
240.172153980114,88.17343601920541
239.73102949135622,88.10407540355557
239.37618384472978,88.1668271927924
239.14925768478176,88.03228799829847
239.0259404013786,88.02679450791031
238.9715539330996,87.96748066323504
238.8391685635563,87.93355335731707
238.78800851974339,87.8924547958863
238.60430491846952,87.9284727108947
238.41206025711602,87.93291002287532
238.0949198405628,87.95713271278996
237.43078555090054,87.92522952627293
236.72058812535255,87.91891827973453
234.8991493560387,88.25577842221378
233.20184398869037,88.6526693266941
231.07360608901868,88.94870477135281
227.30352360224364,89.18160005572712
224.49108376798824,88.93978967098295
221.236372913799,88.20984772500097
219.24934841155266,87.697411726144
217.5510456061576,87.17557071331547
215.21567168559648,86.11461794483691
213.69384798329793,85.53349127832911
212.15149298596774,85.14630369236055
209.7327425606963,84.51858342142708
208.09859250279692,84.36462493619975
204.89632048838266,84.18087890345346
202.08266627729975,84.02386569950534
199.0291783124299,83.70662861408589
194.44189771448458,83.21606372902386
191.40575820599648,82.91160651953584
187.04870855481425,82.4713645101717
184.09920122099302,82.29234693733093
180.8214566600037,82.06247619011143
174.78491060677555,80.98677306294806
171.15171704636612,80.31475699133304
166.1005634882473,79.83913277919574
163.39573546820142,79.72406812307396
160.8315397243977,79.6733301164206
157.87589344590583,79.4675073872195
156.5329238483232,79.25132768217595
155.42497269527266,78.62592249765117
155.09950788045282,77.95774191523819
154.8713144922741,77.42354143482189
154.76443449642986,77.08086980233959
154.73767977158545,77.10908335467863
154.68986557268593,77.06315986751515
154.69233193500415,76.92549358820112
154.70414627735613,76.7963247751291
154.66970108981843,76.62840612203534
154.570226780314,76.53077429170575
154.57178810892685,76.48023301727332
154.70472882537612,75.85146444060159
154.64077289191977,75.14117544631387
154.49338676772226,74.15195782452292
154.56673077296006,73.60502110836508
154.68803359279082,73.25961042673515
155.23652912158926,72.64484058323775
156.29982938730097,72.24561472840044
157.96240811110582,72.04663214055739
159.154652625327,71.95057273743421
160.38451656019615,71.82871573231213
160.80136314227727,71.87855497691345
161.0878071759338,71.85629875725999
161.3102615727511,71.786538146899
161.26076162791188,71.72130032860777
161.24621269620116,71.7549284216641
161.0713545154016,71.89908094572941
160.8699053713514,72.07934193547705
160.16517008716676,72.49925213898882
159.54666281241245,72.57356560674958
158.4742458230901,72.60067737505688
156.99443209404797,72.19268960043708
155.45383666231064,71.78627696466106
152.49644503634553,71.20429685601431
149.9604144564178,70.70752026603321
147.4343308374318,70.3178460579588
143.1782145322636,70.24077913832384
139.98892707951538,70.52588758558753
136.37335041437365,71.07898165915385
134.21048931782894,71.75399402341337
132.54967624488708,72.33686318104513
129.94975744560327,73.64367189825066
128.3072641677164,74.44862494123362
125.65244925075709,75.8334755436275
124.26197571728085,76.47837329458987
122.87787010469248,77.16182140143675
120.95787278345873,78.18894949709639
119.65823435740927,78.86016765221605
117.40405229777531,79.63048855794986
116.09504765731023,79.8044844013433
114.86984419065399,80.05795441583743
113.66051357719627,80.65683881246667
112.93760229810194,81.10128986736855
111.78066414176685,81.79076878994144
110.99020994269605,82.06314453667049
110.08650489151576,82.47193198212511
108.91622361956317,83.0269476475608
108.21427550369901,83.55958024203417
107.55636288882253,84.27271067365777
106.36551149982242,85.280775594348
105.48456862944819,85.88705169390393
104.08518940618175,86.7837755540304
103.22631901637587,87.22257878820234
102.49436636071489,87.61328939698335
101.90455001126467,87.91617995034795
101.42670531631842,88.26006782846274
100.4131408968952,88.32000760918346
99.53908758674936,88.4313049455617
98.73276045082821,88.52405789095296
97.33706620963186,88.72851260546729
96.17409799851602,88.71019564075506
93.82635723079679,88.65535255725054
92.31230728006085,88.5960530894328
90.89992818873282,88.75398109967215
88.72214272581412,88.55637857969151
87.22101735935031,88.46513991858615
85.5086337271016,88.34514390002364
84.4690660152061,88.35068738987745
83.49556568966092,88.39461671579828
81.9351917952292,87.94420961405989
81.08160251441147,87.40248446216111
80.34386514678945,86.86712470954004
80.20248081674512,86.4970745818624
79.90403874376386,86.16883678240114
78.87928713832535,85.87874352970887
78.06361054012861,85.7671994297532
77.11934354917729,85.62708192426217
76.79884928750097,85.79876339259692
76.55168721678733,86.35914510233016
77.04060201325049,87.00309845714028
77.98434809160095,87.74419217835765
78.96112405983273,88.15744669680214
80.71294328277092,88.80793653588134
81.96604764316648,89.40847597857521
83.11647476441347,89.94799357407202
83.60236502611106,90.33041634050826
84.0908738556203,90.7362202779686
84.78244917679297,91.4808442872694
85.18024821798055,91.88971938483313
85.8179998431986,92.1260076681062
86.46621114184455,92.41602411424759
87.38185380707456,92.55888101051234
89.42309299270622,92.53770105392377
91.22133002014029,92.55801976078065
93.4193669759848,92.84787368049346
95.12086460665056,92.48615086807362
97.58789835863742,91.3078119410431
102.15410638207682,89.87093168680775
105.36587429554913,89.16892849294048
110.39454252818842,88.00219373512722
113.38744990771647,87.7088011363755
116.35047180120206,87.31343917683606
120.26537250099403,86.59825014399674
122.61519142445141,86.29355142356772
125.79975498949162,85.89604767392436
127.78260481570379,85.98093504888854
130.07463652131403,86.01836443595997
133.98691375696893,86.00594422936273
136.8385718626317,86.0467214722117
140.8177953358899,86.38902641237547
143.16817311275497,86.59371482104781
145.42240403692261,86.58040641967686
149.3437951676101,86.25431825298872
152.49314882269792,86.14514487747103
157.50287099180093,86.7205766906045
160.67529003695998,87.31396177525063
163.3935125579995,87.89648065398842
166.01394335263262,88.40360068853698
167.14538760175842,88.3142927616562
167.77837886437413,88.15246809984683
167.9627281009622,87.89892197668735
167.84368071797553,87.85880385107868
167.93212201168765,87.7574514738823
168.03101157163906,87.75655229087243
168.16697637239446,87.77527551385897
168.36496304007056,87.81638413702449
168.47466539564687,87.8594402704355
168.79055813896164,87.90758549670956
169.17989475182338,87.95455784743726
169.69200697837243,87.9886202344064
170.41219117941284,88.18726742740098
170.8930649809268,88.40688130781467
171.84404194392872,88.51931382465112
172.45342297446192,88.55184516053238
172.98122527459947,88.56056802537441
173.9009951588008,88.45687247426667
174.64496873868336,88.46259888478124
176.74219892488316,89.03735870469703
178.13750543494555,89.37107895880635
179.74963866714907,89.67366931525258
181.8554470691989,89.90833850985011
183.11759081804337,89.8244487569071
184.10093576009305,89.68780747635417
185.11623888709624,89.33494005613917
185.427640139908,89.07996059609661
185.60378790620405,88.73548268182171
185.7599505988986,88.67064447209097
185.95014383740687,88.66172886569623
186.01488572766675,88.65475444787444
186.1124820532915,88.66014463103859
186.21706067385344,88.66032475976768
186.35192932636187,88.63994338923295
186.6045732987219,88.60439313379025
187.1230024493054,88.3183982857353
187.46471758249217,87.91063664955874
188.16431357872312,86.99700297035587
188.60233545678796,86.71140743958112
189.20301404462577,86.46692950976218
190.46447220089297,86.55007655235268
191.3536298196785,86.47593728999738
192.69840068363902,86.44740072854738
193.46526841955225,86.35626241726415
194.42786805356414,86.27801830316707
196.04362360660815,86.2755147581053
197.44167572715324,86.37310310720068
200.18443301150518,86.91194191910128
202.2885526051026,87.46871427715328
204.3158438187558,87.93343250150733
207.39343799513384,88.24841186470303
209.43453440071426,88.42513881627825
212.2473619229656,88.53067559693984
213.87805698514248,88.60682609217055
215.33021290042547,88.66253509030307
217.07176868305316,88.53840243868308
217.99039576689304,88.47980060126292
219.13884298635588,88.42185960557146
219.8166738093643,88.37826093246548
220.49026592469534,88.43259523431233
221.39302880195737,88.52336697646871
221.9690503622167,88.4969592261618
222.76972354918308,88.51634919411846
223.20995880755743,88.55079651415926
223.51724375748145,88.53576490514908
224.07620908203853,88.6523258156922
224.34704907899606,88.68773143904343
224.92405253702512,88.62948543939962
225.3939200279658,88.56760461548254
226.06725760192623,88.52736035953498
227.1845458981441,88.6359487344009
227.93415140971453,88.70892136516639
228.68008964481393,88.79770224966308
229.86046726333257,88.85338380418293
230.81751981980082,88.85543245757363
232.5965183757192,88.88000242664451
233.942514754463,88.9552143171116
235.40839903679915,89.01099417441861
237.77191665800808,89.11405538381761
239.305171988452,89.27785570543219
241.58346561268155,89.36447813449378
243.22321296850555,89.44515528845491
245.10183498395244,89.70097518356228
248.13141427448346,90.2273049524625
250.19741743628214,90.55946489724575
253.02446472685034,90.9237940678973
254.6137676379374,91.22010989559517
256.0796824904367,91.50569726404754
257.93993542167595,91.83353954239483
259.077777129039,92.0352028456471
261.1464193378798,92.26695323583155
262.76362162207624,92.49143181552779
264.2999231554036,92.69751492398942
266.1035259371727,92.78916515224705
266.940142398125,92.74999711622641
267.6561227757942,92.65295183763129
267.8191040245614,92.5065046241855
267.9883501164736,92.2438650598476
268.66627832781137,91.86997898633776
269.5537792266991,91.68451563715587
271.28877203653127,91.45324109153718
272.58952875415685,91.21616170684962
273.94261528456445,91.10957488599193
275.915113605478,91.02362749292064
277.23477786101495,90.99151020967683
278.55584395634645,90.95366363741287
280.09047080852315,90.87062685135409
280.7117216697925,90.88737307360218
281.51405401161276,90.93075986311108
282.04114806618657,90.96315574883029
282.4958090690278,91.03837840599367
282.9751839130832,91.07336106277332
283.59615493202506,91.23481016253373
284.24002325813944,91.21274577324672
284.5935948202357,91.24832036222416
284.9812689947371,91.28486040961472
285.6107524579545,91.33847002623182
285.9665385225554,91.4354354224438
286.6999466531631,91.37136212299488
287.3524429347092,91.21402629997682
287.9072939915476,91.00271736348328
288.8098955810184,90.5668285162118
289.42383745460796,90.55885350806872
290.0995767866866,90.5035868545953
290.272979883354,90.43111837340616
290.59483484645517,90.32276443474107
291.3845519381873,90.39042233007747
291.9859833253027,90.41441766575706
292.8343490805366,90.46123289545119
293.1966189996808,90.39614684043194
293.24960353248133,90.35209098049884
293.2725973538214,90.16676310364329
293.2072174366112,90.00212004468304
293.0379899749947,90.03330083146534
292.8416271067231,90.30459373636438
292.7947931383434,90.50288991393634
292.92899738704455,90.66245711346374
293.0499505142317,90.66049379430429
293.07930644689685,90.63184868230444
292.9927186533173,90.54643692048491
292.6668522528372,90.54637562267311
292.05950169145245,90.76396064807051
291.7633907499728,90.99347422206365
291.3590043643132,91.30410539204519
290.50958439481116,91.70126446488943
289.57131235924606,91.94311451353077
288.08928855998624,92.01180071697522
287.2105102244673,92.32194753070189
286.43433489912286,92.3545140389381
285.33587796395756,92.47840643183929
284.6168649928714,92.49081493164255
283.087250843593,92.34153183302818
281.8476407571134,92.19538096640028
280.4195187622796,92.14729297151675
278.24281125012453,91.86746761221451
276.4581204220526,91.85322082298458
273.51741050950443,91.54862767833721
271.60846451080937,91.47963721471413
269.60110078502714,91.62796323089944
266.40863952670975,91.85213879173011
264.36685686597224,91.77981984768229
261.8855058348981,91.36226248634932
260.4836514964091,91.14402104071678
259.47729853808164,90.98816109336349
258.90003162993304,90.9224682719036
259.02857477028533,91.00945051005523
259.1441106170429,91.1103015466885
259.29412852151614,91.14915793689826
259.35248021755496,91.15324732347781
259.2169002398919,91.07269677750527
258.69827376929004,91.03327277852549
257.21304202173417,91.02062895637286
255.70655225025087,90.81908207135501
253.77804324648903,90.58025812599128
250.08752788519553,90.3822885224605
247.05693536005677,90.23841262152544
243.63855445560415,90.02614517434544
237.43522726182192,89.91939487850544
232.8347328587028,89.6851470786609
225.99543735468248,88.79305812799907
222.09075173699011,88.18057130041713
218.9765547142855,87.81719327208505
217.11548271461072,87.79367952745314
217.073700269541,88.23633840630204
217.9325777620182,89.13435491700857
218.26263449322911,89.62715476868824
218.17585934428405,89.97028908083404
218.2711176589602,90.46375880351178
217.93545485480416,91.12760258798802
216.07213588075734,91.74917065494753
214.1857892551347,91.72669442311037
212.04764809378312,91.74533685759248
208.436751346365,91.65089304031751
206.14556738842091,91.5434108830365
202.91870957333268,91.34421472685409
201.0750952599742,91.15472391174164
199.8869136883135,90.88169163486008
199.06054051233428,90.65020783543464
199.32061456591546,90.73388044664146
200.55379308552182,91.03176258314144
202.33115342114635,91.06735459596597
204.931399417261,91.3696630150835
210.8229773425437,91.99235428662907
215.609746001783,92.56998366104538
223.16409353582802,92.90968765062358
228.66113931348693,93.16721712462764
234.24467726248113,93.17470635734122
242.73661433215682,93.01394432398884
248.26964728107765,92.70166588483633
253.6484166440921,92.5099996462239
261.5134778841501,92.32620347161476
267.47207718346084,92.43579337369853
276.5811563768758,92.60377105255482
281.86852128951637,92.64003235140012
286.11913200295214,92.35562616346004
290.63040288894865,91.53470073177843
293.1135338088297,91.21550480493345
296.4673104537301,91.25096867372454
298.6500799521767,91.7422436051624
301.1241346275716,92.51818769755214
304.7814286078943,93.14205427888389
306.87601857641897,93.23535368698923
309.41404148925244,93.21700162345543
310.58237279617913,93.58665434540046
311.4656595366256,93.76837304778718
312.77999904728176,94.18263884432031
313.5413329064843,94.29483045079586
315.07039436119294,94.17055787104498
316.3190120541067,94.05235942432539
317.72932931097233,94.08470804570756
319.57619715170597,94.06123618656511
320.76515669823783,93.49391169382625
322.5858493328046,93.34012773989703
323.40285295167513,93.21554258926054
324.28158495897264,93.07060570790078
325.76843394178474,92.83903826564416
326.55405077106394,92.95686888631073
327.0109002515209,92.76736250180358
327.19042306799923,93.0653224870303
327.369041429345,93.17451208434682
327.40234181432027,93.22534894921264
327.95081256269407,93.46565145406137
328.88934584753315,93.52264683679866
329.34367679230695,93.40891468062058
329.7294036070216,93.37836963195478
329.7182696602446,93.25494047123692
329.58435925008393,93.11147925418352
328.9194860219099,92.80148155722648
328.08695408254107,93.18680333205008
327.02121660872365,93.07455389709324
325.0532337458483,93.40615656564914
323.20161599102795,93.23816275187735
320.78336412698724,93.53656688017858
316.9371176457979,93.89209893181923
314.4927581233037,94.47278332100937
311.49651593231056,94.71430198350147
307.62204988054805,94.41702611356625
304.9412056692604,94.20916191772156
301.3301253531548,94.37257222795621
299.3036383513708,94.43269301482786
297.2491848252509,94.54534328919605
296.04768398774195,94.70460820814036
295.0723741245429,94.79691833483187
293.4640916243827,94.89094020364688
292.0068538699053,94.97847877373354
289.67134439835877,95.1194008462989
288.07756137729183,95.1574641085138
286.54118021600897,95.18801592339862
284.14750704160576,95.17852747669949
282.4868791774431,95.08914853603729
279.5920376189081,94.91230245358763
277.7349751974215,94.66698519943586
275.80672358234403,94.49350897859442
272.9313795982415,93.94445527339523
270.869465713576,93.78067472596938
267.74130675688554,93.58636364572908
265.75605900948153,93.49355672452215
263.75628676191747,93.41915533423912
260.94734491647597,93.17151897997753
259.1889639860623,92.99210238220826
257.40405165078784,92.87852850661803
254.73611719848935,92.67710651815464
252.82232644744153,92.57315820855479
250.23984402709036,92.22455322593918
248.49245441592382,92.10998488796426
246.82788226503578,91.90440313023001
244.33279617338633,91.65084977905897
242.61706842884857,91.4723300899264
239.90641383769102,91.15268314765892
237.97473429691235,90.91352869537832
235.91685106095792,90.63640892413325
232.41665264520373,90.48926714607816
229.87684443724822,90.45987508370462
225.95882218357536,90.13885203547416
223.24560938129812,89.8696275524558
220.57501336357026,89.50800532355554
216.22668373113672,89.5557330635787
212.82876714346511,90.10510027186068
208.25722855423743,90.44797184963731
205.6490242667665,90.67856698555686
202.97485094223944,91.18713798382308
199.1803583497773,91.89409257839033
196.74756398519065,92.12789880010678
192.87638806593097,92.12414700863104
190.25578112424725,92.00482353168132
187.70395343826146,91.84454596959363
184.03198920456347,91.68227439549585
181.81357457554964,91.62012055620964
178.7784670436172,91.6297312627344
177.00052187204332,91.73651199646532
175.29065429196925,91.7954983174488
172.67197217362542,91.58843292031698
171.19192090590712,91.42100630810836
169.07653385284468,91.33810671921151
167.9793634818033,91.40839301451643
167.14115984382016,91.40794422667362
166.154625111057,91.49281858405388
165.42039307636455,91.63257406922168
164.58401666828453,91.660111886539
163.60179007875072,91.67243172040153
163.07610864554744,91.69118786621333
162.34075134128324,91.76328106254074
161.7472324810932,91.77002903845792
161.10947068129062,91.64447490048676
160.12340505812327,91.43837205259203
159.70760582633318,91.1503375312342
159.3073610397969,90.75357160982499
158.772326788848,90.62735498181151
158.0508400419427,90.51744245322483
156.58654333914023,90.32874432574276
155.3515670012733,90.25448077880061
153.61981500786214,90.18419450886911
152.77859939916118,90.1874737553829
152.1409311328279,90.21848196360789
151.20315825150493,90.206890735079
150.86417587008665,90.20569742665447
151.11305259973733,90.18543761909862
151.84410696328624,90.10478280973749
152.6577486106014,90.05913194739793
153.71094685305312,89.8643574229043
154.0291041066862,89.80109472967847
153.94602075812355,89.74944273652476
153.99949597971477,89.68512248772028
154.2390560639924,89.54950972966988
154.74277390416233,89.35546246428027
154.83003828807497,89.2729773350959
155.03912836267438,89.2077871747465
155.32509086718733,89.2835227616846
155.84273138485335,89.43009292954987
156.5791357347669,89.63417870522457
157.13003492722663,89.66016927371768
157.61973956170942,89.64013821467536
158.27075915574972,89.52796976325378
158.62579363287884,89.43792046533797
158.7999460927386,89.42922640896285
158.8456667378884,89.41970731519987
158.86569719584358,89.40652206544615
158.81658157808718,89.45309019603648
158.67599677288803,89.56631081872428
158.46257428307737,89.71659071771599
158.06621438868524,89.89361570324061
157.43000580441313,90.05269905770696
154.2952075410206,89.9773371690263
150.790129254325,89.6101800616889
144.19297583410753,89.2855258421727
139.6852630135551,89.00503977817611
135.34013900194847,88.9566110710749
129.67413901971008,89.04295230996024
126.33153118962088,89.31309494905327
121.83175757525788,89.24688961043995
119.04504205757411,89.04779484043999
116.35452174822032,89.01505566991116
112.99512691466656,88.92858832088372
111.37783277502237,88.51614130867245
109.72867337789943,88.0623725797836
109.10691013594379,87.97056731532308
108.60868022946262,87.95090680713486
108.12106877103577,87.66157521271336
108.23380626671182,87.4700647390259
108.75918280065362,87.18390851066995
109.26102076159947,87.12587051109237
109.32053597563792,87.05085435400316
108.82975729532805,86.82431457508282
108.0565380128013,86.54714596426211
107.67418310971497,86.19839595332608
107.27976369331351,86.17187672996057
106.93333320272895,86.070764474294
106.05854505473029,85.81673905055611
104.96927190822935,85.7838756024964
103.42725988274778,85.94479215847521
99.58693124370096,86.57520242711807
96.6715694630021,86.8646171080975
92.68838340394979,86.97860729898709
90.34841379687803,86.8704702911335
88.31441743834367,86.82812524810191
85.52908811297704,86.81026049760605
83.50139511410241,86.89526758144451
80.73373688716306,86.97575589635099
79.3789220307123,86.79280728562028
78.41607437713648,86.61656175373655
77.36875617805667,86.0928157592742
76.74075082104594,85.90916942325264
76.32704729767065,85.82015201164823
76.20405039049413,86.02671001739301
76.06203382100344,86.1780286362314
75.60418870319147,86.48657165983836
75.50342423092984,86.70708891217353
75.48239378240096,86.82898514346451
75.53148432844097,87.03022186139533
75.94723822712277,87.21371415954712
77.14818182765254,87.43271506282841
78.11490886329467,87.53225337302489
79.71195345062108,87.46938357821419
80.54733328415907,87.05811699999704
81.37068250457578,86.74467564761903
83.19470298917048,86.16519601852652
85.28629992815988,86.17923547272233
89.02735446989698,85.69504407249549
91.7912546511882,85.79102053261532
94.34376344510743,85.66499669679828
98.0078484569713,85.4029815302402
100.23706475616196,85.57329338346236
102.97874292922425,85.57458001458221
106.73588842913897,86.47092665715546
109.53705833700221,86.69767426596782
114.03884190994238,87.10288280204884
117.41827721835784,87.14428470027947
121.33230306889243,87.09451070076004
127.46402345624703,87.0581689961404
131.88876248618973,87.31200556999818
138.2952535219776,87.88780347905842
142.32009377522672,88.02466610635756
146.1922272198348,87.93741463245028
151.68342603659028,87.6784348773161
155.2472747853536,87.81542110919574
160.03824296940553,88.27315684835047
162.69749850436924,88.4827928713541
164.75575964787276,88.61048111312589
166.48948822117342,88.62468232541387
167.10045885286453,88.63904968294904
167.09629678104244,88.63177250356556
166.9517765139858,88.62478700333054
166.860850147503,88.60042161630032
166.88864015580347,88.58310871932373
167.39924073926457,88.46735005160006
168.5736187226496,88.45492781743695
169.40106132813494,88.43970193347286
170.2395224669303,88.40668947327708
171.28318345537622,88.27025474309772
171.84598312465215,88.09829392254363
172.65722217354914,87.78068620998361
173.10867270352776,87.5143329567858
173.5369833080431,87.24553466745218
174.08357439715132,86.98858726483026
174.3256847565561,86.87300849500245
174.4734676454209,86.93836175442881
174.6447576097634,87.0666867945518
174.71381242087267,87.22326048518222
174.6451396158343,87.40277081698467
174.49062162413054,87.62965378617659
174.20418850320578,87.84798829831782
173.731501760428,88.08266608886191
173.39255454601326,88.19358333631467
172.93064222650176,88.26613533400526
172.67077590295176,88.24529837238416
172.3110412219553,88.19302955124581
171.36713036661524,87.858768505043
170.8277384859576,87.69538037296182
170.2056695813888,87.68685672107034
170.10505492664709,87.70869453990393
170.07701765262325,87.75202676063739
170.11997005780086,87.89292425683705
170.18847919856233,87.99239682698483
170.24378321933074,88.11438196793559
170.21137301865636,88.23706573468924
170.0827928671786,88.34112307827783
169.87226886571577,88.42354593723446
169.72053066371325,88.45183050638586
169.52444098590092,88.4093097472711
169.230520995152,88.28643050002023
168.75616832326847,87.96859325641354
168.3097684252494,87.6978312567851
168.2252143434729,87.70461833307827
168.17782895592754,87.7550523882913
168.13859061587124,87.8015494466929
168.11568672718985,87.82221761366414
168.09173348762076,87.84778529140117
168.09747663728064,87.8633288589309
168.12231432584312,87.88787792924015
168.2534384164057,87.93029045015872
168.36162998850259,87.94887696799364
168.4612564631642,87.9593681173393
168.52200758366416,87.94448226773795
168.60187503236517,87.91585142939446
168.71917526701492,87.86472802159732
168.78146192506284,87.83630447740741
168.87223721111212,87.80599696220388
168.92227970968378,87.80370991028204
168.94326994849297,87.80633928174576
168.96579753539675,87.80279187724148
168.95605901970947,87.80339810560142
168.94839015597805,87.77876480658298
168.963978562503,87.77624092074026
168.97464627409883,87.7658988731642
168.99879565843523,87.73870189673941
169.00161074842148,87.7199389358582
168.97689668266528,87.6900423671332
168.9613327614917,87.69168499013784
168.93260937228436,87.71878420039056
168.89626482633264,87.76108028829812
168.8883742917047,87.75704994218322
168.90270464729315,87.73927961282871
168.9333325020311,87.72669504952358
168.9746128333025,87.71859047121904
169.00202884632432,87.69711691167882
169.0017816437982,87.68647250559397
169.00570400428816,87.67695327274376
168.9990386301264,87.67671867613139
169.00739125441396,87.68175157144897
169.01541476796248,87.69208053205591
169.01509121451298,87.6911250721975
169.03301229597326,87.69490169348684
169.03368656897857,87.69973117222868
169.01774995589068,87.71026813431132
168.9526969093264,87.71275587520321
168.89886229142112,87.71905683734971
168.85848216233117,87.73175913822772
168.78182519944173,87.75410690304368
168.15550591043026,87.9811697149499
165.9552087373256,88.31270329038205
164.04764664375747,88.35218062969855
161.9568166802247,88.48630726659673
159.14954123915743,88.51209826071349
157.67666553609877,88.53104785997805
156.29981889037037,88.49103353228016
155.8942520661788,88.4762896730395
155.90488854905377,88.53257693337605
156.1773253927362,88.64394687309826
156.66443874193868,88.72696210906273
157.34280861252162,88.6800591339155
157.78558411228303,88.58741643513231
158.21146206989513,88.50196208408103
158.79969775690196,88.42117060473186
159.05256003935997,88.46344361595636
159.15991701540668,88.66549132482106
159.12726754228584,88.789132719345
158.9518751151262,88.93211353158134
158.6692046306109,89.02845453987412
158.5830375005246,89.06675713574455
158.529178903247,89.12220482297573
158.59517403257195,89.14380396675156
158.74354886929922,89.13459107384232
159.09463046132538,89.07809390196067
159.3923989176245,88.99603359594887
159.93780594848258,88.83411579320358
160.23240908162347,88.77497176930548
160.48422932894803,88.69387088464532
160.8095573147428,88.52926210263945
161.01424247084833,88.41906587931355
161.37405239569912,88.32748655578628
161.6292396470393,88.30042944465607
161.90694015933298,88.26281759228209
162.49616028431794,88.23093462159538
162.92805431883244,88.2245177261029
163.39655125026567,88.25081572614361
164.48643696542595,88.29778726134612
165.28789715759407,88.41340380052887
166.7641376562598,88.26394822844014
167.68421667336506,88.33319112595183
168.50679565596076,88.32053113506774
169.6135133546373,88.33570577047233
170.26004433560297,88.23681766621763
170.97358389925662,88.06330062661954
171.34147581109292,87.91028705608846
171.44489284291873,87.88115596322336
171.55815453871287,87.843424461345
171.58661290927145,87.79993927542763
171.5822733776379,87.88710366145173
171.72848620126896,87.9342377769351
172.03967045924173,88.05349242972464
172.5261440701835,88.13171536641924
172.86574704745712,88.1281981716189
173.20897860283011,87.99819304130854
173.4789899406115,87.88934618387869
173.650690374703,87.8366887873187
173.87410336887268,87.72752215208223
173.98571923950422,87.69368803702199
174.10350778969615,87.66446091724976
174.19685945988323,87.63540993535504
174.3160801828627,87.63046514268046
174.60481107959419,87.65517601581269
174.89304753277065,87.64497151062855
175.40872177178977,87.6120510779398
175.82338834222801,87.62284094598817
176.1634265690049,87.5738760411186
176.58767491821115,87.51530864869497
176.81648029891724,87.47406612805437
176.98959660339946,87.44267829919778
177.10253374649997,87.4161776221266
177.12338717401713,87.40406719144663
177.06870933919544,87.40471162511936
176.97783177763003,87.41777354029323
176.90869613942186,87.43686460280301
176.83949694807617,87.46055548487742
176.81632715972606,87.46985790246507
176.80935980216523,87.46867645803695
176.8256391044502,87.46488415481254
176.87734143496283,87.43511306780381
176.9509122780535,87.3537152025886
176.99341324657001,87.3094001468926
177.05511096198214,87.27019235373162
177.08783827562496,87.26664402842685
177.11864415708175,87.28780081874467
177.11899058988766,87.33740918856432
177.08885807407157,87.35874381732704
177.01435636229917,87.37970521499925
176.9636380784746,87.39588874453543
176.92625897344016,87.39796718500496
176.893809403621,87.39100155255703
176.880203086731,87.3822841355696
176.85100459493253,87.3501933010603
176.8127884232023,87.32587838243305
176.75811163292278,87.29457883432912
176.67112244568116,87.2697296177584
176.60256279905101,87.26385443447234
176.47732807790013,87.28969571845269
176.35398625193577,87.24012357727008
176.13310937212097,87.0441829592582
175.60959714163153,86.89782623640598
175.21323492824428,86.93364786375712
174.64138875797607,87.08061636917631
174.36837405114326,87.22869076342295
174.21664191162438,87.32457855145421
174.03631885496307,87.4166689811633
174.01616705675087,87.43240744526032
174.00872107016403,87.42839357127524
174.14869469652757,87.37483007425416
174.19451924132827,87.35222236949879
174.29397328086932,87.31862061774737
174.31197578345393,87.31572278763066
174.31613369164327,87.31716530054169
174.290195675439,87.32056944701046
174.26678857810577,87.32864108483116
174.2314385995676,87.34802348824952
174.2134992173197,87.36921924145065
174.19369370792342,87.37880371262186
174.19269177490818,87.36376994376707
174.21283150777512,87.35179333184922
174.2589670286277,87.34597306556513
174.27683071974752,87.34607691566093
174.2833347611695,87.3436468743692
174.28439188642417,87.34657701889876
174.28994452562904,87.33431264654291
174.2856529007328,87.32831985665067
174.28745237167297,87.33041308139083
174.28603362544663,87.34524242357965
174.27284427913634,87.39323194849267
174.2621633500058,87.42400563581191
174.25183954148693,87.45714833585198
174.2534736555068,87.47612958649117
174.24849547102383,87.48323790359284
174.24658849599535,87.48259031431493
174.24689894091534,87.48136117308124
174.2552649861663,87.47818777851762
174.2549732772527,87.47734816062986
174.24929037370387,87.44965283154811
174.25510631919863,87.42833101806364
174.26393633661934,87.43502909280033
174.28405486762998,87.47534516563279
174.2658954420982,87.5705573275387
174.23734568013035,87.62502525655059
174.19395230159535,87.67658701186247
174.1682730565768,87.69468203519052
174.151963242387,87.71009470199209
174.14859415400826,87.71744158932887
174.17061036880332,87.71334138509415
174.21673309820125,87.70811408908708
174.24113156511018,87.70412959459009
174.25968034612845,87.69267878625855
174.24053502248145,87.88651663928452
174.18794513733792,88.06298609522705
174.18142058634734,88.03123356793932
174.17535223936474,88.0229824666279
174.15978699546076,87.9619591866489
174.14106503084426,87.92176136848374
174.1232446543941,87.86785182813627
174.1087206069853,87.7939815457224
174.1132549306328,87.78516762513841
174.1147403596411,87.7874473300912
174.07416327287135,87.79730632167134
174.02844862739178,87.80817470290562
173.95805194019962,87.81918422989774
173.92383939168948,87.83784363105245
173.88257673862978,87.86061717051761
173.8033453798807,87.91707594455546
173.73964154327055,87.95309645124105
173.6186483277161,87.95156416528013
173.5597318040387,87.95292866326083
173.50446101459323,87.95865012904076
173.43229562994958,87.96973420535353
173.3986754140889,87.96595237772274
173.35087097409303,87.97048606925456
173.27875675102814,87.95723181312864
173.25566566036204,87.93194992590904
173.24325441275633,87.96472627337737
173.24676372848742,87.98246120571442
173.2613481544179,88.02200902576105
173.26336788897285,88.06633111991698
173.24554063101309,88.10941470319737
173.20771849033414,88.16819127327021
173.17286951096222,88.20827762238746
173.1491002752993,88.22233024475769
173.1435050948548,88.24422618819435
173.17776590050605,88.24440891389474
173.250783769859,88.08552056154339
173.27711664896904,87.9710633182744
173.26005571965385,87.90339663043596
173.3129337009829,87.7045114365086
173.35227382939794,87.6600186793619
173.44696348340517,87.54558443828
173.4872521156043,87.47667708246014
173.5181715117803,87.40187206398537
173.5813348573061,87.29634033993413
173.59719150382045,87.22665166479675
173.64724215397726,87.02980376024956
173.68711064418932,86.91727414936636
173.71182863390428,86.8157877916103
173.76634156938124,86.61737781571934
173.8116917560635,86.52375192478026
173.7715697576956,86.41184468493607
173.74276809282776,86.4094875263396
173.69012218770985,86.42741815546546
173.55245081588964,86.48702303961045
173.46564081311973,86.50957110255905
173.3375927094484,86.4402267361699
173.30518471666687,86.3004330183535
173.33952285288476,86.10307393268735
173.49114358920002,85.62550704171386
173.6523435164221,85.2374318833642
173.85834132152917,84.95391537253131
174.25632368566264,84.55696702863669
174.49843142300625,84.35645716559502
174.80898778001492,84.06698995615433
174.9039963148633,83.96229647783716
174.9297281293325,83.86264900908519
174.90640578054158,83.80232664596677
174.90479028614888,83.69343757768189
174.85781533772794,83.56835654305732
174.8760504801881,83.44129455355213
174.88293214459972,83.3295525043215
174.93469357552559,83.18300887754864
174.96602060514337,83.12530635764593
175.01103277340343,83.04630208831254
175.03241871552143,83.00119886746751
175.04709402175993,82.968118959402
175.07274702066476,82.92686688612258
175.07836929358479,82.88641486733053
175.09599617358742,82.83274168847733
175.08745839793107,82.80094094363989
175.08585935347753,82.78897834524984
175.0655466068084,82.76970043183519
175.06864051364792,82.73545890672942
175.0886484045087,82.77703167588865
175.20042375579962,82.91196160462897
175.30766254857534,83.01025252561364
175.45869633564376,83.10293407032228
175.50954318144582,83.12465376456144
175.53542520980716,83.11784608745043
175.5037539517011,83.09090835398479
175.4460405608753,83.07705469355231
175.38241195625352,83.0669412466025
175.39953725820777,83.10554940344339
175.57625812140742,83.26351637791825
175.9361985243842,83.5431038765764
176.05628544141175,83.63481328345026
176.11851554007987,83.66319692925428
176.09744091686022,83.6464115295559
176.01235293024664,83.5980308722653
175.84702867919185,83.53324179663915
175.74799618800859,83.5185497330811
175.64311490948717,83.51314658625982
175.59410361869362,83.49653056617831
175.56115655969927,83.49123878911708
175.53210790808694,83.48913807053013
175.52383691318812,83.49905625094235
175.521973844901,83.51477142770264
175.50814082139416,83.52667853982848
175.4961967569512,83.52116663106456
175.45311017412214,83.49981427169888
175.4202480591519,83.49241765390585
175.35652227038,83.4847373056938
175.27731023959439,83.50757921678562
175.15953854816416,83.57666912000143
175.01525022831723,83.67071004535258
174.90964458909505,83.7390296521338
174.75056357279814,83.80311119592973
174.66215327137584,83.825271415416
174.59232508040228,83.85499885649378
174.51524430336477,83.87789847933247
174.50173121389295,83.88160627280044
174.52135421396062,83.8450004884036
174.5571115947005,83.80406640022605
174.59305354789834,83.78107453731299
174.64727499666043,83.76358571211561
174.66771748165243,83.77002565534534
174.67383090732145,83.78903790117923
174.66265469359115,83.8015931977085
174.6533891364984,83.79372484124549
174.63745628522796,83.78959701138659
174.65883576279492,83.80908044178297
174.69964115170285,83.82512562733635
174.77687475490177,83.84849007799997
174.83309886211126,83.85618836065045
174.8787335240176,83.86260851174069
174.87909901981118,83.8756076168517
174.8633527651898,83.876775586848
174.8375709919636,83.89157432494883
174.81530636442952,83.91045169795015
174.76785966463612,83.95418506373932
174.72646907939415,83.99016109876437
174.66813317639838,84.02062933456529
174.59014988781573,84.02174234559044
174.5470148478833,84.0139691560994
174.48278976790948,84.01082826649721
174.4518007223651,84.01994710982251
174.42560459809928,84.0279986969852
174.38391754755173,84.0480764084313
174.35601736048713,84.03870924009827
174.31542676730302,84.02708528577743
174.30220059488104,84.01358210036237
174.2838377415321,84.00004161774399
174.2869154650011,83.96085802042454
174.32378052386406,83.9472251682433
174.3562179157804,84.00965769206395
174.3137809193424,84.0615495368242
174.21109193365376,84.10095986563259
174.0625168265193,84.13204367330843
173.9902256136402,84.16389411054625
173.91679405689896,84.22162217955379
173.8865617063326,84.25952098198573
173.8642579506627,84.27531752024835
173.82952831203966,84.30827414879523
173.81753881597405,84.32468906065628
173.80874392556441,84.33858153012146
173.78369417506602,84.36981949476778
173.75397500944686,84.40275101327887
173.68688426346515,84.45667825223533
173.63788553780793,84.50133808973645
173.60038992153653,84.54313034472023
173.53303910926678,84.58635580257226
173.49890465341443,84.59634653092341
173.4583246133337,84.60456009764363
173.43903176858163,84.600397825865
173.41186153285344,84.58377384383017
173.31742863865213,84.52171115228002
173.12369279596592,84.45053084506976
172.2397509869708,84.19760163096556
171.11853018902454,84.06931590857585
169.58523551104784,83.73174221058919
167.43602779008987,83.03922606928296
166.12475044050962,82.79271833419035
164.51665565650657,82.56819383747879
163.77609024157238,82.50589244478984
163.15147808111362,82.50692761812343
162.51892671331956,82.5230266421144
162.0457713055612,82.4509495322761
161.50977101866346,82.26777567929983
161.27005165641594,82.20601166195077
161.0534495672296,82.18291732731223
160.5928199613937,82.38905474028968
160.3005031958224,82.68089497491474
159.87136008196916,83.3818711445412
159.63897021167014,84.07342993989216
159.39660724410018,84.71803195626498
158.78453373528842,85.49450994521258
157.8274262145778,85.88674134151088
156.65914930804564,86.01703601062856
155.30136486113278,86.46762019473101
154.8347119370674,86.71402935384444
154.74127281065978,87.0973122174678
155.14504528241247,87.32589355735776
155.74499653705595,87.56804146595843
156.62124233156865,87.83581032936112
157.12559012903674,87.99476568820988
157.69080347710434,88.15818275090685
158.02289834724857,88.20488355706527
158.26532309800348,88.26152158686224
158.3851518842116,88.34996852974916
158.47358273966404,88.39396179178397
158.63744412700584,88.51214997475535
158.72495926119925,88.56508686271182
158.87902589509812,88.62845287093843
159.12874716642958,88.67682769594839
159.38660113970468,88.6606722205802
159.73453050753375,88.67379548893992
160.0337465101323,88.74248537967142
160.41471669391865,88.78043716117301
161.12571532164577,88.81068371570687
161.84106483301926,88.74717311807417
163.02241625553395,88.76987500591838
163.704068392081,88.85526960238761
164.24444823767308,88.95258897585019
164.87116135661617,89.0724022078871
165.2632524261482,89.16274125541057
165.67488254692861,89.42265491784511
165.86510735203092,89.61919305319753
166.04621213288465,89.82906262377766
166.27210390416477,90.1553220460393
166.48529630420896,90.4201874338879
166.707110730202,90.83994203143325
166.89600313043152,91.08617340670467
167.07139798097344,91.38012714145917
167.36591363554845,91.74412313056786
167.52155212191977,92.00565038502624
167.61883290152394,92.1923321397712
167.88579999221332,92.3657796411891
167.99956421444998,92.54694000030112
168.15902224409223,92.9035435229653
168.23704745689628,93.14776330152166
168.25781047714509,93.36646587766529
168.2559778724968,93.72946008252153
168.27846908666464,93.93551840022235
168.2946632949309,94.2452098693892
168.2523236816943,94.46242414761596
168.25512918019515,94.61927383810112
168.10156048472194,94.84832767258146
167.85877903290373,94.9394982708214
166.74983848309722,95.0097275160254
165.4628052835257,95.10370505597241
164.03358522665124,95.21120324740856
161.8332985864589,95.55350766627241
160.42098345549815,95.94194854973627
158.6561862263333,96.82056934145666
157.80007075379845,97.27708718420155
157.22779349335678,97.618400591468
156.73121636350598,98.05421321297243
156.31882485108645,98.3123955918474
155.49173490874432,98.60959454901109
155.0149309281492,98.83544112406253
154.7433346379029,99.0711765778343
154.57024829562405,99.41386920039622
154.28109040863893,99.64692846954857
153.6096189615977,99.98559999758523
151.85764349736598,100.65450058746876
149.67588900070075,101.43784229645448
144.15079967639065,103.82384954250362
139.3264844188089,105.47172401874562
134.25753022418294,106.65015130634757
127.68962285747753,108.05151938088433
124.32592518909108,108.72254501817412
120.7133539561301,109.58507152884816
118.86783524307387,110.0652033637111
117.2016739112351,110.5920329529988
115.90999331605575,110.86451604463127
115.73980790051847,110.81383574336496
115.70776509717,110.70616965223329
115.69149329116689,110.75208323902983
115.52145354957608,110.74908357699242
115.69079930864261,110.72068607145393
116.04455460168803,110.72717205270192
116.90630163382045,110.77877101587582
117.52629146597593,110.98441255851878
118.24669849551677,111.11296810564184
120.01920872444066,111.29253469179851
122.45636277897765,111.3377648996861
127.32535445409546,111.60320565922795
130.47722031471412,111.45900810566468
133.2045963889767,111.10547774473426
136.26099934005575,110.51001123988283
137.92395050716848,110.16932888099808
140.003040555395,109.62157994032822
141.30727744003948,109.3006484960406
142.47682209063623,109.0124944330606
144.0509276515559,108.53745473097996
144.98304216733624,108.28294154431767
147.1053848044446,107.92306217509133
149.59441049357235,107.53441327797069
153.82135757205057,106.88895603607048
160.91147193491935,105.53087561806824
165.5153892362642,104.38256955649854
171.33119185333567,102.53360895504608
174.23395335189588,101.52343538218847
176.28146405729234,100.84529969166041
177.72078988034235,100.59700900891112
178.1622330846659,100.74271821747988
178.47115132014721,101.09291932515144
179.19924788333032,101.37327883917486
179.50710963631875,101.47380979853368
179.75988090185612,101.56938467107386
179.88403521483198,101.57457713804801
180.02343213207266,101.54117761991503
180.11418579447016,101.42345581529551
180.11411323622372,101.26386824035416
180.09910177016764,101.02534876683687
179.9043223688601,100.77966883618194
179.6394713561593,100.68993960995081
179.54303228478142,100.41074777360062
179.64726266589784,100.03408601001142
180.30243558406292,99.32466550784245
181.26089087797925,98.7719962257584
182.44275898452304,98.18263339784235
184.45167992330494,97.08903560950584
185.60590215482836,96.30430517446902
187.4137428418246,94.86181683582278
188.32655746707627,93.84188247167577
188.94990934085985,92.7487892160336
189.65006469796722,91.21438417414257
190.19185570050698,90.41177694235903
190.7794121528086,89.29155670739081
191.12563811459174,88.68852905294833
191.43187789421455,88.24825734553154
191.64404713991811,87.54221351020826
191.75420089679827,87.1083740576094
192.19903041014817,86.35310875769893
192.7537472728798,85.8127257911943
193.48603258565936,85.43476919061808
194.6742505923365,85.06666591710916
195.50861712262642,84.9559356138617
196.2866853380352,84.89369350461735
197.21300520115136,84.72310233443568
197.63668222601933,84.66874417971984
198.0622064303214,84.48979264354229
198.30164584905714,84.35043607192
198.42276711111037,84.19645325910523
198.43099684672248,84.20768125002878
198.3811714907327,84.21916307242824
197.88698955135683,84.28349061723489
197.44701036747358,84.40098976336199
197.1995383334683,84.58550099093813
196.86616706163798,84.93570857920353
196.4852068192423,85.13713271600655
195.68515265186704,85.45279914778752
194.92210810260607,85.68612061583411
194.03580646150746,85.9565354497233
192.6675035029848,86.30648302479666
191.69148344158177,86.50141914856313
190.1419234118569,86.72180014508885
188.9452010460836,86.86767649734105
187.57524339020415,86.97184008019642
185.31373730852368,87.05132945062407
183.81919827522128,87.03624761807018
181.63132915716997,86.94709968886873
180.30836112314742,86.8769373649003
179.09932046137786,86.9044202914571
177.63201657423235,87.06456417036168
176.9386396247329,87.19003751537653
176.16407173503802,87.29742011679448
175.90783079393825,87.4156462338519
175.93073826743318,87.53355091403465
175.98705923644098,87.64114605984764
176.0874106351412,87.78839460352863
176.2826380299784,87.90295637740684
176.43666158610844,87.92245422442403
176.61756364945222,87.93167038173739
176.92988813123532,87.88126234403363
177.21694321111065,87.81114529016534
177.59675767955693,87.73044876796526
178.33043499666877,87.66093653108997
178.73391390955317,87.56765821600187
179.07007141905436,87.62661992466654
179.09301530385102,87.68152642651454
179.05667202386672,87.71948858254572
178.67918998203012,87.77979538031452
178.35275943520406,87.82961763496398
178.08909862444062,87.8326409574024
178.00527372215194,87.83988909384746
177.98634985823784,87.8579738826367
178.10464653813025,87.90528071790327
178.22419711779972,87.89190827126987
178.33403694624522,87.85571578034713
178.38914807404538,87.82797560263299
178.41719438306362,87.7854105317874
178.40938931219551,87.75153685642074
178.38362150789234,87.74816487151115
178.30713647192707,87.76667678807536
178.24729014662734,87.76261098989322
178.1614900139997,87.75255783851794
178.02610606666713,87.77341673901388
177.90074421453522,87.78101262453224
177.71280616209316,87.82210367491031
177.5389129466307,87.84255251875408
177.32368582544953,87.87858434710287
177.0976145255162,87.91230314827048
176.9626323203702,87.94892148898583
176.81740670215498,87.99055458695688
176.74174539778556,88.03662891886766
176.67536121743242,88.05796933877836
176.64435760912863,88.0563052325665
176.63898926166107,88.05055680269372
176.6495447248775,88.03094787388508
176.69485850445213,88.00928739427253
176.73995400739523,87.98878971018277
176.84166210050554,87.973530733139
176.91781643475974,87.96965238213889
176.96009742572787,87.95458594577454
177.0329583197023,87.89164712942544
177.0938433247972,87.82583481900966
177.20440878691247,87.75421173732626
177.26809741512,87.72889775442619
177.3225462794769,87.7176663619496
177.38727711889928,87.69679996906792
177.4069056286437,87.68507864484407
177.44287922443272,87.65427896625702
177.45888081127262,87.64565066125796
177.48148704618498,87.63999875071515
177.52532867391372,87.62640337065555
177.55600221392848,87.60466482014617
177.61222958121053,87.57505285298241
177.66728744930057,87.55354195007564
177.71733800098312,87.53408040148176
177.7865335896848,87.51213323858042
177.84802232647036,87.50592383913465
178.01028307238198,87.54045906080194
178.20721107423452,87.60495029516437
178.43576085404493,87.66218218010292
179.27165619155386,87.72708081499405
180.27619747163416,87.75241815604845
183.01352367759267,87.67620294693074
184.99614240240692,87.50134258311614
186.97272286154265,87.31669028205503
189.6487312885275,86.97840103850666
191.49428591045307,86.71272709288284
193.19889608615512,86.41946289254064
195.34661640942176,85.88399793163879
196.43326592562786,85.55267093191124
197.90476740511397,84.97996637017434
198.78161121693415,84.71711109630222
199.68867006264537,84.58499517958535
201.3038464801487,84.70925810320401
202.4659775439479,85.03541336505478
204.0086370548244,85.49111780420353
204.8500665985749,85.6571771771378
205.4224483062432,85.72477903862907
206.01403942420575,85.71163597305919
205.96127873977053,85.65797115800898
205.88690315931677,85.46303227315316
205.80017697717835,85.33158947504624
205.64906704717595,85.22392802325123
205.49483151190807,85.15139376812697
205.4506255571796,85.13380361400853
205.19232667243628,85.20403258952129
205.04472815496135,85.25336418298517
204.91129160496146,85.3182307128337
204.86719353325833,85.41117155982553
204.94033475160103,85.47549720000015
205.26797434862638,85.61519022764602
205.56998498507087,85.71061712253687
205.9347195489777,85.85953665928503
206.60858559061776,86.44798692725392
207.43477200911292,87.18764328296724
209.16524740786582,88.49821275246207
210.61659841926124,89.18433721933366
212.17119640242095,89.76035259532317
214.41249286658672,90.19560797528827
215.61962595324792,90.27503621622137
216.47350943156417,90.17858774116507
217.06990290913328,89.85970392898004
217.09225616766912,89.70001227243242
217.01956003508838,89.5376245345886
216.93943579684498,89.37047986299174
216.83349607378773,89.26730663119938
216.67369538994467,89.07705948878737
216.5915665038699,89.00940568921628
216.49531600293545,88.96725753380895
216.46173893194265,88.96251658863167
216.452790144439,88.9650111322973
216.49851849375122,88.94189855495185
216.54738335595562,88.92843124316347
216.6344144433143,88.91660642027895
216.6642186134676,88.90422261239553
216.67096716219362,88.88963643743118
216.61347185024297,88.84884546946417
216.5550920192835,88.82402053597927
216.50311145515997,88.80596948797557
216.49496668557924,88.81509185548406
216.49468093181707,88.81984903944262
216.50155506000021,88.81805424486365
216.50618349517413,88.81676339279237
216.52624594021708,88.81744232631087
216.56099233516272,88.84410067861135
216.62982788837581,88.87226360010243
216.96288166125896,88.85108346599435
217.6509533981119,88.88593130366768
220.17365348691686,89.41236629180537
222.69292626234062,89.81040644594543
225.06308764448275,89.96598672404134
227.79174888221664,89.6722332812045
228.94868713154278,89.33527030787211
230.36660245776113,88.59943940037284
231.1349088911563,88.27660599174455
231.77766182262647,88.04765615938288
232.73186495020082,87.7602036779862
233.32496217527577,87.55469537140155
233.71014799241132,87.36810978930701
233.966504888618,86.9954828370475
234.03547213497708,86.67698883038669
234.3168759332798,86.15555356106998
234.55077647980045,85.95023612289003
234.67783243537252,85.90475089005542
234.7515234832095,85.72831896968961
234.74337047461026,85.64546795548426
234.72820125288905,85.53152907132085
234.7229239640397,85.50161424139387
234.71736135217785,85.51744525146742
234.68311895904102,85.57018594554839
234.62892812783141,85.58928367614101
234.4409420231322,85.63824899498978
234.33337943814402,85.65070281912936
234.2660047143401,85.6700728831109
234.14993120054982,85.6686774814254
234.09064515427414,85.66772145290638
234.01246200273178,85.68141600788658
233.95569370776005,85.68610644999694
233.86011561559815,85.69043083932428
233.70139789125847,85.62718196055033
233.66759462477876,85.58403353883337
233.744616719519,85.51299193911898
233.96445733140442,85.39446803245573
234.46628845409901,85.26147195120359
235.12562266349534,85.06943517058066
235.40949040010372,84.96857403116594
235.43027079254747,84.83923836834354
235.3573405172687,84.79307019010558
235.3094575373069,84.73149624673232
235.29230609481215,84.720900592297
235.31832160108303,84.72391326192022
235.3576739866696,84.7199499182519
235.38067051701142,84.67698966310559
235.38385356691086,84.59575155590147
235.347714970524,84.4816368036148
235.3780601242762,84.42023222366089
235.38580876900014,84.40384318129693
235.41798397240996,84.3120359741256
235.45648886289018,84.28671102297986
235.45681579449885,84.26743013613772
235.42719778497948,84.27844175025467
235.3370674658891,84.31479357954849
235.1752917235887,84.30489895321924
235.2118987126866,84.20803954036242
235.4375379584335,84.07505612709825
235.68198523817313,84.0163575538732
235.9120096770813,83.8797047263752
236.06277257113084,83.79896546039488
236.18051177665046,83.6533503435282
236.76560761425998,83.51268874468117
237.09518153364667,83.52064940624926
237.4462800451165,83.64118790118344
237.83299233577958,83.72996703728222
237.97821110966447,83.87745182194728
238.12670261503737,84.00627033292055
238.1163598874521,83.99914405941898
238.32278797062799,83.99933039795633
238.72761884376703,84.20594129070791
238.9329666069988,84.3313641168594
239.2695001391841,84.57845668077948
239.42620101765016,84.66380635198323
239.4859605523516,84.64634278930863
239.55957079686746,84.33198091959663
239.67113459480274,84.20442364256388
239.91910473768863,84.03486416960952
240.15821424182553,83.97877611070135
240.4000146857921,83.8748753105556
240.6997221395016,83.70877779327125
240.83506623215925,83.6121194410393
241.0363995803504,83.51969612548685
241.36097267413928,83.39831215890408
241.50359849028,83.31159413740352
241.6540047123152,83.221102686911
241.68345376666485,83.20686667644385
241.722567008434,83.1744270473966
241.76116630820684,83.07391848295265
241.7881480126309,83.0177676745662
241.9290759170472,82.94274778920624
242.08761765619687,82.92059422015569
242.215234519173,82.91757889305109
242.47085493835192,82.97774733111514
242.70962877172678,82.9801138833833
242.999313353832,83.06453545784075
243.1099279864461,83.17803488534054
243.24892693906367,83.35622459782294
243.31009007884262,83.72324030443994
243.31662464244255,83.87468279776776
243.24400109943187,83.98416041168024
243.1935032687794,84.04047328811183
243.11954304445356,84.11128611306093
