186.28258273713712,81.40219857081227
187.00296842176556,81.44358646734666
187.08359767400503,81.62781270599625
187.14135979360788,81.65796745979978
187.30033234155718,81.62836576410771
187.8134543429083,81.577182070144
188.13167121870143,81.6640742161541
188.39180717109048,81.78315813035684
188.53641492450527,81.84724588507257
188.69581199791253,81.77647506216974
189.04042905839708,81.42188024489225
189.25742413051157,81.11359197745779
189.6347142540499,80.73554800183196
189.86347790351246,80.45565671126784
190.08170514577336,80.30996170827088
190.38661756100498,80.20821465389871
190.62308010068247,80.1109959057994
191.17937520465244,79.80100524015177
191.65372672683887,79.54729510276994
192.14746173959668,79.34627744825055
192.9296290529217,78.95750559003258
193.5169286666357,78.81799173514145
194.44779368310384,78.67893572618343
195.17283052503726,78.54159939372576
195.98246970296617,78.33767814196577
197.45667817478315,77.73700135430404
198.609448894635,77.24297207913162
200.37263476542907,76.31820278677276
201.5526192756564,75.7034061159017
202.5922423112107,75.21422919542985
203.8940301396699,74.56840047473891
204.477277003055,74.29634595284429
205.18787375961705,73.98820779634146
205.64932224166117,73.90708776461207
206.11751629213404,73.82280428616129
207.0748626645109,73.61779936614911
208.18635204176354,73.49755753415083
210.79655870603298,73.26875557438095
213.01013644306192,73.28912439256203
215.40450037778933,73.5004473075241
219.28091352978868,73.55845751023188
221.79712887791385,73.90979801798954
224.26158461564074,74.31256120865785
227.53229367553712,75.71442914034137
229.2935681367813,77.02484845657445
230.9859344488825,78.30756840471135
231.6946280649934,78.73168558280493
232.31192168352922,79.06652442970571
233.30327282717326,79.3110648210458
234.1188240764711,79.42539015632109
235.28550393282097,79.57825330245534
236.11434068253283,79.78260981839206
236.9279492431396,80.15577601276814
238.14157988989558,80.97217858705139
238.97613592528867,81.67879989296874
240.15438511560632,83.06439223609637
241.02555458764868,84.06562393550392
242.05573882133723,85.03027181898274
243.4737589869719,86.26790274740598
244.26916275185675,86.76159622328477
245.34168355093294,87.15295176419461
245.74911026952344,87.13515965238274
245.98227907164772,87.13175761599722
246.0052519456508,87.08773765555583
246.0425721824632,86.94796041323251
246.00128253186136,86.86212143606025
245.9480938748249,86.8450680659606
245.84950092750375,86.83768936167012
245.3979885322926,86.80896755102452
244.630694305447,86.69929918972748
243.2232485824162,86.5448124823845
242.0149276265907,86.46408117725167
240.85909711684883,86.57666912906963
239.05863684758484,86.73081403590173
237.65168428938182,86.735677961972
236.26015067294537,86.65490821931232
234.2034705103925,86.36892002631686
232.61818348936856,85.93168411088828
229.78470757188816,85.59956851289573
227.64503472166075,85.44006548365245
225.2199023352279,85.18665552245193
221.75594112401708,85.07280563668228
219.55159084958962,85.12206840223311
216.3008968979945,85.04266167041351
214.06310728761747,84.93271735557965
211.71357964982977,84.88311501914309
208.1134382688725,84.84619231703037
205.87172888708722,84.89178020610007
202.98446717670112,85.10419682587332
201.3503336408992,85.2913078610587
199.8981589198236,85.35492561801952
198.00873622348598,85.53278510573813
196.74608637516548,85.72916155706865
194.96063213531977,86.05225598196049
193.96655120221362,86.2785334645207
193.0550116579803,86.49709226199352
191.95028550221522,86.68988915592944
191.32000663870394,86.80217660713446
190.4590574957941,87.05790703744151
189.96529536368334,87.25863919988001
189.51611087422143,87.27512267955991
189.26297173563475,87.21157716339255
189.24241129779242,87.20758599765001
189.012041751049,87.30227739480682
188.6633244971529,87.33252967935982
188.02692927273847,87.34567605208794
186.82007521022095,87.4084427616041
185.82170725517238,87.53779188425362
184.32586904897903,87.93411264160619
183.27737828629975,88.37884261165229
182.14387801531683,88.7015204676823
180.2061905273557,89.2677124307522
178.68173338368624,89.73907956021499
177.0620411103173,90.17625996611899
174.59096048498438,91.05052265876763
173.11204855750677,91.53814115069832
171.10529856704056,92.34744881841544
169.83272874472073,92.8567631604482
168.49184677633235,93.36152206451362
165.97064476606872,94.0755409119122
164.40876471450534,94.47585657290375
162.5869454265591,95.16677595349745
161.84732070135328,95.58953711996898
161.2125860056309,96.08266229404519
160.15290599385855,96.78777053651221
159.25840178417084,97.1804697625275
157.8120963158957,97.67937048226563
156.73840472156832,97.83384455264056
155.71490521535262,98.00485539386662
154.61111732914222,98.32675615354164
154.06959292764606,98.61756932585283
153.69330283089235,98.85076324369666
153.40492221759266,99.23681494393036
153.34667820203867,99.40589663287975
153.16829774010336,99.62772813267132
153.1620463070929,99.68083743339156
153.12603873337684,99.78587744557866
153.11806192723319,99.80495173609546
153.12991374555133,99.78813748946179
153.15085331793188,99.71800825891108
153.16252829030554,99.6312538577418
153.1626629271368,99.49023624154201
153.1925975732446,99.3233291179909
153.25088513966438,99.18107967725282
153.38087300249356,98.99096862031564
153.5071492713111,98.82075634417318
153.68858322581463,98.65977330754616
154.14968904397497,98.39945807809542
154.65498978777,98.1640601602925
155.84257813376922,97.85511119952542
156.9500913356429,97.70504572654907
158.35752928902224,97.56751234187354
160.27447617143824,97.50906377488629
161.02976341365556,97.75161232022023
161.86852306409241,97.66265537675378
162.3585829974962,97.61655260135592
162.9869285036217,97.45490726848958
164.23798344830047,97.15462839176695
165.03479609789701,96.94853115934563
166.37772511694703,96.60818465600178
167.38832178624855,96.3575796223096
168.6215558204805,96.15534625024145
170.56236844035115,96.0503908336112
172.02971693168803,95.90094860985775
173.7229907182375,95.65937846742861
174.52247830371488,95.47955681687107
175.064836782299,95.17794312483646
175.98050613669955,94.57984276159142
176.84022047475665,94.29297867907638
177.78033775164585,94.06063842738655
179.906927968769,93.85697564225083
181.8690133362989,93.75573972210677
185.5414133368295,93.2730333209751
188.48613133480453,93.02575967807543
193.22241207229533,92.76838485197503
196.33899289209452,92.59585069346258
199.48100618748495,92.52005419590269
203.59763762541567,92.19897796834867
206.175443138077,91.7828345094454
209.9039056844786,91.39744869807976
212.57616095824466,91.38680027459246
215.8526973094033,91.83889509678626
220.69886732914895,92.87680639384385
223.85617407983986,93.4523671343472
227.0208317863377,94.2688466073473
231.19918534138586,95.2607774494516
233.80055988559405,95.487305639888
237.91531109531212,95.43321725581255
240.9468281909857,95.58990251952856
244.35349376666778,95.87859720266313
250.1544498633074,95.88318703595152
254.3134150452097,96.05991415780979
260.52120983901125,96.14429757952331
264.43049262402366,95.81896075201574
268.0556784637557,95.19878641636923
272.5783906689057,93.3637085043247
275.43772692325285,92.08951456148621
279.391687158615,90.72412921512995
281.9342896423179,89.95819141128115
283.9937133922452,89.0769325627419
286.48836560243694,87.98496652511189
287.8842239651019,87.28907574552852
289.72491856718284,86.28605975486106
290.93121325318225,85.62670413557889
292.1254770848451,84.85949472596752
293.69631714202467,83.67296955753086
294.4686079355582,82.81488340256115
295.5285847696633,81.78578905251364
296.36766212731754,81.23095011086784
297.1712108946332,80.78407577560486
298.4060796315992,80.11339944065978
299.25125536638643,79.75336386887183
300.103436000671,79.38510929875815
300.33661120330686,79.11850132466483
300.46864656152746,79.09035129243232
300.60842372776773,79.07187762738423
300.81310179099955,78.97521112729135
301.0706044080481,78.84688828027318
301.3529374586384,78.60880071328536
301.537206108598,78.49563787511353
301.6201843236451,78.20246213551293
301.1507527833992,77.86844591316756
300.4105651640581,77.7821919068086
299.0536181208032,77.47541050937991
298.0132314373593,77.32574178790429
296.320930300124,77.4701934074551
295.3645538473185,77.21626602934373
294.7772622489976,77.00432740270504
294.50835795058873,76.51099068642867
294.5506127852658,76.35052768732406
294.5181217289593,76.26032961792248
294.37387115634533,76.09579989295977
294.06911683254526,75.9510185911445
293.2934351504483,75.72453480096662
292.8003780920069,75.70436420996795
291.96737852625813,75.73005577002675
291.4174371774248,75.64042514799871
290.86451706226757,75.57835510546879
289.75853148860324,75.79341833968152
288.9031494910265,75.93813968667745
287.2599830473753,76.6152240791207
285.81602983274814,77.42007347879405
284.16013678294246,78.57687435931156
281.0105355923828,80.09740971925441
279.0070983251711,81.20638888693199
275.9708213379238,82.42767925324216
273.99477539469615,83.22939258618557
271.73834592300767,83.86873870556387
267.96598680367435,84.82353630027319
265.1876511558537,85.38351605764173
260.76850243753205,86.31802165874036
257.7576533705177,86.92505187326257
254.37353447131804,87.72521007693916
249.0545169802675,88.8694972391396
244.61922294267856,89.93986690628884
239.53873967863666,90.69439413057745
230.94833548844278,91.5127075775033
224.92076594391185,91.71450022111343
216.26005758826622,91.49987351015217
211.14507349343194,91.38431102239261
206.37229890950658,91.56844510350813
199.81726690908198,91.93012634280362
195.96617687708962,92.14054227333958
190.44197418141894,92.2963431086486
187.5758127855769,92.43996202474342
185.193515987916,92.80967848163124
182.98789039585577,92.7961092922173
182.1596934449949,92.39764672268473
181.11411230591483,91.69930074199526
180.01473218810366,91.49833390345222
178.73670843875414,91.29049241671527
176.7396377524941,91.20198234167728
175.79260619442488,91.22545197176753
175.10269448870284,91.51585341950059
174.90124325583187,91.6228971750937
175.02007564592847,91.66970481217803
175.09934356320076,91.76766272036906
175.22706366337974,91.8354843246221
175.82860735606712,91.81456442159046
176.57352654566668,91.52992377247378
177.53976122181905,91.28140618254375
178.69911054590096,91.0139612706931
179.34760891976748,90.83263703432429
179.9412960338395,90.26659394501944
180.0984747819356,89.63164774489319
179.94478761397554,88.955770367117
178.66685949172555,88.14175279142658
176.7863289619704,87.83838312364328
174.20285616261884,87.69338192971908
170.39760432259433,87.3639801719974
168.45305890102307,87.22457407512944
166.77769276563126,87.34857477945656
166.2692730627093,87.57571844888568
165.86387439773446,87.88537767791793
164.79187231866425,88.25120008154202
163.8654065528196,88.36653511264288
162.6623472130413,88.38849261697406
162.14992807145066,88.52663632492744
161.77595002240682,88.776131792211
161.59047338111972,89.0861573006712
161.30793608923824,89.30652564529187
160.59813605724747,89.66132852619953
160.01602240531673,89.95988834677549
159.35724230116952,90.28875727422613
158.04854495097612,91.0074157699419
156.98579551462734,91.52527473118215
154.7049422374871,92.51208071350439
153.12219911670144,93.34693042433977
152.1032358505052,94.3405046295211
151.376367277856,95.81884582722446
150.90118446335134,96.76272294274155
149.71309694603588,97.70761119887752
148.7249398448303,98.41252049252178
147.85645329178138,99.03109065787388
146.40088395763019,100.0942841647607
145.3226008656866,100.56885353375142
143.8113815562147,101.52494647701313
142.88939390152933,102.12729789918674
142.02577358239606,102.71433520130567
140.64289914707555,103.5132775736441
139.6126492491005,103.8582541446905
138.50654683891398,104.01223326885457
136.95555935588933,103.82110637430512
135.9600371545542,103.32776385551325
134.20299695901753,102.43145270871246
133.0472868262187,101.80124126881185
132.001625089263,101.2569714627483
130.64376364868266,100.5778296500814
129.79439191724228,100.36476278715277
128.64312269843788,100.27091118544907
127.66065635803784,100.21775566920822
126.71006084506845,100.23262607871425
125.32468355620614,100.37294261384375
124.50457598855698,100.49016286593441
123.1557590220677,100.59526314812494
122.26418687714323,100.56196310709625
121.46580439291697,100.48074882300743
120.50323340347167,100.5852912588209
120.1087712770773,100.7650314632789
119.80451795101104,101.53718323937507
119.6295074619294,102.22739343903997
119.42800987252147,102.96818284506328
119.2143994935205,104.16368419841297
119.18608974798478,104.99073552907197
119.51986527333872,106.13780826397993
119.92229752226677,106.39261949543773
120.12119089359103,106.26991224592862
120.08491293404407,106.35573480452544
120.02960154572597,106.37294342660387
120.10403454617648,106.45466054200604
120.62027393251029,106.49365949525352
121.39019368745883,106.39430116117309
123.26230711297234,106.25606539922484
124.88349286773283,106.2447145597329
127.72867767090149,106.39456200009474
130.01896712272406,106.40275725900285
132.209126153825,106.39442949501024
135.97916675830191,106.20904438098074
139.38916189285857,105.70156423906029
143.52314643351497,104.98700718257656
149.92088144943864,104.24284652783712
154.1426590435404,103.65172711388064
160.31884486806757,102.84872177680825
164.10450482635346,101.92511494992557
167.8440696331898,100.93598916576344
173.68810516307337,99.64775166706178
178.0542100373156,99.5971950216614
185.0548237304274,100.17113713496488
189.27014938013116,100.1456617406522
192.78287058399252,99.75433449198576
196.86594085629616,98.7299338593504
198.96845993354586,97.94520197324067
201.99686210612182,96.97849967734315
203.62124303302167,96.64981982960411
205.00554593910044,96.43200435772933
206.03084651230472,95.74348572989629
206.26545347837265,95.09284479575598
206.1683450707147,94.09283614824398
205.46641699834663,93.48714974684317
204.48295785123233,92.86630852914064
203.02293235352852,91.98135184132079
202.37296204007407,91.128239955378
202.05089123500522,89.63927010411383
202.01319448740026,88.67749146741654
202.01631559368653,87.70966992016416
201.87729413133337,86.52312774109184
201.80967638662122,85.48806782584333
201.503826944695,84.58522908352039
200.91664843036654,84.36260652282819
200.1935200688509,84.33196282996113
198.9782211574413,84.71030208346042
198.39382397557176,85.30309243436858
198.13438929264152,85.97966923869973
198.118394535682,87.01636688394487
198.09425988117377,87.55659815261387
197.97714833195377,88.23662356495014
197.9860349980555,88.39653612759187
197.86721026755663,88.18692560157109
196.84267249117045,88.05963798401346
196.02477089382495,88.09382149411152
194.96285642411547,88.24569298244367
194.59505227749588,88.40336141213139
194.48134658072075,88.45421161899556
194.5103544188362,88.45764063337961
194.4917123290627,88.59069276007413
194.54726082633863,88.96046075911647
194.72416500407311,89.20417656252947
195.17215639286496,89.36462790330084
196.33051739591917,89.37799681914485
197.03540371435693,89.31282280768541
197.82566672864147,89.16858371138747
198.36148809078927,89.04087202820489
198.91750231961808,88.8306957360578
199.82977470408687,88.45902799939508
200.53620024224315,88.16557642821745
201.8456024279847,87.96760463761967
202.70118849336097,87.99169594655864
203.38577853803864,87.82415122668078
204.06149956755348,87.31639724346108
204.35515330825274,86.99592232445605
204.48582368746023,86.65915927695175
204.47172350019076,86.6503225888871
204.4466441179195,86.63103621268527
204.2134637115091,86.57076477947014
204.0842382306766,86.53505372310711
204.00232580736926,86.49808797089945
204.1251120178537,86.52597364484
204.49556654003695,86.551773690756
205.22408301052357,86.54339694732303
205.5268868235555,86.56213810042216
205.84086739992745,86.56811758772409
206.28831891236135,86.65842062581842
206.83744858660754,86.59434239015475
208.07124395515442,86.52184145442277
209.24617306818956,86.37341669393474
210.67795881878337,86.35739755994724
212.85568669354217,86.30000889095224
214.24151169649573,86.48874110395653
216.02277404166506,86.4399545918112
216.7598827633747,86.1476863732919
217.29017682648194,85.74359672555117
217.72797688926488,85.23560049693305
217.6951873199417,84.9464732018491
217.58216573683663,84.65222762466465
217.66206418834122,84.58328447501394
217.8633834759189,84.53474002924064
218.72142833123132,84.56888320522414
219.33068246410335,84.64475760504794
220.2787969994033,84.63927283473939
220.93352248698352,84.48832863880101
221.64421307460913,84.31016187158235
222.94173946901998,84.1188765237441
224.09767183535985,84.09345717558999
226.22196487941642,84.06961415596922
227.99900679603815,84.11339890862416
229.9088066351179,83.97984535634532
233.17730851594158,84.00350741492414
235.52693896052048,84.11923181470098
238.8327135540003,84.08012343642679
240.75222251207907,83.93018371662838
242.44384213435168,83.6712407586257
244.79946802345086,83.24118913321328
246.23137487663877,83.0662489462823
247.44558017720226,82.87107000745988
248.92647799579242,82.59404008233399
249.69952540014796,82.43804248395026
250.57091159634112,82.11712110790617
250.97196851394,81.99710633575894
251.20540799163996,81.89310169698228
251.30047860814994,81.79489969217194
251.33275148098215,81.72635181447878
251.42986876862648,81.59933069943892
251.5325477948304,81.55432618890875
251.57818740117347,81.54592772874241
251.58043984608923,81.63079689003719
251.61113131014324,81.7396266540963
251.57692447614227,81.81359011397214
251.53274357107125,81.83403851100623
251.40142427373058,81.83412102964839
251.06004936162208,81.74767556291047
250.7522907330503,81.59984228142207
250.43518488590564,81.29209306436962
250.21099816036207,81.03650684137457
250.0062894324291,80.87645025773524
249.744227161097,80.67887151205963
249.56628423792353,80.4765745486663
249.29193348006345,80.09053732741988
249.13776142645665,79.88392862995609
249.03124535690267,79.6106210902727
248.89026667696658,79.33596897064986
248.843750839392,79.1203311332791
248.94366715478102,78.85587062230526
249.07126155953046,78.63452459916459
249.24977447200473,78.4324290273423
249.46506354400682,78.29754353170816
249.61956273359635,78.20415942133829
249.68840076278923,78.12277088342334
249.8443408558628,77.9208403268265
249.96451212713458,77.8132155681826
250.2322667805709,77.61714027711133
250.3926871578035,77.5023603325415
250.55587592558157,77.34629375445101
250.75745693764446,77.1531806396534
250.8401869777415,77.04522231592469
250.81310064262965,76.85284965849266
250.69013540741415,76.64991499421927
250.60371167800741,76.53556874174458
250.51355173379048,76.48326633456514
250.4935233775591,76.49207654661105
250.48087263388152,76.55450468209064
250.4656877998625,76.59500311241216
250.43011753944944,76.63141781950962
250.28516799671365,76.54605087672232
250.16550289927636,76.38395156716413
249.94971757821466,76.27548751925815
249.75177106147277,76.26338413814777
249.5187194074452,76.27757572003507
249.0873593513757,76.25870253787626
248.82167574040653,76.21081678336634
248.52582243799384,76.181441842368
248.2007326944101,76.08909541328258
247.82607037424742,75.93780855437141
247.31896878812051,75.58135568320735
246.93866072862886,75.30183667346031
246.411852631561,75.19022538076158
246.03358711275092,75.28465226784417
245.62817689906694,75.48437268781747
245.0428462086928,75.64239649454898
244.67903490932082,75.66779967543839
244.19368113321693,75.68645297501656
243.93294416082045,75.69822032640687
243.7475202102219,75.68752372106512
243.462725811439,75.61674195999692
243.22648699201343,75.52553448248625
242.93400422326553,75.39176636249786
242.05554058538857,75.37495433475785
241.3861689853509,75.47027116933786
240.17863652315685,75.59668529982234
239.22307178252453,75.663232353318
238.1351376911029,75.67312849221572
236.0964921027509,75.77388799733434
234.50734955825348,75.96400345086316
231.8951560345442,76.06217770492107
230.08759989927907,75.99426579777543
228.29727017196288,76.06730097526665
225.92494407878087,76.36706870470918
224.51237933216765,76.45139597048544
222.73313207618335,76.1592043466888
221.69573879498378,75.5864499033895
220.7973703248465,74.80395077496462
219.51344923875948,73.19262401075295
218.74503045051796,72.24455716886095
217.72563663421252,71.25368634593521
216.99775897849318,71.03750762804064
216.2560163141101,70.97259717015967
214.71474380313478,71.58083706838345
213.75606646716045,71.78531109189059
212.62672051530194,71.64703802695213
210.59427673024155,71.07463868547634
209.34903975268182,70.7877307031986
207.80207641632862,70.68633146182465
207.0877747420311,70.8140425776186
206.220414340336,70.94080324352
205.62349657109013,71.05324104193296
204.86142228145098,71.12887705212941
203.34591399848512,71.12869085935253
202.06245230061904,71.0729197339968
200.64353226981672,70.9862938183266
198.6485811913761,70.8898290323227
197.51616926815785,70.88483261196816
196.0450762530914,70.96323742311978
195.16380119003816,70.98598977684021
194.290107019464,71.03128174058268
192.61424039191633,70.9185113855479
191.02302329128815,70.64255470920752
187.5094275036207,70.33378152163606
184.89758171179025,70.26681471845755
182.51858417152357,70.26501838094907
179.50973754042153,70.452544361062
178.02395784104968,70.67344592817861
176.08551511493133,71.1324858084674
175.01918233353013,71.44644535614235
174.03262358979023,71.70415745102991
172.62894330957917,71.9788704851191
171.58764514997787,72.10984697590948
169.73550053261917,72.35332878561067
168.4227057422483,72.56085748169258
167.17934630521353,72.77477036659575
165.7225157450229,73.29258806022995
165.1205230328172,73.60920806735385
164.2328877798529,73.97735558156401
163.63425168130237,74.08677285058748
163.04952541843028,74.14808532293488
162.33021504426134,74.2665537045103
162.01607402778924,74.39274523837037
161.9134556903636,74.55040525351396
161.73167867451545,74.85460818438979
161.5711177116027,75.13306331550312
161.4697067197811,75.30958470368702
161.46141366688954,75.37400134809467
161.49890690160453,75.48341912773813
161.55724445074242,75.58518585828313
161.62017751055018,75.64068206731608
161.73209682157807,75.7253218527498
161.81329652154187,75.7715495504795
161.86386767171263,75.81717727132873
161.85625510125647,75.87861110897138
161.80126110004417,75.91338312676153
161.63070123017445,75.89227914723566
161.40857297565913,75.86411576027366
160.90536970029063,75.84148717976092
159.8966472382175,75.9175263301667
159.062818953132,75.9999375087656
158.02424805779592,76.0026056880187
157.62822968068443,76.03058048277116
157.4719223976384,76.12357893169678
157.18516909437017,76.37860545284825
157.03678553579286,76.40002671686321
156.87360089382656,76.37306519333049
156.8250559899907,76.30912688073273
156.81179616312792,76.31165988675149
156.7858168064832,76.36859002820557
156.7633488416822,76.39302262426233
156.75656978249523,76.43025312883661
156.81397682462526,76.43872389289623
156.8882473786493,76.45669082014744
157.05218705087623,76.46373270653419
157.1618260341691,76.47883223825285
157.25540643220197,76.48616178829928
157.32252118110458,76.46238355960543
157.4012279249714,76.43162205719054
157.47152973625418,76.41675248769793
157.49695865160027,76.4277925129986
157.53249960768582,76.41448594160327
157.6004016342889,76.39231278404245
157.63624834786944,76.37497140082469
157.43586676456624,76.44029129067913
156.97042382973217,76.5481560502853
156.12253166181654,76.79586669531459
154.3799324134944,77.30117180235514
153.05702046145916,77.85478125627102
151.96084856414302,78.35310294835645
151.76905423375092,78.75942951584487
151.77223036661735,79.3267133062063
151.49568686209034,79.96045513276201
150.91423006633653,80.52339244380364
149.2445465662347,80.91262224381057
147.8137400413074,80.99792637632876
146.56738663394066,81.17471553473393
145.79296469048467,81.71277420058563
145.7901998997184,82.2032243792679
145.81038914438943,82.74243242246354
145.4868957732362,83.12151021677886
145.30965012210962,83.13986460811412
145.27983399484276,83.27451134616167
145.35266518566522,83.37663975654402
145.6108685350247,83.4705462395258
145.67067924138897,83.46691607290093
145.69172976395257,83.47808655874348
145.6674979379795,83.4823194190428
145.7562420271094,83.5085814081475
146.18198183342443,83.56524106367496
146.51907595485034,83.60781710026811
146.99573572443217,83.6141342617936
148.01313527982893,83.66908941526415
149.13825597253268,83.62740591570848
151.577318662759,83.67829122236253
153.46350503449278,83.69750814367504
155.38198504642975,83.69946096884891
157.7518944824136,83.69209567717955
159.23610885969512,83.53157054647436
160.38329314008928,83.5986622736463
162.85679249040788,83.57144820658948
165.3746196946896,84.23408498293324
170.0796695840538,85.09028096063915
173.02555360194035,85.61525433674743
175.70594636039806,85.71387462980864
179.37948090586204,85.68698836334839
181.7132940997884,85.75117699509336
184.84075379606222,86.23282704279607
186.89200784399566,86.21717257249554
189.10902878963014,86.32504926393634
192.2923911140462,86.52439192763286
194.2579357283246,86.79996594375068
196.88071878760658,87.00068440092414
198.5786047196815,87.1808429915343
199.98463546023999,87.31451417247247
201.986929934424,87.12122154810689
203.24776192786337,87.02908331533146
204.85716951986373,86.8809239994233
205.92801384569185,86.75178728144733
206.98928565253487,86.67509611962956
208.29314153560088,86.53066079637352
208.99527058729686,86.42646387238787
209.92701089414257,86.32890685023548
210.56381077338025,86.26039458820048
211.2607653224489,86.15868583523759
212.34657918864895,85.91859689195587
213.12245058772888,85.6754760838246
214.18330848057877,85.32059161962837
214.8566951578244,85.02231550245729
215.4947859560663,84.771422567093
216.31253833892993,84.54202166271207
216.9015205194127,84.35677502242311
217.88001234371956,84.04842480326815
218.61637420560402,83.8978995709661
219.309720999693,83.84995182654804
220.46019248265566,83.76127968825485
221.26387344686182,83.71719786036358
222.10975165523598,83.6304687776263
223.52661540462557,83.46847972949861
224.50067794999194,83.44798597374499
225.90468969912177,83.29600923657813
226.74972129944285,83.21627743500487
227.50818433688258,83.0790048509201
228.54287946964132,83.00234447371786
229.13337784306992,82.99968465426277
229.82476003334787,83.01154791901716
230.22295500281044,83.00030198368572
230.54337614859767,82.9196550713973
230.93997644639768,82.84602170557068
231.18814668470947,82.783752028674
231.64891075354123,82.72697620073967
232.0263047654432,82.66451774186983
232.4724556770321,82.5364401788859
233.05332494226758,82.38598179437196
233.40714572960292,82.31346120282433
233.7158569914948,82.23024045250801
234.00578143149477,82.18423593501754
234.22177615109808,82.14661057927165
234.49880634247745,82.10115455530978
234.60431547142235,82.13515049185425
234.69206238434725,82.17505980055368
234.73176398146472,82.18505990556542
234.75470933951348,82.14712366664412
234.82328416203666,82.0217666207171
234.87260222423131,81.97676804436811
234.9689954912941,81.94987204738281
235.0461752428774,81.92922855627143
235.18630221961863,81.90064667383119
235.58608126005052,81.87953238209633
235.9974827229433,81.91500494592877
236.42562456583403,82.02082591139357
237.18479142296772,82.04321032428034
237.77264881671024,81.9880955373769
238.58567006721563,82.07725338648886
239.06137116433027,82.08594801031566
239.5128378260502,82.1399583883531
240.23258667490754,82.2361878842537
240.74618851706754,82.26077590061277
241.6972169474358,82.2251654344334
242.38246881531882,82.2581573059294
243.14549515632484,82.32393879040794
244.53480514653398,82.49744795611633
245.47836215339575,82.62107491415503
246.70345629168327,82.68921699345846
247.39769733337522,82.71457902721193
247.99593612001502,82.74007309141166
248.5652789651341,82.85883598813338
248.96378910080347,82.94216614674603
249.48996727775813,82.99469130375881
249.76714025440262,82.9830636769504
249.96142242987898,82.98184781123476
250.1503728646598,83.03151452197197
250.22684594723003,83.00289906197041
250.27790395986472,82.94559133668838
250.28564637006298,82.86966694434315
250.23966220580957,82.80222433609862
250.1562398539332,82.73784924534046
250.08822691089432,82.71294419241114
249.90823211756748,82.62340034610168
249.7654768977628,82.54575635609511
249.61358418141882,82.48110939669128
249.39332565108094,82.41021642886953
249.28894171791083,82.36519300861217
249.19857173596057,82.28683430016576
249.18194910446175,82.18495937370314
249.16016453633137,82.11536898331622
249.03163771037939,82.03541061910468
248.8842513414716,81.98893285085133
248.74899893466625,81.96108110909861
248.62479628994905,81.88032922693142
248.51877794252917,81.81866289831348
248.34152785080778,81.80199001320211
248.19272290543532,81.81570129866454
248.0398770972904,81.8091643225112
247.8372318768566,81.775958014513
247.7626910789806,81.76671276197307
247.6582511323105,81.78762517391958
247.59167284522385,81.83721446224504
247.5279597487563,81.87568659139961
247.45485533143548,81.87510133334655
247.4226132092481,81.8389591473218
247.35952451416426,81.82576229614105
247.3340990914543,81.82916944135059
247.2731419288568,81.8448204700426
247.19427842855006,81.83577770519926
247.1495419291699,81.82555609848545
247.05310128405517,81.88324901126104
246.95398757883174,81.96035902385393
246.85975883212845,82.04114794694043
246.7352762557024,82.0961219730678
246.66693971698703,82.09407712113173
246.58703016018524,82.11795528065515
246.5382020563174,82.143925029256
246.5202517779019,82.18271167935234
246.55145777925537,82.20524495790426
246.6146163757632,82.14784035021461
246.72732524532188,82.07402184396268
246.76435591843193,82.0431405855764
246.81616803920895,82.0082416744223
247.22789083430843,81.9022790090463
248.0527390389409,81.95292047672297
249.19330298166136,82.15102869722342
252.1759235749114,82.91930475308384
254.4399714291972,83.3353441883195
257.27092783318466,83.7811372268599
258.9247705076839,83.97376520912503
260.94472662884067,84.3370389972974
261.9861775762324,84.48605962463336
262.7568636003525,84.5715399360872
263.3908117294724,84.52157437211105
263.5502014249594,84.4272060629672
263.6986399168394,84.28701818043419
263.76900974869756,84.15062603847703
263.83543658928795,84.04903309072955
263.8711829585926,83.9235569707655
263.9069005717185,83.82076730961991
263.9455408116176,83.7514974858535
264.0035969513885,83.63123971233588
264.0071796198121,83.5829986515711
263.98307811119884,83.5419887264706
263.9515196262098,83.51614207143491
263.89872665497256,83.48704745811655
263.7694364263569,83.47020557555118
263.70690388593493,83.46389380704824
263.6396554020939,83.47289237518778
263.60808864817795,83.47765234456921
263.58820714790494,83.47777303314402
263.53103740879357,83.46403855337603
263.4783305301946,83.45739271610105
263.43050362423713,83.448804896592
263.340541344157,83.41433087134361
263.27074170614554,83.3654578666641
263.1859949726389,83.30416961937335
263.1459186770517,83.2878681879572
263.14541660616794,83.29388808545677
263.1625839033789,83.29229210441376
263.165754057087,83.26625446936691
263.095941447884,83.21327695088762
263.02158633245136,83.18337012354237
262.91722276907683,83.16238681305344
262.8362901783702,83.1480099527726
262.7964320335986,83.11123641057323
262.7426066124681,83.05402212846234
262.6940490374987,83.01431289828653
262.64431824091645,82.99129408813705
262.5754899571627,82.91498577447771
262.52207579367837,82.87051452567964
262.43674319822117,82.80256375893205
262.4022476553709,82.78769301218307
262.38370367866105,82.78047245882009
262.3428436197819,82.74221547961476
262.2968791509527,82.70663009930384
262.1299682167166,82.68511195356882
262.02674235386337,82.67900929495136
261.9448849078619,82.69265462030918
261.88100015152,82.67716749455963
261.86935682463667,82.66628512793551
261.8166678125807,82.66747792751623
261.78415257860115,82.69391743149365
261.7840363420803,82.70541283906621
261.8266173845484,82.69394324410176
261.8263141598133,82.69676466223497
261.73859889300905,82.71275726126355
261.6690231090352,82.75073916348873
261.6603985879124,82.78374264431287
261.66294654956204,82.80594808082618
261.6520308286582,82.79882097092083
261.415414290244,82.98125986337402
261.07907194949127,83.20834921854704
260.6256514369457,83.39279069618351
259.89779118963224,83.54974622952312
259.2486759303163,83.601610080826
258.5973104823924,83.6728375938342
257.56370074203045,83.84573155069374
256.8549924484024,83.98311965017469
255.0232227428601,83.97685273297984
253.31312512741619,83.95548094570395
251.32392498421518,83.8966777749654
247.93086865731692,83.88502519378237
245.36389559198807,83.81102447795615
240.8955923677748,83.71503400870311
237.81653926827548,83.70695956906148
234.64169093810034,83.62392006924539
229.82512765464298,83.64221677427311
226.72091043802945,83.6230273382044
222.66537248104402,83.61747261482546
220.13381403930515,83.79804928999427
217.66543721580481,83.908506265708
214.21872991285545,84.13387042966191
212.257912062877,84.31271439671472
209.50943782168807,84.5173997652329
207.34580254130472,84.53297413596492
205.53275873023915,84.44495287926824
203.28110341150233,84.50873051407429
201.94261608973733,84.63935091780013
199.9883866295924,84.77730516865272
198.7389853755263,84.91550262172605
197.46022581061914,85.18626763477445
195.34685523072125,85.56893587707134
193.82501652351746,85.85745869079521
191.78988714478203,86.28063488722695
190.50615068454692,86.4174096662076
189.3886608748326,86.54831067995555
188.13869228592185,86.86598950468529
187.4443841763687,87.02574884485642
186.86686610787345,87.08335610161622
185.87560246233318,87.01965312491257
185.14186431121544,87.07798291950786
184.32760703282736,87.22502240866255
183.93902016348164,87.33871114856265
183.64869561144025,87.38315039582294
183.56501869970964,87.33921150924188
183.4683388902197,87.30112249295223
183.36259930042647,87.30343425067667
183.33806430627504,87.29127759428891
183.31706467073457,87.24135776871421
183.30865957524142,87.08404952676142
183.24163747175217,86.98887071891174
182.90950363043964,86.95901169192847
182.2030927659445,86.94816045938403
181.52118338637038,86.90277238945426
180.71278195841757,86.73058792554487
180.38433463975437,86.69795317267808
180.2135636386075,86.69598764724151
180.15606834885094,86.7257093991005
180.1265010434763,86.7285271892764
180.14489228119854,86.61765687865227
180.16229412892915,86.52088419576336
180.14958950367196,86.4260747536017
180.14116478451814,86.39835636745495
180.12578212920408,86.35953981834102
180.19253442458438,86.23737629309421
180.26445709086957,86.18768076325027
180.36050876058715,86.17118589597115
180.4044397858269,86.18825975036623
180.41050564007526,86.19349187065502
180.4331508946264,86.12616527731126
180.464841991984,86.04636059883535
180.53120683858222,86.00127661827977
180.58335132845372,85.9968063820644
180.62382900374578,85.98923777283214
180.70083312144817,85.92463623622741
180.76304904554726,85.89342541491233
180.81542177962913,85.90387023831694
180.88522539589854,85.97775095131861
180.9293532914529,86.0092750397318
181.014364248446,85.96741723755119
181.06664771472933,85.92680234806888
181.11748455798892,85.90148317776935
181.17681872521362,85.87869725733367
181.20341142903553,85.84956381817204
181.25085934006742,85.7406327989029
181.28931739337932,85.61960909069504
181.30487043690906,85.57422945983197
181.27736593701877,85.55101572976717
181.24517084867895,85.54875378643156
181.22220874532556,85.49815304855412
181.23125258527264,85.44076172487375
181.24432652485393,85.410091909268
181.24383133703822,85.40332367547114
181.23360393835708,85.39209190575914
181.2242233910298,85.30606012684498
181.2247711051811,85.2549144410622
181.2281160637517,85.24863721717594
181.18622488274593,85.32789943431459
181.14293546424585,85.37161020871594
181.1192143914496,85.35354593847926
181.1462055493106,85.31693623899879
181.20686006902315,85.2921135521788
181.28402235780396,85.26071420339841
181.34641027367462,85.22869834553312
181.42056655496773,85.1723794421642
181.48950141604482,85.17061224667002
181.51119510231447,85.21164907154885
181.53545513513154,85.32991774827224
181.5784798801613,85.38408461243382
181.6610098111731,85.41899881775088
181.84762886947274,85.3854932582393
181.98496435594677,85.3778025317333
182.16874664393254,85.3661992452893
182.27339333071174,85.34946623764237
182.35793091373878,85.31620108549778
182.50267789920375,85.23709681691795
182.60777679870387,85.2007681867712
182.89893923635242,85.19419821039747
183.2719990526398,85.22001177490314
183.86632422334026,85.18806683020215
184.91877274099448,85.34523301158973
185.49716043306262,85.58372423231177
186.16285108635475,85.82358917349787
186.47747588982526,85.93859703748149
186.655461891117,85.94463265700024
186.99410618234435,85.9528376142962
187.1746585814633,86.01982447721986
187.43052922019217,86.11216975943285
187.52240648209948,86.17100040193922
187.56415110685538,86.17654875236018
187.61300767217256,86.19240362493989
187.61418671583874,86.18736546962337
187.5953724594671,86.16476387514203
187.57696416036632,86.13376041607654
187.56943563903718,86.07967650662958
187.5638750950373,85.9738551456119
187.56002624010503,85.91787412763013
187.53658803940263,85.8844478113157
187.4925309948581,85.89521296062408
187.43468126599768,85.9216203877656
187.35390811254317,85.96752297058683
187.29931423915733,85.98299991920219
187.2655757096319,85.98954724583237
187.2364944471469,86.01118542142407
187.23028921229644,86.0090058626012
187.21303965352945,85.96946502377028
187.1722320537493,85.94352876918205
187.09478020084214,85.96591912323436
186.93176544659167,86.093322930697
186.8143179343439,86.16520619756865
186.70404711485236,86.15453408249425
186.65716114877662,86.13852730828928
186.63754942167074,86.17076103942381
186.61891006083792,86.22666262990509
186.60987858332044,86.24945002648059
186.64209980710143,86.21393754349826
186.71376755114287,86.14057397618069
186.79486211833603,86.09960731607441
186.88994948119912,86.08550472211292
186.92647945101837,86.0854943915349
186.98607309679102,86.04993499239626
187.03444518320597,86.00608611928963
187.09643516439513,85.97446605174252
187.19925868024174,85.99390496623458
187.25562832550355,86.01299066634643
187.33329422587457,86.0106027852144
187.405584703878,85.9545424243122
187.48064694353866,85.92471111220274
187.59804633982213,86.00927959805223
187.6555878709603,86.07388041990356
187.7639032254895,86.12122771189192
187.87661987174707,86.0908771726401
187.99674333106597,86.05345185825581
188.22094571027486,86.03086325856613
188.33831227836848,86.04702021983161
188.49654598429214,85.98038396084661
188.61941033716707,85.90636692286802
188.7274901218177,85.86624006966828
188.87474301396188,85.87718631987188
188.93480666434775,85.92059443328856
188.99650240168612,85.95122621751432
189.07439963153237,85.93993526184077
189.1262877823191,85.88207784608691
189.19729204959899,85.84559416544772
189.21497073152375,85.85108501748556
189.24054711165317,85.86111342252146
189.31039508312372,85.83681876969217
189.35654385001567,85.8161260885727
189.417097684531,85.8293110171148
189.43056110134654,85.8485113428824
189.4027425376317,85.877733308481
189.31537849928435,85.88915989065006
189.24486187414936,85.8847319400206
189.10703580699032,85.93421572213295
188.96886635155695,86.01721136537017
188.86534653362372,86.0555462756821
188.72220037514703,86.06714087404622
188.63801946118357,86.0467028488259
188.5139696872211,86.06877505659185
188.43265539455234,86.09414090566554
188.3479176761929,86.12053805771428
188.24054184358948,86.13082230087326
188.21628075815153,86.1078715697065
188.2297968194179,86.05568578664241
188.260021940632,86.03867614994144
188.2813778130311,86.03628251993425
188.30415229867876,86.0141360159346
188.31684931477167,85.9964672152285
188.35588844805966,85.99879999468278
188.38246605130956,86.02321176238868
188.40515460554926,86.00710064424415
188.4485692903793,85.88314365017395
188.47875286768416,85.82412950014334
188.50968788876304,85.78199959070307
188.50618843260426,85.79119837085395
188.47281267944282,85.81854982349559
188.42363371312348,85.85188914464861
188.394528097182,85.8887653873555
188.38842220794197,85.91645820588518
188.3896289810466,85.92125617818206
188.40579541787665,85.87073027773707
188.45334615685908,85.79317420541128
188.50544958295825,85.76561495976462
188.52563816368578,85.76629491908956
188.52736944630567,85.7790341301379
188.5222202221179,85.77473615635363
188.52284064161685,85.78332572475907
188.53609833255027,85.79449654787322
188.5519947952196,85.7854895908065
188.5861844160214,85.75565740808196
188.6316112913857,85.72708079385113
188.70341217145275,85.6820344869379
188.73341775855914,85.67595486387086
188.75850451846415,85.67384567178243
188.77086795285646,85.70602448592642
188.76532081102695,85.73256205434056
188.76655008051725,85.74245947011484
188.78914927562897,85.71489159279598
188.82153469083667,85.69981831221014
188.87058203815076,85.65504934496758
188.88685198353073,85.620384423887
188.92464917545,85.56588450182284
188.93892549063327,85.5304470036549
188.9594155410115,85.5087978738951
188.99431150733443,85.48075093987158
189.00604894305127,85.45788527423034
189.0201379977508,85.41342851775798
189.03664587812182,85.38438493213533
189.04862559631889,85.36901026548183
189.07488847780536,85.35276903380729
189.08787765378696,85.34870503788109
189.10721309600308,85.33243193867786
189.12972761580218,85.31441488875787
189.13353689820113,85.30844587882574
189.12828905726252,85.29376248078452
189.12637872309708,85.29575252878035
189.12435832179116,85.29476044367205
189.13347094313858,85.28672531704824
189.1501596254412,85.28965910261573
189.16166006386968,85.28704671380439
189.1693368165997,85.27865188805833
189.17715278535425,85.27010212685829
189.19733023058973,85.260356680473
189.20831692910411,85.25628452432143
189.2239545183835,85.25491841370518
189.22223214382493,85.254155135253
189.20803142331806,85.24449911697408
189.2033458447714,85.2282906382199
189.21247761018574,85.21652711949898
189.24997184138897,85.19813704919946
189.2853854220812,85.18728180093134
189.308041307929,85.18821871737168
189.34658244526634,85.14305938135531
189.3861861577011,85.1061323881726
189.47772905444532,85.03687806575068
189.5511761117003,84.97484997466914
189.76855365399868,84.82171432644425
190.47026404841313,84.16009856326346
191.0468807445752,83.56960843601533
191.9253467805097,82.71134653013807
192.45198049907583,82.32797163721433
192.86034970957613,82.00339546652751
193.42780053988125,81.90677675695892
193.76957394247472,81.88164595109528
194.51300406554023,81.90900650174521
195.2460552283154,81.81621205936999
196.193850520069,81.6375840627076
197.74935457794106,81.35772499225321
198.84870089836028,81.08639979893573
199.9598411636621,80.78073918716841
201.4989454876345,80.46409473795144
202.38859675946517,80.25637600935869
203.38155277450915,80.20451685728376
203.86410443250585,80.16797093580384
204.16307592353184,80.25687894804433
204.299339536617,80.33216474139813
204.34825528772956,80.365715359216
204.37218674052122,80.39338129528211
204.32174127007522,80.3937938018617
204.22940237595776,80.40207684477953
204.0448376219253,80.43648660014883
203.97650449311095,80.49708316751807
203.8688528895036,80.6615831139734
203.81463604096808,80.79527614715519
203.76379253731477,80.95319106749761
203.7129528558629,81.35631257090223
203.94929462497532,81.8599238107847
204.64779220473397,82.65766100307036
205.42845627487608,83.29085925860707
206.41396121993708,83.85312093334763
207.95625158086705,84.58397982619115
209.0288213964826,85.01635894999126
210.4563084679066,85.42791978723685
211.21280682080553,85.57517692637337
211.91689548441775,85.66209265333244
212.6913524881925,85.78631698504077
213.12168091140651,85.81595202183449
213.53383722304687,85.87038569684535
214.06967722339715,85.9111216984959
214.31509229915468,85.86348540093485
214.54291438730547,85.8413899737334
214.62644783598478,85.83321463979931
214.70346114991762,85.83729353598
214.71275038630753,85.8244953652426
214.66975984248077,85.77934180643416
214.59193143569462,85.69204851106545
214.54957578175967,85.6592012595715
214.52582835521957,85.6439630252443
214.45407315575972,85.62601822020869
214.23717680857052,85.59433751991284
213.3836283737421,85.6247400538126
212.70847876191183,85.63772783559882
211.9667041002423,85.66542968545022
210.89948631748206,85.6709665993471
210.35997276476758,85.69328834470573
209.7060607746397,85.75095267452488
209.24393712497397,85.8116603573354
208.82836579453806,85.84762226024185
207.98509573238888,85.94520699396207
207.221786339174,85.90726009512662
205.74452269017834,85.8403592044399
204.61248151849549,85.8742778267757
203.51104935421853,85.92785276394767
201.75979935837537,85.9798160765641
200.65903945172468,85.96553716054208
199.0462840332937,86.06570061288797
197.82226192356345,86.18967368318559
196.5021947277221,86.33143910744997
194.21650304900785,86.34096524151379
192.711677795378,86.22392923645823
190.8562605217606,86.1039354579086
189.96337542135947,86.16706751375658
189.24393511835348,86.24648014010293
188.4807785455303,86.34040752980472
188.15553157018093,86.327460333885
188.03459718885497,86.32014072063987
187.91416123411474,86.39522481259
187.90629865421224,86.43244720632218
187.92051685663543,86.44949258705249
187.97286327774515,86.36551338112186
187.99834904442739,86.28641726660234
188.00018721627737,86.24244028453876
187.96814143526726,86.24776446541716
187.91123821538108,86.25176426974178
187.89702571526303,86.24230314378453
187.8980531411759,86.2453442206495
187.89262759720523,86.33213803366037
187.84153154956945,86.45448455947835
187.6967096283697,86.54935439992867
187.62822105530336,86.54738222268128
187.58728942471367,86.54868793609174
187.54903924124616,86.59813067828574
187.53757935447857,86.64750096942797
187.52366510072258,86.65714492875586
187.5256822669942,86.61880174288217
187.54704159014622,86.57550022300353
187.6044169082907,86.59956403730219
187.65818443553104,86.6241894905517
187.71697926566566,86.61567920025374
187.75308918482733,86.55342818648894
187.7814167391518,86.49318892934599
187.80713368095448,86.48787407077165
187.81562779665387,86.5149215317055
187.8102657432824,86.52952510712306
187.82668541015457,86.51186972124972
187.86161919449947,86.51721149384039
187.89547866670648,86.58400332470943
187.8876347203082,86.63857096063897
187.87476752039487,86.64204067995587
187.89512849197624,86.5986789035154
187.92339123268468,86.59302573047157
187.9366870714346,86.64656893031378
187.90982889963323,86.67977374632989
187.88245941508157,86.68161267338982
187.87892681572077,86.65570446776138
187.91582010443773,86.6442679111534
187.97610592304747,86.65409940468987
188.00254045885055,86.62315702874088
188.0456917332098,86.52614453535801
188.101265492023,86.43455996815538
188.1228822026562,86.41333022969907
188.10535952911764,86.42784103467817
188.07820588527318,86.43606415076563
188.0601543091227,86.44429002516932
188.06494570157227,86.48208442728263
188.0752194630872,86.52818504138628
188.0806457950467,86.52482598684497
188.09342726637914,86.4949723947961
188.11505685446795,86.46634986230664
188.15780891716025,86.4516504084926
188.18500813229159,86.43639299669503
188.20836831969086,86.42017896447868
188.2161481924481,86.41598132242825
188.221610379247,86.41593241813132
188.22415705007998,86.43057427888097
188.22215112163067,86.42549207299926
188.22970476028362,86.43444451350419
188.23427645424388,86.43437621066113
188.22760189018288,86.4427343623241
188.21768026383057,86.432575658859
188.2210311833166,86.41505310351016
188.23212510091287,86.40868501037399
188.22488015719492,86.41113417730058
188.20494423968236,86.42548358630829
188.17866854061435,86.42595188955771
188.1806510479814,86.4352501737648
188.1922510257374,86.43071533009507
188.21697983495815,86.4442831874337
188.21914720927774,86.44294441991042
188.2142318766033,86.42608863407152
188.21949828412468,86.41518035070993
188.23801389844965,86.40825496509791
188.27007764277528,86.37929339827478
188.2810447917405,86.36253803740715
188.2911028679917,86.34207668565406
188.28170722096334,86.33440832055636
188.2732624341226,86.31431621036
188.2826480226477,86.29782654570955
188.30000282877688,86.30976853573017
188.32484721252308,86.32486502826296
188.33451681336243,86.30295444412172
188.34767685979708,86.27359238089987
188.40381050368578,86.26649164052905
188.43829050878009,86.2762311458233
188.4836751811045,86.29856899975857
188.49961320836684,86.30082186819328
188.51503738289966,86.29321228297329
188.5536075220428,86.27923173630445
188.58861814111663,86.27175616656018
188.63775135211506,86.26432522896764
188.66279418878904,86.25504018900084
188.683939241482,86.25920119554542
188.69992562512172,86.27257839787175
188.71301257778347,86.27976777261331
188.74899161671163,86.28942095194367
188.76673073061502,86.29339120363805
188.78437189978973,86.28908408094965
188.80992047565243,86.28103761662554
188.8260426175164,86.2712124106878
188.85996561361148,86.2565640840464
188.88112435976657,86.25609103391041
188.89979232878318,86.27345760477684
188.92629071620615,86.25506183271072
188.92427218400314,86.25039900694837
188.91737958492118,86.25177307816574
188.9049405042863,86.2683854477498
188.90920063789233,86.28683456498267
188.90071561612174,86.28183807501951
188.9016736691642,86.2733771211719
188.90211297189126,86.26740194684987
188.91799187346146,86.26025175742531
188.93228955767862,86.24003653197161
188.9632195336922,86.22852791840369
188.97809226207303,86.22988786141575
188.98929272701548,86.23838593228865
188.9993007035506,86.24766760611695
188.9959529402599,86.24073611074655
188.98666585968098,86.2163581827531
188.98780357401066,86.19554023616308
188.99064599929767,86.1809068154599
188.99577400227463,86.18079792578206
188.99211068133235,86.18698347904524
189.00095129153948,86.16421092463776
189.00102150253255,86.16204074064774
189.0096277862941,86.15975494989196
189.01569707636523,86.17411034909894
189.012445518819,86.17267220423479
189.02056433461482,86.16045269784902
189.0361175096785,86.14547058152334
189.06179485236254,86.14003019560238
189.11382395523597,86.09671482877769
189.15061335438608,86.05838226416643
189.20687980794366,86.0129671638927
189.24100937428878,85.9914968197515
189.26886084239683,85.97955516132448
189.2873907437109,85.9738420816184
189.28900868307494,85.971243772162
189.28895956099674,85.965044511743
189.29556615461615,85.96509479784226
189.309773075042,85.96161960114624
189.35405556564467,85.94032793203708
189.38511105923595,85.92077438085984
189.420503605387,85.89162132037463
189.47828071866508,85.8812303842637
189.5155249925611,85.89088726608743
189.5727735055771,85.87002883422514
189.58998977079793,85.84936560680899
189.61037164387966,85.83400506854416
189.6335670451793,85.8185465794945
189.6562682854494,85.80682600714024
189.68294954220758,85.79187296733977
189.69448854556583,85.78159096138617
189.70153426486834,85.76856748839731
189.7009559788522,85.76056857263741
189.69704392031525,85.76246262793742
189.70767304383384,85.77131843767208
189.71629882007792,85.7800197931571
189.71792782377264,85.78626346362074
189.72372080517627,85.79556408944904
189.7304269745633,85.80664667153944
189.72853971484068,85.81484031611605
189.74604443039226,85.77755170162361
189.76136788610665,85.76073853025983
189.7798319741079,85.74239779226816
189.7786298153762,85.75929204070084
189.76020336892591,85.79167121184888
189.74356986755828,85.81080236688558
189.73930724404957,85.821218440752
189.7568460823891,85.8457825350517
189.75832698932805,85.86756298712776
189.75999614298297,85.87147881879228
189.7406268507068,85.87119796483913
189.72370914284954,85.87872264254392
189.71186897923778,85.88293104909047
189.71073493470277,85.88590505127033
189.69934644403415,85.89597044808295
189.6763584024058,85.89799474005306
189.6558099413295,85.88699412518451
189.6546450457101,85.88844210056057
189.66411461139873,85.89496378710595
189.65503585890437,85.90016218265775
189.65426465467544,85.88867792506734
189.64976089408643,85.88758762965297
189.6523245059636,85.87994411479481
189.649153060293,85.88919542588786
189.64542328123125,85.9055854234756
189.64850148151572,85.91477465724435
189.64714076570962,85.92066822494124
189.66624630104738,85.93584949115775
189.67565452283776,85.95212711379976
189.68450122799806,85.95396841972317
189.68289411077544,85.93556471205409
189.6844851455311,85.92364197491653
189.69482158799855,85.90609110115733
189.69900173125328,85.90070852675811
189.69011107564646,85.89689102459204
189.6655137393267,85.89345655826818
189.6506150608852,85.89122008683132
189.65074039093383,85.89221502779047
189.6668788018198,85.87956017743214
189.67888897713547,85.87387651233648
189.69585972260722,85.86580449435255
189.69013545202125,85.86528507131017
189.68609565861726,85.8655483695844
189.69550417994998,85.85525521170632
189.69609879004938,85.86045067600605
189.6942042369178,85.87332789476253
189.69430731649422,85.8926419554141
189.6918234198913,85.8936695390508
189.70721908690902,85.88261226278733
189.7277876229941,85.87486398214371
189.75636010674927,85.8692910887662
189.76574954239945,85.85633449927218
189.76889492811605,85.83899718424956
189.78991388855465,85.81843194777686
189.81956740323727,85.80753209629138
189.86761466733037,85.78899087492411
189.89072320433215,85.77867956643064
189.90374199335093,85.7773643205609
189.90384011712888,85.76885089101572
189.89746142635335,85.76290877909722
189.90718121256594,85.75086765422293
189.92871083235377,85.75038986508426
189.93903010339068,85.74646872679922
189.94355655551482,85.74048735385307
189.9428713771746,85.73330158425937
189.95838242454235,85.71580263117924
189.9679573259433,85.71266320901937
189.98024000233545,85.71746987094886
190.012485222964,85.6868670963383
190.01815157399128,85.66756986766268
190.0232201512754,85.66818493209752
190.02433818433295,85.68634852855577
190.02974520245814,85.70049671064908
190.05728395272266,85.70923688881464
190.07880892439036,85.71689657659832
190.11104639948894,85.7226902006314
190.12297098808804,85.72387180802018
190.11767187275527,85.71604967826764
190.105642759351,85.699291600056
190.10501313219112,85.69291088908855
190.12274288155768,85.69026535709811
190.134906121517,85.7015026297374
190.11774665801417,85.71050360489556
190.07070464396085,85.72485867490964
190.05800477837693,85.73042274509234
190.04939838243024,85.72473685218779
190.06619770047666,85.71824697862552
190.0841441925006,85.71286337071929
190.0974377747135,85.705000100225
190.0970691502266,85.72017093993318
190.07494998522898,85.74485856905575
190.04085861310995,85.78139354024651
190.02687761504203,85.75979112897258
190.0409635482102,85.74160864317872
190.0698629664961,85.73300415586904
190.08597576078282,85.73641424111983
190.0866929086783,85.73578691399015
190.0765648745668,85.74399171322997
190.05483450348828,85.76536565490164
190.04381658456094,85.78419324844164
190.0426571311239,85.79465248195253
