180.9101894402989,97.64990242548423
180.25394873926885,97.65411341535426
180.29499480572773,97.21012543537022
181.07048266589533,96.02101386233693
181.54965130560294,95.50401656571857
182.07507043145105,95.02700203973234
181.96095683677976,94.59510794471349
181.74598505000586,94.45986366953144
181.11721381617934,94.87011221167432
180.68222977898836,95.80116227321038
180.21968008985405,97.83088995871846
179.98900479525582,98.93349923493442
179.64933739679967,100.02596471342294
179.00208950468237,102.10866988899161
178.6085781640484,103.61235389640808
178.52826754886226,106.17129633245366
179.07248408279398,108.07367554314186
179.97377764150943,110.17670318792915
181.66880822735988,113.29564295713305
182.4403810778471,115.14562135737503
183.03085639152926,116.0582606698027
184.05332632133812,116.83985343176509
184.73644437929633,117.42164457778509
185.79815964531423,118.18742887434276
186.63622998575494,118.51231341612882
187.6095233211293,118.84527673668049
188.46885716452084,119.31230866201412
189.7359081212805,120.06622214612976
190.91803938576393,120.82159279914183
191.70379927756255,121.25199515448058
192.5617162359181,121.45890230422745
194.02403489521043,121.88065856612411
195.43244199060013,122.15184426599086
197.85939379035932,122.76249295888485
200.48676880671235,122.92941129905884
203.5329747898097,123.29549535601825
207.68297471344792,124.13721955786804
210.08912229975655,124.47587327700131
213.4915869397174,124.46912863504534
215.6562924810259,124.61642108098712
217.76745615280282,124.6377499396294
221.1381142607087,123.46603257233997
223.51107319144774,122.23040512792755
226.75803924070433,121.18169002995477
228.97186949908388,120.16086142545844
230.92022968053064,119.35532838331552
233.70619749614127,117.60187568428866
235.82893697963218,115.17167436877563
239.01324842823104,111.38804854605237
240.8841989925837,109.11150191683625
242.46625254256278,107.08915878898986
244.27523157067014,104.48140901501496
245.1507848407788,103.2918620641874
246.0363663482416,102.37109222058129
247.5141947236342,101.33150115767627
248.40376659738004,100.93680104638618
249.28284547619148,100.44391156022361
249.54261830213932,100.32985143015215
250.00248611509375,99.89343854477269
250.68065767478512,99.80974264273411
251.35958492971196,99.77702207122317
252.4729788390729,99.62904246118406
253.20528753471848,99.54847182877225
253.88834503784446,99.3740935449314
254.77832959189067,99.36365701263861
255.37493499159402,99.36096292589559
256.4202966056936,99.55720443271078
257.3949323273239,99.65195425330253
258.6432572405232,99.93693035659746
260.8199940376971,100.22221379038571
262.27228363411774,100.47162656261914
264.22571252159224,100.67740110509564
265.4065061011676,100.84702896560489
266.5228517040237,100.73459632117647
268.1697757149033,100.84461864222597
269.34312713880223,100.97658404241439
271.0458892013782,101.33894597537193
272.14112849494745,101.38773165320475
272.97122898535315,101.64861803460225
274.49667890602444,101.97523481842606
275.5629720537921,102.38827122927877
277.38821915737435,102.6758000021602
278.47009525315536,102.51090427256011
279.40131672907046,102.12918400600368
280.4998244088158,101.59765234512082
280.9798181424009,101.20539025719803
281.40935903283366,100.64307933163568
281.5814869832801,100.48649935694739
281.92246309098016,100.39371075627794
282.3961813135191,100.51311581951279
282.69977862697414,100.47637047222274
282.84337389859047,100.4431615568082
283.071019192764,100.16701904149238
283.0814143729166,100.03683986593546
283.0444072999381,99.89501049115293
283.0476152969356,99.78584847356669
283.0689664740601,99.75455047283842
283.1180197520604,99.69455137577387
283.0976179448029,99.6392459548112
282.9212017226785,99.59832514086256
282.6490643300019,99.63236397762192
282.305741278311,99.66053631888293
281.5914427088145,99.66088595594958
281.08196032032885,99.64239985462335
280.2035830317753,99.69583328799612
279.50852475459703,99.79773044871625
278.62152567792936,100.06806288763049
276.3141802980256,100.37328115924961
274.0169948177395,100.37095600507291
269.6173960250041,100.88990383658667
265.3411380504863,100.62346986874442
260.60604423334166,100.24254045938495
253.40621204887492,99.39883002926561
248.2935127620191,99.06987673398109
240.06293892869482,98.930329310123
233.79205430632697,98.6728770491318
226.89909948135445,98.13201691341739
216.03300821660918,96.73068484331927
209.21100094617887,95.42145837294471
202.9016833145531,94.25385245271424
194.72605216857013,93.10870087054934
189.88918327809938,93.04591730978292
183.0793992536014,92.70062588602927
178.7955877620867,92.74609310459525
174.78637129774665,92.9777972383499
169.2883576710598,93.45739768112223
166.79290660225817,93.44706449299204
164.33465762098575,93.48855845877944
163.10386003322665,93.71686785508656
162.0954289615026,94.0576059777018
160.5455826767348,94.43259534874576
159.40917079059147,94.67971144595045
157.27198737586454,95.35188310143005
155.49492432002225,95.84098973924327
153.84272102141543,96.23732219038942
151.25321571716657,96.48566731839591
149.4185863695858,96.78305129142387
146.51872962019783,97.61367476974091
144.69151691545693,98.16413917673013
142.9516329400236,98.58726737202976
140.0217191732333,98.98661178472642
137.79677187537374,99.3436846236695
133.54684162368957,100.09707497038917
130.86393477247546,100.56802457910098
128.47441372901932,101.08207458919209
125.49834924957239,101.5154873662
123.827031608006,101.68119571742916
122.0650643582243,102.08085395091315
121.20959501666945,102.17010121621969
120.60962172177197,102.06387052605729
119.77155378053475,100.98228350673531
118.64240492638696,99.78502936433651
115.64843938777639,96.90728221728055
112.76548384328503,94.07032311611832
109.80092275712454,91.9803682550788
106.16515559012778,90.57662099409039
104.3695186222497,89.91754568399712
101.76539841638795,89.18422612645547
100.33022475437673,89.15270805400172
99.21096669245642,89.4634511615038
98.03779100044284,90.21834649362837
97.57649911922329,90.9290033602985
97.28442570189098,91.44313299413386
97.036586564659,92.03754375651269
96.95043659276793,92.30083415895962
97.00531189431378,92.7660603537204
97.20528625422392,93.12993283016823
97.67601157327832,93.25502199599784
98.42271727222355,93.58742556206256
99.07081690139523,93.68985537102023
100.05655206399227,93.7453175109571
100.50527571146743,93.55521696783556
100.91922996518457,93.5547548027976
101.30168284863751,93.5415989468273
101.65180690534586,93.62456935774233
101.96423298677257,93.83756837582744
102.24081994619493,93.93806649696967
102.54103832413207,93.98631807902146
102.8638839788165,94.04994876817258
103.08682436989481,94.0538912169811
103.43295376829325,94.01990349817548
103.64903702339772,94.06724609230525
103.85923177638247,94.11597217109116
104.23800046844708,94.16947896685092
104.43228016702689,94.23583083755248
104.73775961761811,94.34379443207466
104.9305288212601,94.44627703779825
105.12866548321362,94.56002451955459
105.3201629107724,94.692416446279
105.38027892549003,94.79668956972664
105.44044136984257,94.93749155378163
105.45624239017643,95.00424697372709
105.46768096829983,95.06136546290963
105.54079629416408,95.15724850712537
105.64565127198038,95.21451792020935
105.76982464542976,95.25899276711935
106.02764091389935,95.30092237330476
106.19949044982918,95.30167216969905
106.47369451330496,95.26194379482608
106.64429591510911,95.26855382473694
106.85348956815928,95.30050316708956
107.10744795308494,95.31967754958029
107.23104807309295,95.34631830509211
107.53219937643553,95.42142555148715
107.67556028654121,95.4796632516253
107.87922025018065,95.54549878469088
108.16253992320793,95.67369980981226
108.43595870906437,95.8260377012996
109.25356352681976,96.05857469673255
109.87539384093378,96.14572658244477
110.51158098197392,96.23965545065842
111.39213272442818,96.42504213659764
111.9250773622019,96.51421883716696
112.96999759368033,96.7887756383278
114.13304832217784,97.19599205195743
115.72241380369388,97.76833899506777
119.13523851868317,98.86161646011892
121.9809492476615,99.66649541599205
126.37320668976899,101.0336615632811
129.11658841223127,101.60166949471709
131.99121926676318,102.20549365625897
135.96099392451498,102.85177635140724
138.46292815148695,103.2997770393041
141.2888899326031,103.68526182003028
142.91239656601465,103.93996005802293
144.47940836976161,104.26729178333906
147.02735786119342,104.84431925901404
148.83399063956287,105.21403674570755
150.66797033235864,105.58844931608836
153.6677976188247,106.24565628571274
155.66379111244163,106.80997907614014
158.24174858456828,107.76471519420838
159.58912697114656,108.54910979473183
160.60292275820402,109.50056969062396
161.47838055108411,110.82023757544749
161.70982502893173,111.58869299047446
161.79174862892674,112.64876011476397
161.77355453508244,113.54399374155078
161.85840620494977,114.47538607313663
162.04918271414968,115.76115303030862
162.34275450561225,116.33318345898515
162.80954198274247,116.98672766675948
163.03696624131516,117.45384453131007
163.20291598143956,117.77534934437546
163.18147813413526,118.08834555312849
163.1192608468378,118.14185630543685
163.02286331920354,118.21506039105795
162.96295359117914,118.25335327162684
162.9494303802589,118.20797408680569
163.08729173772198,118.1490027321559
163.25513851950558,118.11170584686872
163.55981940432565,118.11787955007554
163.7680239342645,118.13498603446288
163.9241603398674,118.1435837972534
164.0823345892158,118.12053868375745
164.1507434221415,118.10128398905638
164.25349813331997,118.04016490698169
164.30709848333592,118.02456053366996
164.36754538799843,117.98909461213724
164.5313535418315,117.97335942992527
164.7091235592912,117.95621729123378
164.98388038551872,117.93191020811378
165.17493768924462,117.90538033975393
165.37982260553844,117.87654059015226
165.65977002184496,117.79569364798431
165.7886467200055,117.75792923280324
165.87138340893395,117.74572554557594
165.96366021006816,117.6627640913205
166.0225595220934,117.5815302281179
166.229285347142,117.41664666808407
166.5197720447211,117.24741610183848
166.92403106833729,117.0837578627563
167.70621542641186,116.68724532392775
168.41411803561195,116.29849230639556
169.87199544870893,114.81083364048303
171.0095333608429,113.08047899613778
172.01027381145084,111.37076768545514
173.32759315189784,109.01816086212474
173.9802125419633,107.7465159399051
174.82193794692708,106.15955234462066
175.3287551553989,105.36681481712033
175.83560181435976,104.65863605211787
176.60893929620607,103.7134960810121
177.1531005649952,103.24068493878373
177.96786153737054,102.66723971207
178.45611054094752,102.40847610274875
178.85783834739368,102.22208700657777
179.27671131050056,102.17131733793288
179.54554538574675,102.28738070853674
179.9357154569834,102.59737397501169
180.0928919044511,102.65645546160351
180.2613886862377,102.54395588430276
180.38383393533368,102.53349470617312
180.4854538054117,102.57897834641422
180.6564505065052,102.7280002629396
180.77124781928217,102.85720563180757
180.87605209290618,102.94517072448254
181.0764951207591,103.09184697408271
181.18348318077506,103.15226590958127
181.2564869812353,103.2239064307936
181.30001131067812,103.27155791214302
181.30665928010666,103.27173565436537
181.2478268264406,103.24204846403107
181.18105433501708,103.21795471424034
181.0916110394832,103.20848224205143
180.95443861644245,103.20702322152731
180.87285567196517,103.21384347752566
180.73004918414335,103.18513997178727
180.64425896904848,103.18274716464487
180.57297149935883,103.18536312647258
180.47059735067722,103.1627894016267
180.4357303088274,103.16294281233684
180.3202140075372,103.18967820031403
180.22232676934087,103.1822076237537
180.13536941382264,103.18057044853491
180.04162699322234,103.19031934151917
179.9997857380149,103.19815147238181
179.9456075206989,103.214846078094
179.9190180213146,103.2312419369082
179.89625050716356,103.25363014884893
179.85668386994936,103.32616492832125
179.83562468488444,103.37745109584392
179.80125812112664,103.46663164434051
179.79483142054784,103.52663736869329
179.78030247558,103.58292034217108
179.78043974807898,103.6663788725507
179.7825087025905,103.71048485748851
179.79836830817803,103.75287692260486
179.8257472670641,103.81313183191772
179.85129168360157,103.8546683628715
179.8816539563988,103.90456913683748
179.8986141779972,103.93876644295139
179.90116165973046,103.99437443083625
179.90139084712678,104.02665943771137
179.9044905441489,104.07545715888787
179.9169392712926,104.12204987536649
179.94400829891836,104.14976180819792
179.97665943288698,104.18008456892603
180.02072264735676,104.20961844469251
180.05235723809153,104.23535548167202
180.0829011491423,104.27939304989141
180.10598593503525,104.29418779791416
180.15836710749343,104.28955702226494
180.36606907437434,104.22447262769
180.5745496889966,104.13992820208584
181.0349417901728,103.98831181079598
181.36639944440566,103.8271968647887
181.7186739696263,103.65132401469509
182.28279175198455,103.2325644493782
182.6762717031773,102.91039718153604
183.55768463242956,102.1152923745695
184.4059084097589,101.5359985477774
185.39515320142047,100.90185702168121
187.12468357124652,100.16844643182412
188.35456871334634,99.78178474147036
190.26174700494747,99.27805253942573
191.56375970157956,99.02293300252964
192.97083089252752,98.78841249178228
195.44859600478844,98.48816390504646
197.33630289151785,98.47815785639973
200.3560972389612,98.33095682696278
202.58295617469435,97.98992695972147
204.8665792321465,97.6905686227183
208.00734052164893,97.77861916053196
209.9983154321017,98.23791602115811
212.68120638155978,99.17896068652612
214.1699023966131,99.94498938820077
215.23221076311842,100.76247747875426
216.0189280045392,102.13564225019293
216.14893387359842,102.8732307575356
216.01662517852776,103.66735477649435
215.52590193028027,104.52535531799037
215.12701148631135,105.04487817241105
214.68544186899166,105.73223755095191
214.96355810651266,105.94767899661056
215.48630440504485,106.43635390893752
215.91279189750475,107.95214165481815
216.17119012883256,108.54989976223993
216.32312544252594,109.52958662318389
216.4869975575857,110.0653393629214
216.44660243189844,110.34386622107412
216.18956552273795,110.70542468872654
216.1995756733614,110.97049082519985
216.4154955673696,111.32605886715577
216.69225442536046,111.28136647274887
217.2318431581018,111.31808920711362
218.11660545778565,111.1543389598331
218.89495495616694,110.95636333626226
220.190313486322,110.8703894534957
221.08601753506449,110.79503645883884
221.89920734625812,110.80450305540285
223.04473571084344,110.66957339423382
223.8503999836408,110.47551179656509
225.76070422365183,109.59277517014371
227.9682607001146,108.65920794135971
230.44191717648818,108.02753700772914
233.12573329109665,107.74169297627782
233.9040164816453,107.59846859227441
234.31075301212448,107.18530481886259
234.6245917997195,106.73571935348214
235.20720977391437,106.12511222993668
236.23899494140773,105.30989259337001
236.77107144917198,104.85323246532295
237.2089932423962,104.04227233491622
237.4827161243992,103.39845739712382
237.768776208151,102.85927946119871
238.62125258205,101.98080648135951
239.3250584356426,101.63371130512971
239.95565011611916,101.26243584420475
240.81743087827698,100.7892832666287
241.26618346470445,100.45255701384376
241.54177261755365,100.22146782420282
241.4758335754683,99.95370487725971
241.46686751019317,99.33586269644034
241.80157452798508,98.31435525406935
241.9755393541937,97.93929346801839
241.71349715242724,97.43322492250428
241.44693063813293,96.9717763134927
241.09358917760602,96.52502410555886
240.6286863284314,96.019327877703
240.2572749083459,95.90902463796758
239.51624243179617,95.94934970690203
238.57100358353023,95.77826953927244
236.92286405477768,95.25318206444625
234.24079828452196,95.31760467518947
233.04001344882104,95.79984488069125
231.59807856654922,96.88973827342869
230.81182767215097,97.18892675789563
229.98792742040368,96.81951048290725
228.81338279235854,95.82963853025083
228.1559607705888,95.32951423674426
227.37529116704945,95.20767519198695
226.70230034577156,95.45350643902513
225.64150009648654,95.49336792093779
223.11567868475998,95.3205011329061
220.35408838144474,95.03342610643905
215.25848494969242,94.29854398246479
211.4820716900919,93.67566171807957
207.31824447285143,92.8567329004672
200.91714062059313,92.48146165486034
196.60677397739173,92.3104710217755
191.7960434594646,92.1215113898647
184.6214689925659,91.7243854349665
180.0972216835168,91.53466895797992
174.45954137112497,91.8699282396721
171.8724303920358,92.09963616222133
169.83090344660215,92.2321668632313
167.94818332669053,92.17579828913125
167.26219694891574,92.17721595231268
166.62805711837353,92.35464521435372
166.38215501015551,92.85263068711586
166.30710748937952,93.76169743575198
166.67019587208776,94.84189777691725
166.9108451672967,95.19019974525095
167.08939896460683,95.19479419365135
167.2347959593057,95.2951302803123
167.4912878672872,95.63609139004562
168.03270824302447,96.40527311418506
168.49521943297765,96.98894338020276
169.4265758596476,97.95903093180101
170.09133174755488,98.63868125837668
170.5684416484796,99.07313362255584
171.21496447883416,99.14955919512192
171.767627184967,99.04953997869012
172.66180552152827,98.78104261650786
173.08873106577647,98.57616884487342
173.4317549458357,98.40089681723138
173.60909967792355,98.39789422153547
173.67666140254673,98.35864617408441
173.95674131820815,98.00745970476945
174.32320557831218,97.61195152457294
174.71429797769758,97.17455665570927
175.2564988264364,96.81105862605379
175.4796348091428,96.79371859100573
175.62848043207794,96.92010197915324
175.85200657409624,97.3600882641035
175.85648554841646,97.59110516979007
175.8979826780768,97.63331328319666
175.89258601796854,97.68174472053343
175.91467772464563,97.69322241431362
175.96375094703168,97.62154038700729
175.98605433489132,97.529020538265
176.05003746297584,97.3419600582284
176.19481424551202,97.26610456818334
176.41569380329716,97.21059270193271
176.68296970163954,97.26379212839846
176.88651633832947,97.3781091017558
177.07598013796047,97.44090492052453
177.14659379483305,97.46528269259899
177.22841232758086,97.45300329020228
177.27591176350978,97.35673192581186
177.27812306515136,97.27518821098705
177.2408007246614,97.15872528373838
177.20203287889095,97.0889083519699
177.16424839313007,96.99460045899676
177.1157088745761,96.93245557666233
177.0991754312633,96.92199220290112
177.08646795424448,96.89096579917924
177.0967766407112,96.92896541456653
177.10696462240557,96.94360000799401
177.1325648898674,96.92711752689932
177.15129403189184,96.89191139434308
177.24793773514568,96.60133855485132
177.41441357088155,96.10064588789382
177.61227590031618,95.56561327894455
178.01256751304294,94.70743600357459
178.32238705858836,94.10009159770459
178.8357995553285,93.26664243549762
179.12374584054987,92.69131503735048
179.33717764250608,92.16502399885421
179.59897699374304,91.53544374056519
179.80071971495087,91.210717850678
180.04009155147853,90.95611336047521
180.33791052289766,90.5664724616288
180.47357546115757,90.28380544510556
180.63407870187555,89.97883715272766
180.76542355603306,89.8559984901635
180.85877133874732,89.73632429402868
181.00971985368736,89.63863273874983
181.07261335587017,89.62163286733411
181.22861496754822,89.75928106862649
181.31190258056677,89.96654913563731
181.37887186778087,90.13901567951993
181.552029854788,90.37628459524045
181.65734539212283,90.61483606552392
181.7152312220627,90.79571206206685
181.70211192652357,90.88394123232457
181.6666609731179,90.95479768877753
181.56306653512667,91.07420540474966
181.49626299266797,91.15278265882553
181.43302302915743,91.25630997016437
181.40707353133732,91.32262007992031
181.39916046635878,91.39525319592128
181.4035560187918,91.48033660837216
181.3789300359803,91.53696393204021
181.27873915509625,91.58317820056739
181.21267299947647,91.60249887474474
181.16152244632556,91.64852102968669
181.12930094592627,91.77903756107452
181.1443996600399,91.8831311579087
181.15743615312223,92.0653612894822
181.1760762132099,92.18772206780868
181.16055192738875,92.28737107563414
181.14273017665923,92.47149899241705
181.1306119945249,92.58623462777707
181.12315515982445,92.70913843048072
181.14845860641458,92.91446848485327
181.19153028039477,93.04143140977806
181.23743753401953,93.17596283697536
181.26823612413574,93.27421996387795
181.26183885369107,93.3625229260061
181.21576758594136,93.53240554032153
181.16550514245125,93.6956889035691
181.06106618456312,94.0438626574414
181.01920706711203,94.30593006117473
180.9600540421845,94.62020152896984
180.83502361061943,95.11002296080177
180.68618103382013,95.41892950772633
180.4640622034172,95.91501927261203
180.27488916924173,96.29633613173161
180.09716571150355,96.74546580339917
180.01744186375822,97.55941307356423
180.00484009577468,98.30012154185053
180.11313658878655,99.73396740230376
180.14919750561188,100.78375500765465
180.14260724334483,101.78526943807094
180.00760635561608,103.23568495457444
179.92798171763215,104.23798583877785
179.83482248820584,105.64896595636084
179.86787230989427,106.67709737909931
179.9324267378724,107.89707988736643
180.19357123459827,109.72468351015287
180.41912018626923,110.76773809914793
180.71926142899144,112.12443587052505
180.84181483392956,112.86349428470454
180.96569870250215,113.5113500589706
181.03539128654097,114.21670875492627
181.0559296161937,114.65127966997471
181.04582707482516,114.91237211237737
181.02218713986568,114.95525664359948
181.02241171481597,115.01066692494868
181.05441972898072,115.0669000198148
181.0911629215484,115.06269842788501
181.1194906984326,114.98750200397242
181.1312245264405,114.84939331999513
181.1178899609862,114.77103922615082
181.0891945421861,114.72058259219514
181.06126533523314,114.71527383822256
181.05164844826422,114.72011448561923
181.05314753851152,114.75388749287998
181.08296404283044,114.7837640441613
181.15837279968798,114.83580553060072
181.20156310014497,114.8893498444849
181.24787833084292,114.9336272382842
181.2886255404532,115.04633161516622
181.30732845558094,115.10635352133683
181.3315215719925,115.19134139977324
181.36475310500768,115.21398843285013
181.40916128183244,115.22949301765502
181.47323808168682,115.2065400118802
181.4886264734125,115.16385821048664
181.45884587328757,115.07811845236992
181.4379336151974,115.0461893620643
181.40977767314587,115.01807680522498
181.35641741775936,115.03513496176822
181.28229131830724,115.03089756960192
180.59268460959902,114.33599241717059
179.8250790088133,113.89431705115058
178.73297732692376,113.06325403204254
176.09881334192403,111.62697719199325
174.20321729476584,110.68037933888778
171.43650900750012,109.46250088061342
169.80791751993291,108.70728522488895
168.3367058505783,108.09893979202191
166.56201079698846,107.34764877647187
165.04854829649943,106.51631040112404
163.27718703101482,105.44411548245085
159.3913070874166,102.65444582709128
156.19137277684555,100.24116405439017
150.732858383751,96.44692668168067
147.22686114987212,94.17697694094093
144.0297485108535,92.41833084818641
139.31044138012837,90.20404635650898
136.1900126527826,88.89863961018614
131.0462621362874,87.46300692909352
127.23347012979576,86.70895514732446
123.67757747549666,86.29357973762934
118.89592468920213,87.46470501840625
116.57239120727253,88.60528233568051
114.22218481251181,89.0604617298047
112.89420869376427,89.20549029448428
111.83070733613846,89.25651650058163
110.74205942696666,89.36487040230756
110.49631584505516,89.67129383387436
110.78451913072475,90.48819383057173
111.31592809493033,91.11656938924457
111.87646556193381,91.75388806873097
112.36450656166306,92.50768394561018
112.15692964253103,92.80125570008832
111.23544542792666,93.40323838292564
110.3664425860463,93.80915303877666
109.4507362468706,94.1660004214916
108.03427653007212,94.73723520490039
107.0415267156631,94.97610334346142
105.50912903886723,95.09787511455112
104.42389996484826,94.91292404504308
103.12578137409461,94.5705032993946
100.72403323218379,93.50001694561631
98.85750179332919,92.82133399183755
96.64924832505321,92.45913388972062
93.21944022829447,92.56671416404161
91.14052029736801,92.93589009032242
88.19033143465552,93.56568595853696
86.32220766644711,93.8290851846914
84.48285824379134,94.11703631041493
81.71536583943227,94.42379817567229
80.04650468405329,94.48611824659628
77.81248045994506,94.52522528500866
76.66012319113644,94.37689304174616
75.74559361387982,94.16501678183849
74.5423736709376,93.68618538102683
73.62487264402809,93.41670722176687
72.21490557953979,93.15429744420389
71.6365274506873,93.15033918717468
71.46865009707898,93.30993137702178
71.67275044180931,93.68324016265379
71.71699224026183,93.8959977335681
71.47603844628888,94.22153931275194
71.23511303836398,94.3184630413302
70.94771197324872,94.43774211375285
70.80550509410749,94.48695554266997
70.7301014544506,94.49534420354486
70.6759674141874,94.49930432755133
70.70183620653614,94.50074792899049
70.76112378558848,94.49068030947404
70.98973661640197,94.4949574509999
71.17192521642494,94.56253257815442
71.47984548670398,94.64028065814273
71.64764247897084,94.68577381025673
71.86589509667304,94.74476348003529
72.273681440818,94.80553784084933
72.67949234680646,94.83011744719637
73.35556289432733,94.68792584044571
73.82899142310252,94.56711339073225
74.34870229081619,94.49030503176111
75.26234746016053,94.41353891327837
75.88835731174099,94.41991258095013
76.54837179765173,94.3479399312014
77.65599953367403,94.31541324848801
78.50281431392892,94.25422689696266
79.95608079422294,94.1028858864982
81.04585402974664,93.8515919710557
82.29586237831873,93.57750984621111
84.79878422931525,93.24831669707694
86.68442851977757,93.06171811082862
89.50374095516898,92.79423988503451
91.33376997310374,92.54184434367367
93.15889795646854,92.32574359213982
96.06001625046046,91.96603737005444
98.1410730761853,91.77190212625283
101.4998150054239,91.61331291339013
103.92654858773238,91.57507417530462
106.3112008476107,91.46692015901554
110.01906220191121,91.47701624461651
112.75077516068508,91.47933980295106
117.36013688988741,91.55668594114002
120.75130469747265,91.79658740858609
124.49495872168265,92.12891091026765
131.10505598666418,92.69147563296858
135.73207950338588,93.02200972729536
142.45390748466474,93.4026713078429
145.85385200024504,93.02744706890822
149.01683066177378,92.63449620140494
154.0263126838103,92.78122279660032
157.36803422823263,93.01913701078398
161.67078736808799,93.17966649599707
164.208198144616,93.36835026283573
166.25756150503233,93.37993361533894
168.88696760841145,93.58020797172217
170.3039099395356,93.93871747252554
171.33361433705625,94.32376031141803
172.59295596837794,94.89464163614313
173.21025358489865,95.17728185823093
173.99895326676503,95.55234837090296
174.39003107285237,95.70269617465985
174.70607118701406,95.83391610085332
175.26081686667516,96.06658230273814
175.6961681780462,96.31860727275304
176.330386963032,96.79856699945951
176.8167730582401,97.11582616014067
177.21428354561505,97.4876995777542
177.78862348497293,98.04377297765339
178.1751632907999,98.45000152495463
178.70831254523813,99.2934264360526
179.08254568248353,100.03786430599338
179.57464801517267,100.96870177224429
180.63640311714298,102.60025949537655
181.45493533029276,103.64025078889662
182.52663207985603,104.77205405624163
183.00232971008901,105.37693899006925
183.31405791673444,105.91123500420781
183.69973788592125,106.61529873258219
183.94031446820233,107.03741334898375
184.46416642310155,107.32393494204625
184.86008462865524,107.58884196819714
185.3741202410561,107.79971131596031
186.28489382296542,108.17219036818335
187.0306330978402,108.4296204930647
188.2645721509095,108.7693760715737
189.3682443156881,108.93459345578387
190.63307825305407,109.34498749494958
193.50571565661045,109.70175520659394
195.65329992514717,110.27413288006645
197.47848766864024,110.75068028299893
199.20060984803163,110.86328718893111
199.79197133086967,110.88115220119991
200.41678389953196,111.03083044981776
200.94189152335295,111.29044000634255
201.69700053346898,111.53409831437473
203.13566436571202,112.22198709291214
204.47932594694106,112.7005671268201
206.6259836984907,113.23900272733856
207.9534174944651,113.23193449738373
209.17973363117932,112.96974772358325
210.80390765660223,112.51782342912779
211.7198740265426,112.35779524591774
213.07366259686543,112.35594400329616
214.01989673097677,112.52524319745243
214.94348069523915,112.73539930345986
216.38615241630427,112.81061925496758
217.2941773839653,112.90246808779773
218.36820120609403,112.43750002158745
218.84722174651336,111.87284920027457
219.2246740168785,111.36205074051044
220.0102115032487,110.65342265530144
220.83768876242473,110.25045037101964
222.33253480543857,109.82760863507973
223.65301627274138,109.58300426813166
225.2364343338563,109.21855800535737
227.59657727347246,108.12039074946
229.00933982602953,107.36952046386631
230.91575938783882,106.15525959459
232.1932461121072,105.25726691646976
233.38421922799625,104.49136766102983
235.1007172618639,103.49897429495243
236.06981290182256,102.93783820605636
237.23458879461018,102.59403440094947
237.87513958502552,102.37433663792748
238.62036036529594,102.02088849197158
239.8370176954665,101.30203902390338
240.60940400049154,100.90692895867527
241.33301963665696,100.50729935480368
242.2999697173203,99.89698464771742
242.66674030015935,99.57977711557562
242.98545951452212,99.06035660465248
242.80928728131818,98.89630600854127
242.52819771415517,98.4221039534538
241.97178318498234,97.83491948214045
241.0098127252072,97.1790926895785
236.7903449593487,95.97173590546906
231.9011214277719,95.37299517491297
225.89652308054036,94.74488979139444
216.15988947454198,93.9418261541991
209.81543217569876,93.44538059372968
200.85708660214345,92.92009674640838
195.58405019713058,92.94147834819918
191.21791036907666,93.09272720170253
185.77669618043666,93.04001475127814
182.5674734708936,93.02618768841168
178.22620322383156,92.7252539742945
175.40452010635522,92.36974389500661
173.09942666907233,92.24114660544446
171.45948925260527,92.507832341364
171.29528447154604,92.55420476429079
171.73228604871463,92.5591649157637
172.29643493058026,92.6924781459775
172.8401448656058,92.817022854961
173.58892776448099,93.14341595045232
174.1289268482201,93.36404302783615
174.76972057170354,93.57694438436553
175.28659322585128,93.75476286239503
176.00646961843125,94.16122217924277
177.37419752931243,94.91947881941985
178.90709878842034,95.65422739749168
180.66314528574335,96.3698455510308
183.67760674140175,97.41717619819167
185.96541707319864,98.17428244670614
190.57086516404755,99.7452792677741
195.00726146431717,101.17842004625004
200.54233439193882,102.88787775383776
209.91205793946642,105.69147139750625
215.8080139175385,106.8211337056049
221.88108506654277,106.6796222528416
225.4402643323471,107.39578941922107
228.63591801833604,108.4210712603724
232.9346400658964,109.6785655751512
235.54331120934822,110.45414735953557
239.10127170167613,111.69337617142224
241.14527385136998,112.20038647196517
243.0082366077007,112.39251011987679
245.5576422541801,112.53163201325165
247.5544949775374,112.63653898137287
251.73433672812055,112.30143024848957
255.235411102493,112.19932334545315
258.60329262644234,112.15085669625023
262.7352894314918,111.90341244760401
264.96616975768296,111.65814810014014
268.0103008830445,111.465767468568
269.94073799864896,111.26277505140936
271.66056042674967,111.1850565393607
273.93844277958203,110.69847839186814
275.27880497332103,110.2764804156935
276.869268969056,109.69585942470165
277.7096946694354,109.23954215316681
278.4384532738916,108.74722476003416
279.4367047344737,108.15000455329726
280.08706235708445,107.86304584047691
280.87655331326107,107.52504269675724
281.3551932495627,107.31642179225803
281.79627084630863,107.05930052222418
282.4169985277831,106.63680999990157
282.8540917221636,106.04452394337741
283.40940998024735,105.51729533212911
284.66332135227026,104.03906226237913
285.7807371910133,102.95243960454371
287.5140327268231,101.7199945230543
288.40417685076113,101.35916412255514
289.36107948795217,100.89324972619079
290.48246157603876,100.70818805216514
291.1182945099863,100.40030472683499
291.9411484204212,99.57080737437515
292.5705471282838,99.04923539403974
293.2406245143493,98.6693933436974
294.2248885963482,98.50979274313352
294.8238413222052,98.56245101480059
295.47467631090547,97.9562281272904
295.7076137755904,97.85251374595337
295.71996788010983,97.82920658539699
295.8951423359615,97.74824019230037
295.97787639249265,97.7321185200899
296.1023797013965,97.6481146154785
296.1811614245831,97.62856554921436
296.30615435743556,97.55571351659374
296.5927856125001,97.39013434769494
297.1110384790961,97.1664137588411
298.06961422237686,96.86407656011653
298.670251831471,96.75030728754341
299.25091340512074,96.60452670768476
299.98589356805235,96.49335758954942
300.77427512037417,96.24190502918093
302.3851522656391,96.05671862029523
303.71836346652924,95.98807235131011
305.1147140457768,96.02422844049953
307.25255713053366,96.2804437225668
308.5776628693834,96.41209924483427
309.774872915919,96.63074209429317
311.47730050807945,96.74638610958104
312.5746974289249,96.91886438309649
314.06006489242077,97.0194878523355
315.05367394928976,97.15180204006604
315.9599598132278,97.06383199875461
317.09317171736564,97.03653244501966
317.7874395333754,96.84743707684035
318.4286223524459,96.89263065885925
318.9341857004456,97.102075945863
319.6065300473126,97.37698935268968
321.0481614547533,97.66091635307299
322.01505634869477,97.64529584486867
322.9535684232093,97.62695462634878
322.9985890512141,97.82650085265652
322.77110347532846,98.25273018110556
322.4641512464651,98.75222877233345
322.63098942881226,98.8108234676227
323.57220677111195,98.21197767757724
324.20342324487535,97.53584135788194
324.80005684441545,96.54992865222266
325.317393552643,95.86384832678736
325.2779825177787,95.83025003911013
324.61166042372616,96.78599226069608
324.2264064664962,97.53151955138532
324.1904434538278,98.0485461332001
324.6770054741628,98.13216231509429
324.97700615965044,98.053969305412
325.2155030372593,98.13797307858687
325.3268893769873,98.37825685622984
325.3583094657398,99.09585239367293
325.5254555114883,99.76017653078065
325.469955845228,100.13765454047262
325.2789420708247,101.08457796870917
325.3115153190729,101.66314946537442
325.7067779173544,102.03970324773326
326.48145500390126,102.0567927340098
327.0645848848891,101.9927112726052
327.88357738465186,101.75339710725632
329.800377672722,101.18993118999386
331.62971686952494,100.57542726612134
334.9113265144991,99.0661713004117
337.2149653714115,97.95913557876078
339.4363460453272,96.76783233994544
342.6424279909578,95.28873807295817
344.52796894389814,94.49355108269593
347.5083527007487,93.28665474024763
349.6600452382506,92.700052764987
351.83688588860844,92.19545002573099
355.14646195822377,91.61443212448327
357.15982456644497,91.41693911310095
359.87712773636594,91.28156549218673
1.4863124507969587,91.1992427159393
2.9039482849370017,91.14816978650886
4.831810584932953,91.17895396950391
5.888886985785035,91.15114974938639
7.143216857640709,91.03295110783249
7.7739002640765875,91.0622163887482
8.511533796276268,90.92218922925336
9.622724034899676,90.89325090787801
10.266499359650624,90.78908120605686
10.820325345146216,90.84899074354414
10.833703834605018,90.92709692787825
10.937655652173362,91.09542348514205
11.36781883435927,91.5252947592542
11.611548583639461,91.7533668289311
11.634827522529434,91.78776922594668
11.613076854592919,91.68409890108778
11.591726166774322,91.35956684694797
11.660206747079371,91.31157653599989
11.660889785536824,91.49918093655975
11.474882358210976,91.89698134503091
10.84779760171051,92.42715980654621
10.499208564252513,92.6046493303401
10.027353827354602,92.90812106284258
9.829471221762958,93.12203382951019
9.538101490568152,93.54374820632417
9.1076083792303,94.0737631246228
8.843488082459231,94.48213882318831
8.48724004771762,95.0876962122668
8.30220447254979,95.54699494038587
8.11710643295018,96.15411810787373
7.630585173978716,97.26542446384276
7.080710701352217,98.20472071555386
5.749620208056825,99.94607934500854
4.680905560738211,101.07472456169135
3.3563671268819917,102.6235022401215
1.6577402628605853,104.44771683657194
0.3763012252438216,105.81604966069158
358.4597236590704,107.30500122202623
356.99977877985145,108.31758441747807
355.51362830879503,109.26154196635743
353.1421310917109,110.4739259155075
351.4554394599537,111.28197594806637
348.5648122575303,112.55545047996932
346.38212376614854,113.07806221879038
343.900364507802,113.76602483056003
340.95443212906895,114.41218663528045
335.5011833182074,115.59488180241944
331.2791520140395,116.1476848707789
324.79052964146445,116.90792251160447
320.7604136120891,117.56783137990763
315.8950753985132,118.79400339584939
312.90960548901273,119.45485428669537
307.86645760849547,120.21560513888146
304.5545455326536,120.44609446090499
301.56373301344826,120.67373747980587
297.0546372001469,121.35701884092286
293.8501706013036,121.84503710855158
290.6597895716856,122.14600872866268
286.0372005686187,122.24918585750196
283.2600530702533,122.05128851612335
279.3587811456468,121.70992169515291
276.89800980001536,121.62189884896246
274.417458579635,121.62930891413224
270.67201659582,121.60318670977
268.21199672960057,120.9152877765297
264.77343296626344,118.8817610901211
262.6620255250662,117.70079167363721
260.6769117277463,116.96511462225403
257.76919802719317,116.44883579545368
255.810270651116,116.42154225158762
252.82074390306093,116.52598684133578
250.89770631507298,116.51385154596053
248.8834638201495,116.69722536980169
246.0153412568681,116.84987775392665
244.40853179796773,116.76470467582112
242.32788476139825,116.52088045445214
241.13221011169225,116.37105430766569
240.03502302747196,116.23252525578408
238.3754796091225,116.33273187771525
237.23191862495898,116.53961066238435
235.33221619407874,116.79154720518711
233.94785947952812,116.83089459085748
232.48739753076552,116.9400137968081
230.23533785411217,117.16506899338557
228.66057585412884,117.3849239943039
225.71458803634332,117.71772182189792
223.46566063934077,117.92887126964762
221.27924441584622,118.27302905151808
218.30908840139995,118.97055370923462
216.7318843952478,119.32733432555011
215.44583097287193,119.60409431484615
213.8582591200918,119.86940265043434
212.92539665420486,119.81607954363734
211.57729043355258,119.70954248417563
210.70128606838597,119.62358721079178
209.88538514071124,119.5371222012083
208.45551643000903,119.54550322632623
207.03104942032638,119.37784698732969
204.75488453415343,119.0191714000245
203.10564216649652,118.74354540833822
201.26287126265422,118.37226254783523
198.02979076105134,117.91869826688628
195.8793215526133,117.82207552209053
193.19792706555452,117.57431050691882
191.6658553120762,117.44039015370585
190.06938834040528,117.63145653142166
186.92970410235196,117.75366770811297
184.18590806449382,117.74996569166386
178.91322336630031,116.94485284032402
175.73422979974544,116.13665290527555
172.9766699005399,115.48842477204097
169.16662677996447,114.59473999089283
166.88705263230509,114.16816865906574
163.932140354632,113.51497729405692
162.14194865439563,113.08281918197684
160.3300231685388,112.5475670438874
157.23870296025436,111.33018100645513
154.64067231880452,109.64090010943755
150.86439962053348,107.08919716644783
148.0952560065263,105.99727100144352
145.38143254290893,104.99213389164294
141.55404091937032,103.97873629592914
139.29390504896503,103.42907798584021
136.0274993813893,102.82365890282615
134.10450069431354,102.49163193975438
132.49379861481322,102.46442462414575
130.77312493082587,102.38795155165957
129.71427601645152,102.54335234184863
128.81346422343108,102.66829997963721
127.6065433821096,103.1923450006869
126.9921388451578,103.5139744162591
126.25956615554122,103.60536636761597
125.85494794731886,103.44010678437664
125.46937031276593,103.13840156245459
125.17219831452701,102.77487841965788
125.06836964277758,102.48454450929628
124.84277105405853,102.23221684373016
124.71991559560851,102.0756653040778
124.67041122048772,101.9128344364491
124.70812530791552,101.72918700704072
124.76157883073559,101.6001040693414
124.93357945523493,101.2564320825145
124.98132937680691,101.10070374484444
125.05633251495428,100.91612521816708
125.15106815392387,100.6407113838142
125.28570529464187,100.41834891326229
125.51413892505542,100.10350860392117
125.7291722607834,99.97917477919896
125.95450956739796,99.80522999774692
126.21812122466795,99.68921483197312
126.33383287974348,99.6427343520251
126.4913148108954,99.5012598400281
126.59068479429641,99.38712853295674
126.67450299039486,99.31008883179642
126.73981080390325,99.35154568752569
126.7645634428971,99.41645332754292
126.75583898830916,99.60340795843973
126.72816272639767,99.70746782009189
126.69164141339775,99.82834951565674
126.6931811826974,99.96384775894222
126.69841346296175,100.05707842198993
126.71691934536938,100.14278101124584
126.7429805559679,100.23180728650162
126.76942518717274,100.28771864660087
126.76824204147249,100.33083467345597
126.7409048947734,100.3692632838304
126.72250541968106,100.40307235735197
126.73599611822581,100.45313169704399
126.78725904675221,100.47663508533198
126.87237029486212,100.48026300997299
126.9505214880219,100.46311735400819
127.01942097673589,100.45814691511244
127.10044435953797,100.45533188838073
127.13483746922282,100.46508995734138
127.17455018269553,100.49022573195231
127.18182623555805,100.51688330658864
127.20543466104735,100.57458901821005
127.26393739368838,100.61793541752901
127.3140074362893,100.64500590823786
127.37141699221436,100.67889256597445
127.38782856743276,100.7118033142097
127.38712281790237,100.75145304134338
127.38654218333221,100.80386631322057
127.38445090101638,100.88237127498836
127.39119162984251,100.95905862372044
127.39609241763955,101.06113962763212
127.40890606576609,101.1224323814651
127.40883684495869,101.21825587173716
127.40509548120595,101.25350697196922
127.41863209017129,101.27972685091052
127.4531732355346,101.31366420761975
127.49666341717986,101.34041025238274
127.57398122626705,101.37098246392337
127.61429387124198,101.39044656856791
127.67140268316734,101.43500054553881
127.9072362168858,101.61520907406751
128.34567186822528,101.74411725923825
129.202535814722,101.94945808905044
129.80654032269402,102.11400205453538
130.79654777030058,102.2086197288861
132.90686570847262,102.5193400472331
135.02130108304914,102.74587615636449
138.5213830811705,103.40328510885234
140.92243520764552,103.76770751211707
143.17629736643593,104.06196422300022
146.14933502438544,104.18220789482328
147.89538910330367,104.17041366414935
149.34133140852563,104.0490028189705
150.98040693082675,103.69465875959412
151.92476333522245,103.59588998894353
153.00761202995466,103.4496663652872
153.59030355783565,103.42522578747
154.23082088889086,103.48027013706205
154.54200967386046,103.5145161968423
155.09422425600803,103.50538061335179
155.70989044573824,103.55231860158891
156.07589002007074,103.56664791468064
156.52654387796102,103.54508797070045
156.89701381253707,103.53538008161267
157.38237064342272,103.61254613440536
158.34034252740364,103.67756103739305
159.26231547030898,103.74585033820195
162.1166805823401,103.80369775351606
164.3138357251982,103.77041056616525
166.25657297481774,103.71523878714993
169.18805513181113,103.58348858354952
171.1594700181246,103.46916676944367
174.12563886041295,102.82574559477602
175.82036643964776,102.51349499943576
177.48561041034208,102.254013071036
179.6792490475735,101.62125459739094
181.1179261562599,101.33328845734849
182.52994293369258,101.06295326657525
184.248902991379,100.52930294607799
185.34801349724947,100.32445225295436
187.24461906058804,100.07548988335935
189.00872678443545,99.81326782859401
190.94172985227777,99.575217238698
193.9882787796645,99.14841332049815
195.9268877970369,98.93395185050773
198.44865759552664,98.66148379357428
199.77432108833534,98.40774943829777
200.84111621365193,98.33454903014899
202.235400284362,98.47973987365914
203.2199354412308,98.6949078992743
204.84798689321508,99.40068513133092
206.0429460054381,99.9166755979268
207.29986811620506,100.41705945192001
209.14423209241284,101.0161896021224
210.37097327334098,101.46454341439355
212.09998864912282,102.23740809752347
213.2344357752095,102.82476289360486
214.37504883181487,103.37083818123952
216.30883665622875,104.2249947532425
217.57869485752084,104.73307143022865
219.30101282598733,105.22098434535738
220.20734418856117,105.54762432910175
220.8889940597477,105.8422368588078
221.56440375906544,106.13590717551986
221.8524981847593,106.33323557920441
222.19233448597424,106.70436194900532
222.38965536431652,107.01906548592959
222.60316082099422,107.32979740260393
222.87424085329152,107.85363284440112
223.0167692243228,108.12891787130994
223.11238422825934,108.34926223318925
223.27060869208725,108.67391728796045
223.37363193586464,108.89198667691105
223.4443477171758,109.1148895997008
223.45497229289916,109.2358536090754
223.42579632547535,109.34560063438947
223.3956189239107,109.5652178186898
223.31741242857805,109.69637931984406
223.21425869211583,109.8983685654246
223.16122083802944,110.05824461160967
223.12957766449247,110.20832736086783
223.06011275535775,110.35971141078167
223.02859611273163,110.38533801919891
223.03177747234824,110.33858151923951
223.07676607556468,110.30122906713027
223.10594275173727,110.2679514376322
223.07993726506584,110.218396813769
223.01462680036713,110.21169453069741
222.86936469574687,110.19718885443544
222.74367468966386,110.16793860847659
222.4752765073927,110.02038606370274
221.94847414018926,109.41746466999001
221.69578762038444,109.01340692828072
221.30579273379084,108.49642314887694
220.91870155433116,108.21374677647543
220.44811691578144,107.9047657088724
219.6699638777526,107.35262629655301
219.04608270401087,106.93521747150321
217.98584762459217,106.16815879242003
217.2842547370033,105.57334858081454
216.5506188919976,104.89141125761894
215.4585690840189,103.9271062234388
214.6688841405476,103.4011218771895
213.4788892595664,102.54813545815203
212.72290210442515,101.97960644027981
212.01370754758972,101.47538136934008
210.95817131263868,100.73489284797759
210.29214544343853,100.261796828326
209.68174017928413,99.78923630929638
208.93912221529882,99.01926555766633
208.46685224454222,98.4704736117882
207.9383167835993,97.58613595736779
207.65559202050022,96.91830452122579
207.30881398666597,96.22774120182758
206.86445939929294,95.20672711703311
206.60622318793915,94.5435860783337
206.22984671642274,93.72340312414079
205.98900419377568,93.20273976098933
205.78953540437553,92.78514895765684
205.5436811472434,92.28649883780952
205.39862928014685,92.008686633192
205.19750382040974,91.65814617771582
205.00764845276416,91.4571926263677
204.79998013082098,91.18676861976799
204.37602974051237,90.80584896015057
204.0093309908818,90.60511609265312
203.3373807062808,90.46795123875323
202.85583710541601,90.48240363958315
202.3725444491816,90.51738052473318
201.6833563506463,90.66306648819851
201.15789554956703,90.75797592831745
200.28297594413723,90.86622151917322
199.59799598861656,90.8726689930508
198.93405843375353,90.86595037142305
197.9146442133897,90.82506338021582
197.18501187236015,90.75232824338423
195.852685431293,90.58168918907417
194.78774727244635,90.52967734583183
193.63849613521364,90.48439409540003
191.8682028761226,90.45880493876786
190.68394976466055,90.45355763991662
189.45697358738454,90.38727845449026
187.63640951056684,90.15617945419154
186.44778674392867,90.01851456355612
184.7911794268874,90.00511613966343
183.74734631016844,90.08940658179463
182.8750672099125,90.1424259332163
181.7678116168307,90.32431553196751
181.19388840923224,90.44663541819989
180.57714702837816,90.65471229869338
180.2002280001843,90.77996756019215
179.9695389863271,90.89558081055705
179.8016298612784,91.00825183416207
179.69749570082223,91.1618250826444
179.60818458781426,91.34915467154369
179.54579629972386,91.48634834157838
179.5204043410385,91.6223627198103
179.46246875652946,91.8859436338323
179.43841059702575,92.0753436828215
179.3713786480824,92.30925851643441
179.3528855326527,92.4624442117091
179.35978471209762,92.60320646970098
179.35584390065924,92.82213097350069
179.35456440929252,92.9958806603827
179.35407072266634,93.21823464226694
179.35807037222358,93.31682714304775
179.37613410023593,93.43881578664993
179.40263477771393,93.54645788924192
179.41832902611358,93.61930588057922
179.45251827698576,93.69454788058577
179.47210015351877,93.73772968365466
179.5023484439572,93.76603741121583
179.56317767583806,93.80645819305364
179.62128895954174,93.84248775508507
179.708193261692,93.89671994766526
179.73452463122499,93.93120470140512
179.75935019821213,93.9771475618301
179.7866089773466,94.08644163051773
179.82566133439846,94.2012234995955
179.89504912809505,94.37167484888106
180.11690719451408,94.77625804181908
180.35312297572835,95.15172745895696
180.72916588268134,95.77575528192244
181.0549922611828,96.35136199827814
181.3230300263526,97.05219019244399
181.776542932021,98.33378353722067
182.19831213484554,99.26794133577758
183.10882966156672,100.38544746590821
183.77205772616674,101.08534508488422
184.4632885125593,101.86524500138687
185.71724608710815,103.00638933866546
186.68529602467117,103.96828509242175
188.28583351632668,105.56322988247736
189.54370344338565,106.80771531994887
190.92559613775495,108.13191870063426
193.011056005365,110.04048122784437
194.17955332314594,111.25423454692692
195.89365060896264,112.74717444461247
197.200676927059,113.56804352903474
198.7354228118479,114.51786479771843
201.24652121668586,116.2112390316762
203.25904586559457,117.21311365808376
206.34917310372876,119.00812909830522
208.3477800622806,120.07488466890746
210.04024820462377,121.03199844270756
212.11650406984762,121.99623718538435
213.1629433001035,122.5671527691697
214.2937874409696,123.26067338730917
214.71076007748985,123.56674572391248
214.9935282003733,123.8599526110458
215.20209226218802,124.19092600826579
215.24677189888746,124.3126211561912
215.27963898842626,124.354585250196
215.1380870988228,124.27796994643758
215.0161125206412,124.10095551844529
215.03303714593255,123.92509941487668
215.108198182482,123.9071290729116
215.24646370328517,123.92274013447427
215.41711638343688,123.91976599306568
215.4524214377294,123.93608678329333
215.4172921468349,123.87479761394161
215.3815358258263,123.86107918449763
215.3087677380544,123.89781905287876
215.23721634684424,123.91870449954067
215.1904473861987,123.973031750397
215.13076010966853,124.04637276731614
215.102318068006,124.07333616413439
215.07600859107063,124.0997580496596
215.05593729663724,124.11768904311785
215.0576737426382,124.12373217130582
215.0449868297393,124.16342901424866
215.01043493328132,124.15564554830121
214.95932979011243,124.14604109161726
214.89633695596703,124.12366604601749
214.8688648801136,124.1186803594543
214.8646567052425,124.1190794139589
214.85843726900285,124.13053212569059
214.83891587201654,124.14356701167213
214.82047051578178,124.12369087932613
214.81089088043166,124.10859017991947
214.79451223034752,124.10519073961719
214.77785303256763,124.10961496575743
214.76209647020636,124.09225756235324
214.74214984777956,124.0759948198549
214.71851965923327,124.05314265258937
214.68929155763482,124.01514207400271
214.64300588981158,123.94784725827336
214.63890495212786,123.9033904238902
214.62241682671134,123.86985846037493
214.61949159699083,123.84496774691766
214.62114151565044,123.82665000545799
214.6206955160208,123.80263790902856
214.6394978766427,123.77276957951972
214.68077651155798,123.75784544599578
214.71822557764412,123.74407897260829
214.7223898296852,123.74430449664597
214.71508402083256,123.73321858000423
214.6831013139959,123.7225908015041
214.65462351592817,123.70593467758547
214.64510076927104,123.71209135082506
214.62862521970516,123.71499058321587
214.62523567753527,123.69446516633016
214.61791672732264,123.69948321968026
214.58386197465515,123.67438729004408
214.56316975543132,123.66334461951189
214.56135590558245,123.6690486342636
214.56960892986626,123.64859024879897
214.57288266855682,123.65828054504576
214.59362838273003,123.64651418086173
214.613683997715,123.60770320412333
214.78003379181158,123.42271472975318
215.92266210639534,122.2439990936351
217.47407805699947,120.80280080321181
220.32902246276493,118.46568788125796
222.53103646482697,116.54705000844766
224.76035904482384,114.50520180002057
227.83229641674006,111.54747050164158
229.4599981786591,109.68926671883435
231.41808582360915,107.07600531014123
232.46702589701255,105.50083646279705
233.3950254469251,103.96412025968793
234.73272174493434,101.41991240691401
235.60454448391684,99.49415136958572
236.37364064509455,97.5081163936411
236.83656925525608,94.33829778491824
236.8215100569587,92.51553696164962
236.53986054306995,90.40656835159966
236.6518045592931,89.27799640753739
237.1209955890454,88.45165532063243
237.96309557202602,87.25366527938903
238.42041586680017,86.72684799201511
238.77561740558812,86.35477379024604
239.05654601572843,86.26314326679194
239.27370362399455,86.19762313263999
239.29255240393817,86.2592769523173
239.35512110429957,86.33116242062458
239.64158617009085,86.43133848261415
239.98031568277418,86.49776991365073
240.38643758223242,86.56685535128506
240.6471941211376,86.73103010152349
240.72432870353583,86.75742836034907
240.8235992324644,86.86976151411129
240.89130165644258,87.01233776030992
240.95717467717412,87.1404273239006
241.02124870095628,87.29799571611986
241.05078862755818,87.34648597706821
241.06324260606976,87.28213795779811
241.0416490889973,87.19750273102288
241.02399992454033,87.08688587097231
241.04957018639723,86.9492563193072
241.07950278733216,86.91300812664801
241.1011988753091,86.9304267335242
241.09429959828947,86.95535572587924
241.06138291856593,87.10588378273144
240.98560756910172,87.31622549433715
240.9430607196089,87.49121305427806
240.88716555777137,87.65514445229542
240.8437123549368,87.81825503048272
240.81882922761264,87.92735991802896
240.77578000013068,88.05117768369297
240.72245990199235,88.10755190032721
240.6211149209248,88.16786664019632
240.39405992110335,88.20859848972488
240.1895133127244,88.2618267699212
239.81076563732466,88.37146703184389
239.56933013997164,88.43629382448529
239.33546542502827,88.49368758849603
239.0666152063868,88.55289911348017
238.87068506448995,88.60631481105325
238.6044139036365,88.68773783263363
238.32031281128766,88.79333475149545
237.86189089915518,88.93849292543914
236.92224980391424,89.18508887281595
236.14277457621984,89.28438380709953
234.50996402179655,89.43083570931279
233.25979054724627,89.55484198423409
231.9052243463999,89.67352513415683
229.57913115065418,89.77046944290527
227.71001402403044,89.72566890239197
224.33013691622432,89.64535848603825
221.6061139431564,89.69068358779633
218.61898234409412,89.82719200923015
213.53844284888555,90.07095560995926
210.0331154798466,90.18851182218314
205.06793739193122,89.78040795120057
202.05226898054937,89.59833395712761
199.20717657123694,89.4423091033524
196.73803737897526,89.39335967418172
192.22838697008748,89.42966632026733
190.25473839193876,89.58336588268999
188.38166418535883,89.740255945239
186.71571275821262,90.05711324507625
184.57063215301335,90.70100098582658
183.35768349504465,91.08841706456208
182.40541637585162,91.54470493060799
181.0095431957762,92.16872747635144
180.16997013608122,92.61413311339196
178.67967646435946,93.2252148698292
177.63591932011383,93.91877499503585
