0,177.125894823,89.1118892257
40,179.646076092,88.8111262432
80,180.449909893,89.0093138232
120,181.009457788,88.8841583626
160,181.947784335,88.647656824
200,182.783926679,88.8274601102
240,184.036848458,88.8941935721
280,184.867349999,88.8960881768
320,185.729243534,89.0875636263
360,187.191629815,89.5436847007
400,188.183242526,90.0105645705
440,189.410352406,90.5512646649
480,190.131280487,90.7207051314
520,190.988290376,91.1499472567
560,192.314731096,91.1166343036
600,192.948067624,91.1046194892
640,193.448780436,91.7860773263
680,193.472301737,91.9350467718
720,193.294955441,91.9580122751
760,192.753968906,92.1994336383
800,192.487271295,92.2504764549
840,192.205850931,92.3685703151
880,192.096828188,92.3933669741
920,192.024490091,92.3784860753
960,191.769509257,92.3691476488
1000,191.29979546,92.3826860837
1040,190.656227274,92.3569653846
1080,190.2958333,92.2007758255
1120,190.054226553,91.9726714155
1160,189.849844921,91.7088597391
1200,189.628689275,91.5112374642
1240,189.331577551,91.254110814
1280,188.772519534,91.3849454057
1320,188.08768395,91.4701380887
1360,187.126548953,91.3551259883
1400,186.554828398,91.2129471704
1440,186.034179228,91.2055165724
1480,185.351628809,90.9905965083
1520,185.008817629,90.9401990402
1560,184.125920447,90.8799682683
1600,183.465986484,90.6806656837
1640,182.837666987,90.4447479689
1680,182.555310799,90.7592567737
1720,182.378666968,90.6374615295
1760,181.716168318,90.6302719476
1800,181.287585699,90.6327145469
1840,180.906629213,90.6618974694
1880,180.552362774,90.8667210794
1920,180.474824064,90.9750220589
1960,180.148511159,90.968848137
2000,179.712568997,90.8966564583
2040,179.316282448,90.7429408091
2080,178.574923676,90.3486725547
2120,178.044723357,90.0043228182
2160,176.854322325,89.3709484072
2200,175.861931393,88.6535939496
2240,174.819904365,87.4034741405
2280,173.365229973,85.3242381606
2320,172.309481007,84.1507417103
2360,170.312566124,83.4336129413
2400,168.4131075,84.1196415593
2440,166.194903984,85.4074633846
2480,163.309233026,87.4092806576
2520,161.802756614,88.3018453242
2560,160.285927388,89.3799506997
2600,159.777819163,89.6622551148
2640,159.636063774,89.6331053642
2680,158.927980881,89.7097408605
2720,157.747610682,90.3838579288
2760,155.635138113,91.6562732073
2800,154.0918696,92.5154205689
2840,152.377286539,93.2502484282
2880,150.080116514,94.0568603744
2920,148.614842971,94.6003028068
2960,147.392419052,95.0691593035
3000,145.929655319,95.9043507176
3040,145.114141529,96.3895967841
3080,144.893018617,95.8848026693
3120,145.140759062,95.8883774689
3160,145.205470028,96.1028635892
3200,145.20674909,96.268708738
3240,144.733720547,95.7162739214
3280,144.712349384,94.3293128985
3320,144.43124946,94.4003748793
3360,144.135394236,94.2087301761
3400,143.260422894,94.4926048708
3440,142.32281864,94.3097322283
3480,141.29638773,93.8663347506
3520,140.738617035,93.7816142103
3560,140.182401778,93.9829279044
3600,140.074690557,93.769582434
3640,140.365069171,93.5604897328
3680,141.434517577,92.3242796266
3720,141.948874599,92.3152538926
3760,142.172884072,92.521993142
3800,142.860437268,92.4857585682
3840,143.517275753,92.0033655094
3880,143.708396347,92.1086150307
3920,143.972060455,92.2313561163
3960,144.479034733,92.9479179208
4000,145.254580015,93.3294336344
4040,145.325161188,94.4702830415
4080,145.385212608,94.3698206956
4120,145.149331261,94.5421549724
4160,144.809720357,94.6077106888
4200,144.852481859,93.7073974167
4240,145.77366706,92.9124075591
4280,147.171337104,92.3966652325
4320,149.662836441,92.5940589933
4360,151.420520967,93.0113459297
4400,154.383907056,93.2452922257
4440,156.562953237,93.543375956
4480,158.833314256,93.8674689105
4520,162.461184442,94.2951582851
4560,164.447460022,94.5882936829
4600,167.316164674,94.5219433029
4640,169.311154489,94.7954752172
4680,171.001477214,95.3495098778
4720,173.037427603,96.1403495325
4760,173.9954089,96.7511330285
4800,174.880483493,97.6375694711
4840,175.309077359,98.1995239925
4880,175.570839708,98.6876031848
4920,175.7869467,99.1632261387
4960,176.326750965,99.1443830511
5000,177.047924842,99.3505078428
5040,177.497487507,99.7912515324
5080,177.571897428,100.558469437
5120,177.430905575,101.166919529
5160,177.269726572,101.252688836
5200,176.717783087,101.523406113
5240,176.301802823,101.604054771
5280,175.982249974,101.504147031
5320,175.832251642,101.246231882
5360,175.798804146,101.122707186
5400,175.991713735,101.259952637
5440,175.992793699,101.191417966
5480,176.098472594,101.039010407
5520,176.225680279,101.066930604
5560,176.592628909,101.045504582
5600,177.583129929,101.089734261
5640,178.414400424,101.241733179
5680,179.347655965,101.433639606
5720,180.243145268,101.489524345
5760,180.793447638,101.595638424
5800,181.437698194,101.785722815
5840,182.698730396,101.994594214
5880,183.761499757,102.278439097
5920,185.64464888,102.984189325
5960,186.888382261,103.675023171
6000,188.165961447,104.321624084
6040,189.92564638,105.201072576
6080,190.993461115,105.887720699
6120,192.664963929,107.138166728
6160,193.976389115,108.301082181
6200,195.602657879,109.769774724
6240,198.490863936,112.773627386
6280,200.817142601,115.028552422
6320,204.339374126,117.812995049
6360,206.514714743,119.219084055
6400,208.628352064,120.408167049
6440,212.141895712,121.73203915
6480,214.84051185,122.431106912
6520,219.219583066,123.584197519
6560,222.082988199,124.356597295
6600,224.913223126,125.15607726
6640,229.076269166,126.041478609
6680,231.700558362,126.407778817
6720,234.897607322,126.905941405
6760,236.526488698,127.036333533
6800,237.782340472,127.222415089
6840,239.188763801,127.399873395
6880,239.930327719,127.365020233
6920,241.333956438,126.8290713
6960,242.324236236,126.40481103
7000,243.523286697,126.015770893
7040,245.582669026,125.440362874
7080,247.214448367,125.229580013
7120,248.795777869,125.168442568
7160,251.282977949,124.854125818
7200,253.169392434,124.562738937
7240,256.156984216,124.00603916
7280,258.148112163,123.626535869
7320,260.571703035,123.395886479
7360,265.639783342,123.261302504
7400,270.262499138,122.999942052
7440,278.62710254,122.082938517
7480,284.783779962,120.850975886
7520,290.993637415,118.804146041
7560,298.397012895,115.362058001
7600,302.377558988,113.058340118
7640,307.518512601,109.375925625
7680,310.266274193,106.636181429
7720,312.265576028,104.022906871
7760,314.786350803,100.128041741
7800,316.179390517,98.0647898526
7840,318.090057655,95.2546930203
7880,319.101803311,93.9645846253
7920,319.958278108,92.9261282829
7960,320.849466524,91.6557788176
8000,321.44692593,91.0340549155
8040,322.148739696,90.3897326478
8080,322.613152513,90.1692498761
8120,323.257686413,89.8744049403
8160,324.351250752,89.5757756801
8200,325.31834141,89.3762000818
8240,326.741184711,89.1313099393
8280,327.442922646,89.0115855893
8320,328.008894808,88.7773866669
8360,328.615100602,88.6782849422
8400,328.981030854,88.4864161314
8440,329.379112624,88.1869177114
8480,329.496090736,88.1795384504
8520,329.609014335,88.086669527
8560,329.360622427,87.8724654465
8600,328.989311087,87.6012343308
8640,328.430147778,87.6998477509
8680,327.422352407,87.5864718494
8720,326.689709834,87.7063503924
8760,325.549701856,87.9259382869
8800,324.693203134,87.7569464235
8840,323.81525053,87.6902792436
8880,322.694603356,87.6323381201
8920,322.149771686,87.2980624218
8960,321.177759062,86.7545125938
9000,320.442346047,86.395736766
9040,319.708452655,85.9345576413
9080,318.813244135,85.3518693053
9120,318.373422242,85.1080404008
9160,317.831365792,84.9167134981
9200,317.587292083,84.7480679088
9240,317.35806544,84.5950009905
9280,317.054399089,84.3924715762
9320,316.902971882,84.3439497171
9360,316.760200072,84.2620972597
9400,316.682432546,84.2264005592
9440,316.520558908,84.2163413436
9480,316.205662677,84.3074918181
9520,315.99718039,84.3941958336
9560,315.824511616,84.4613848284
9600,315.756075643,84.4633472356
9640,315.764830483,84.4160883268
9680,315.875277365,84.3337797244
9720,315.939058582,84.2844015879
9760,316.045706394,84.2954557628
9800,316.094077756,84.3198139329
9840,316.007369109,84.3948099293
9880,315.624591159,84.7257875674
9920,315.249923052,84.9638772749
9960,314.703894574,85.1735411324
10000,313.947133459,85.5256070368
10040,313.489781809,85.7143490215
10080,313.051362935,85.9132169089
10120,313.014442458,85.9447527078
10160,312.932771783,85.9857310922
10200,312.83870025,86.0064224548
10240,312.751487997,86.0422803134
10280,312.600656448,86.0767601359
10320,312.516463174,86.1217098674
10360,312.427315687,86.1399767006
10400,312.30330297,86.1287530385
10440,312.267999628,86.0256709768
10480,312.491687852,84.994047864
10520,312.89903564,83.9146312564
10560,313.4179104,82.5617071067
10600,314.294988816,80.3748525721
10640,314.966250038,78.7868993525
10680,316.083529142,76.558404168
10720,316.964203824,75.003208308
10760,317.996506409,73.3423168051
10800,319.601843329,71.2501466385
10840,320.711974425,70.0884638194
10880,322.599366129,68.3835581951
10920,323.847063871,67.5863351003
10960,325.14518611,67.0416691762
11000,327.125549549,66.3791220976
11040,328.455866543,66.1163527521
11080,330.471173149,66.0470757468
11120,331.815708154,66.0027334649
11160,333.195119144,66.1518439787
11200,335.140389289,66.4496078804
11240,336.198953223,66.5567913173
11280,337.170070485,66.7548477315
11320,338.626664322,67.689222721
11360,339.718793387,68.4375276231
11400,341.864272898,69.9517842112
11440,343.770647802,70.8780137368
11480,345.728980443,71.3966346475
11520,348.529786034,70.9896740919
11560,350.319146628,70.1124039087
11600,353.133591305,68.9789339003
11640,355.286905958,68.2628167864
11680,357.479095571,67.7452244891
11720,0.381881223395,67.4775799567
11760,2.00479199783,67.5602465761
11800,3.90223993794,67.3487260981
11840,4.89147813985,67.2292137946
11880,5.90078350043,67.0444510314
11920,7.66992899402,66.910831288
11960,8.95892125633,66.9815114922
12000,10.8580551998,67.1586794188
12040,12.0461796632,67.1729493077
12080,13.2609460934,67.2481253098
12120,14.8526340342,67.6211243002
12160,15.7356579308,67.8434748001
12200,16.496828905,68.2273046133
12240,17.0744444797,68.7894327197
12280,16.7886497333,69.3469595611
12320,15.8540850452,70.7109412663
12360,15.1401073349,71.8605195178
12400,14.6402913054,73.4260282125
12440,14.5634893049,74.3928529802
12480,14.6895256077,75.1359645774
12520,15.1282688093,75.3984770618
12560,15.5297346108,75.3868470805
12600,16.2072929727,74.4177312668
12640,16.1869150504,73.8746519016
12680,15.6297040715,72.8854534408
12720,13.7852976248,71.3184150249
12760,12.810977906,70.7513736441
12800,12.1927717877,69.6743477414
12840,11.9650714157,67.2413603199
12880,12.6663228825,65.2436026621
12920,13.7024425619,64.5016901693
12960,14.3993538722,65.1038531301
13000,14.7189181197,66.2185046568
13040,14.3760066505,68.3471517236
13080,13.7948501273,70.2040574228
13120,13.4214196939,73.6272603461
13160,13.6636818289,75.8379835766
13200,14.2824923054,78.0604652712
13240,16.2381865838,81.0452540047
13280,17.4996715846,82.7915905234
13320,19.1789746334,85.0425645678
13360,19.4985213501,86.2225968615
13400,19.128397286,87.3793984225
13440,17.9656437736,88.9624044957
13480,16.8788266193,89.751290516
13520,15.3382448706,90.1544344851
13560,14.7014434587,90.2524608129
13600,14.3230220873,90.1903542686
13640,14.1770938244,90.1605847872
13680,14.1459905332,90.3696643254
13720,14.2373605631,90.2650907298
13760,14.4424229997,90.0349182763
13800,14.4851389937,89.9486169975
13840,14.4428578666,89.3803445927
13880,14.1953213095,88.8068196874
13920,13.9151499445,88.157235291
13960,13.8983754133,87.7215363787
14000,14.0380893026,87.304714505
14040,14.5499549199,86.8126265182
14080,14.8380459695,86.6700933778
14120,15.2788440734,86.7369348916
14160,15.8156155639,86.9121663482
14200,16.4130475183,87.2301023692
14240,17.7551939748,87.7503551638
14280,18.8493553193,88.0098734081
14320,19.8814477213,88.0156787664
14360,20.5792937034,88.5105813724
14400,20.9773258313,88.8118175315
14440,21.7148003414,89.5680712946
14480,22.4669663063,89.9200208871
14520,23.5653847662,90.0822073251
14560,25.0975995566,90.7815421061
14600,26.076554952,91.4882643491
14640,26.98642109,92.688359884
14680,27.2851620544,93.4352760507
14720,27.819839328,93.7894709713
14760,29.0604896515,94.0784803635
14800,30.2152474759,94.5032681475
14840,32.646535046,95.0113385788
14880,33.8766871273,95.6551358002
14920,35.2203589825,96.3123447832
14960,37.0168452085,97.0283335552
15000,37.7114136268,97.5784180331
15040,38.923553752,98.0569506563
15080,39.6749439745,98.2976201432
15120,40.4335089791,98.6601745348
15160,41.3513124441,99.3248841907
15200,41.986575132,99.6516198862
15240,42.3349230093,99.8363045247
15280,42.6109381356,99.7254690147
15320,43.1710575256,99.5086031482
15360,44.0480030998,99.3572250723
15400,44.7298347282,99.237740102
15440,46.020541781,99.2504965305
15480,46.7325917707,99.4339285974
15520,47.3642652076,99.5377145893
15560,48.0746107138,99.8779974883
15600,48.5318156469,100.31288431
15640,49.227381096,101.034971136
15680,49.9450766549,102.258721246
15720,50.4231753828,102.993331598
15760,50.8990031293,103.613621353
15800,51.2675569671,103.617710514
15840,51.9196856859,103.317761917
15880,53.372575439,102.352368329
15920,54.5320911021,101.704393899
15960,57.0289515679,100.736823995
16000,59.0081107953,100.194228736
16040,60.8052033785,99.4517219535
16080,63.6316003929,98.6365443721
16120,65.953907049,98.4593432092
16160,69.3434143258,98.1374681274
16200,71.6833099904,97.8752451728
16240,73.8372038375,97.7263818988
16280,76.5548015088,97.8061797431
16320,78.4562392629,98.1360759541
16360,80.5645970188,98.3316203321
16400,82.1104365301,98.0887349805
16440,83.654749149,97.2941745743
16480,86.1821440522,95.6202360182
16520,87.9969978796,94.6058886741
16560,90.7972263674,93.6628647662
16600,91.8621605532,93.4155549489
16640,92.8360648398,93.5473178776
16680,94.6505355068,94.1034941184
16720,95.8099892676,94.1602241654
16760,98.0119201214,94.147993165
16800,99.4950961806,94.5203719674
16840,100.746660653,94.7440103853
16880,103.469782229,95.1326628166
16920,105.344131124,95.3622383179
16960,107.335634611,95.1644648525
17000,111.908759407,95.1612681056
17040,114.757930438,94.8656184254
17080,119.862722203,94.2417746641
17120,123.532645175,94.3001266693
17160,126.568010162,94.4317588177
17200,130.994419962,94.4498030726
17240,133.680903723,94.779638949
17280,136.619767869,95.0892280957
17320,138.29114891,95.0445682728
17360,139.364310204,94.8645573004
17400,140.369929272,95.0420644137
17440,141.194398687,95.0391028236
17480,141.451290429,94.9304058044
17520,141.350015245,95.1512517354
17560,141.397247021,95.4659469617
17600,142.336696153,96.4695997918
17640,142.883413461,97.121156624
17680,143.391552358,98.0103357968
17720,143.794806742,98.3895682658
17760,143.754862528,98.6025288963
17800,143.965522119,98.5103760178
17840,144.537234842,98.0983237926
17880,145.744003894,97.1663333833
17920,146.259054545,96.4754029823
17960,146.835550371,95.7030250134
18000,147.549862118,94.8372483593
18040,148.201837763,94.2361381418
18080,148.730550461,93.3315596108
18120,148.778317649,92.6015091055
18160,148.415193775,92.1751339172
18200,147.965844318,92.0388142233
18240,147.565173287,92.0961070982
18280,147.248798994,92.139343021
18320,147.536411991,92.1020116122
18360,148.166956435,92.2549646146
18400,149.80900915,92.3108748958
18440,151.607752731,91.856430544
18480,153.644499134,91.2655505678
18520,156.551231411,90.5439369616
18560,158.033009622,90.0046705083
18600,159.697641784,89.3576825735
18640,160.608753697,89.0547999932
18680,161.383217103,88.5013582769
18720,162.428358147,87.7931743931
18760,163.022567525,87.3765120719
18800,163.594989999,87.0597575841
18840,163.757618935,87.0674229963
18880,163.7733078,87.3366464399
18920,163.696205054,87.6344296106
18960,163.622471385,87.8230282042
19000,163.477706934,87.9998721355
19040,163.450887858,88.0281617376
19080,163.532513738,88.1170691466
19120,163.918968796,88.4419196142
19160,164.150632358,88.408627604
19200,164.447773844,88.3783570331
19240,164.559228459,88.3480450453
19280,164.631794528,88.242069134
19320,165.215438492,87.9592751991
19360,165.750792814,87.7669355788
19400,166.59556271,87.3828914868
19440,167.039267349,87.5280413701
19480,167.389351477,87.6405787163
19520,167.676970368,87.7175091141
19560,167.747135755,87.9243628978
19600,167.733504118,87.9412732506
19640,167.732140226,87.9537921341
19680,167.706794353,87.9480113431
19720,167.841578445,87.851607371
19760,168.017056185,87.8490782388
19800,168.463804776,87.9005552969
19840,169.033125548,87.9036953671
19880,169.41644195,87.7161393198
19920,170.064938379,87.5549164858
19960,170.471196515,87.4963496108
20000,170.925171591,87.4688317686
20040,171.795181234,87.5761210406
20080,172.35783615,87.5820706452
20120,173.041833626,87.7415711958
20160,173.476955861,87.8494895441
20200,173.861031698,87.7567098407
20240,174.285446468,87.598053536
20280,174.712797123,87.5368804627
20320,175.301453574,87.2498444667
20360,175.607614818,87.1236959374
20400,175.868865006,87.3011436965
20440,176.220756003,87.6072963924
20480,176.314328849,87.8206192267
20520,176.117291929,88.3667608775
20560,175.844355776,88.4996926757
20600,175.603745412,88.6741210108
20640,175.46023181,88.8243464865
20680,175.489720469,89.0330126506
20720,175.744080412,89.394846121
20760,176.193993528,89.3264621504
20800,176.751133658,89.4127623791
20840,177.429408265,89.9594749724
20880,177.65899748,90.1351243978
20920,177.847616024,89.9860663153
20960,178.028211361,90.0965846395
21000,178.151097281,90.1083559247
21040,178.082100188,90.4949407905
21080,177.873771678,90.6358379436
21120,177.758134898,90.089931797
21160,177.782361184,89.9308538844
21200,177.915642647,89.7811525528
21240,178.203053721,89.5933100408
21280,178.445068019,89.4322656495
21320,178.676624934,89.2528680829
21360,178.924222691,89.1094247902
21400,179.196618788,88.658451675
21440,179.697695231,88.1952756011
21480,180.094991214,87.8997805814
21520,180.600213939,87.670591727
21560,181.448438281,87.5777029874
21600,182.055027707,87.5248123609
21640,183.067843244,87.522617695
21680,183.846880561,87.6557502671
21720,184.726037862,87.8248631107
21760,186.069978296,88.0686343025
21800,187.024278581,88.0288042512
21840,188.818106299,87.8099199411
21880,190.203018673,87.6352727125
21920,191.71038067,87.4996482854
21960,193.92029321,87.2557041337
22000,195.328513626,87.2421874527
22040,197.091096705,87.5860172154
22080,198.175901595,87.8713519464
22120,199.189905204,88.3250656265
22160,200.454315206,89.3349553421
22200,201.168058623,89.7776524529
22240,202.294244945,90.5152865819
22280,202.843479521,91.1953355758
22320,203.480056792,91.6157482142
22360,204.905161755,91.8483841141
22400,206.210180974,92.0377489433
22440,209.220622322,91.9281874991
22480,212.008604534,92.0757631875
22520,214.764170988,92.1460802563
22560,218.587689328,92.4902380175
22600,221.004602953,92.7385495696
22640,223.261683032,93.1331204566
22680,226.072399752,93.719061735
22720,227.726231141,94.0978424545
22760,230.058067805,94.5766010268
22800,231.553341225,94.7140240093
22840,232.915735785,94.96830575
22880,234.688873066,95.2775455565
22920,235.868479658,95.3563443754
22960,237.877923335,95.3398310891
23000,239.25420531,95.2047079797
23040,240.63142985,95.1045564382
23080,242.764717046,95.002148237
23120,244.193193222,94.8328724032
23160,246.011551569,94.8431770081
23200,246.914651206,94.8646295609
23240,247.485911707,94.9359780943
23280,247.946620482,95.1073523024
23320,248.050882527,95.2203254857
23360,248.415965284,95.5191408475
23400,249.13067065,95.7541082215
23440,250.293643685,96.0195956569
23480,252.64539285,96.446435346
23520,254.500181925,96.5395741712
23560,257.580275255,96.5408495847
23600,259.622814169,96.6104478724
23640,261.383027881,96.7460215183
23680,263.396775506,96.8852490608
23720,264.444991408,96.8609591577
23760,265.656924408,96.6705797461
23800,266.325055318,96.5988011814
23840,267.063853419,96.5479380628
23880,268.28258684,96.4273833339
23920,269.206208287,96.3270676824
23960,270.144152398,96.2586780801
24000,271.345641714,96.0941468465
24040,271.955872993,95.9507728478
24080,272.494429716,95.8477077652
24120,272.580703329,95.7524583132
24160,272.619317411,95.6513036833
24200,272.617907671,95.5029489058
24240,272.655907576,95.2987414078
24280,272.682049423,94.9236686427
24320,272.66673569,94.7811580727
24360,272.634102076,94.6838681428
24400,272.487715431,94.4351252511
24440,272.301462635,94.2886803028
24480,271.755318264,94.1575986076
24520,271.158821572,94.043541872
24560,270.537202024,93.9074932286
24600,269.218931972,93.7269185499
24640,268.137526965,93.6740554226
24680,266.206312622,93.5701988555
24720,264.623288773,93.5403034316
24760,262.94683889,93.5623511937
24800,260.163989948,93.659451851
24840,258.197595486,93.6062258144
24880,255.236765623,93.3655007934
24920,253.195200348,93.3972876685
24960,251.037375004,93.4209305179
25000,247.834450728,93.498041943
25040,245.741009439,93.4395628434
25080,242.831615261,93.253763183
25120,241.002155906,93.1929029596
25160,239.165654312,93.2151290663
25200,236.676081252,93.1969295729
25240,235.301388411,93.1388155201
25280,233.528854802,93.110792012
25320,232.466880082,93.0569167396
25360,231.520957503,93.1203489883
25400,230.49171029,93.3241033515
25440,229.499547052,93.6098318989
25480,228.562401669,93.5311657832
25520,226.974928776,93.6022848208
25560,225.963090964,93.636612415
25600,224.648673175,93.838522782
25640,223.728759818,94.1435785358
25680,222.894101664,94.5828226436
25720,221.838586218,95.3403794521
25760,221.228868418,95.7997400002
25800,220.290830974,96.4305500975
25840,219.687526489,96.6114621976
25880,219.085046396,96.7206417907
25920,218.077587418,96.5259584882
25960,217.289866946,96.2980244846
26000,216.080849183,96.0868802113
26040,215.249475378,95.9284459463
26080,214.279584714,95.8290812234
26120,212.840674745,95.6623782212
26160,211.873545161,95.4738843953
26200,210.560854114,95.3693610699
26240,209.680649903,95.2454459508
26280,208.984223761,95.1145087334
26320,208.098423005,95.1195322294
26360,207.566708683,95.1895823732
26400,206.949269439,95.2399237816
26440,206.3660514,95.1643031169
26480,205.836057514,95.0526009705
26520,205.227275358,94.8558815544
26560,205.253305895,94.8067753577
26600,205.89399117,94.7361355081
26640,206.928239761,94.6293681931
26680,208.284781806,94.6133851802
26720,210.686763974,94.5111397954
26760,212.445909194,94.3601800865
26800,214.346822068,94.2181300049
26840,217.446917944,93.7948540844
26880,219.662783083,93.4591612707
26920,222.993244348,92.7488175287
26960,225.204592533,92.1228582876
27000,227.437277057,91.414935074
27040,230.784263703,90.4475511481
27080,232.998877007,89.97364709
27120,235.960546121,89.6297599271
27160,237.822437258,89.427974549
27200,239.628161665,89.423851241
27240,242.428184212,89.5346816689
27280,244.36730819,89.7286688715
27320,247.029274842,90.2818897456
27360,248.706499926,90.7334184111
27400,250.047797369,91.2227557409
27440,251.853611766,92.2033993524
27480,252.972304208,92.975771945
27520,254.451604231,94.0659957205
27560,255.514336723,94.5987808187
27600,256.738087417,94.8508651784
27640,258.841509442,95.0574829023
27680,260.449657906,95.2547708643
27720,262.970462993,95.2666876844
27760,264.554410743,95.2582382087
27800,266.03308001,95.258262347
27840,268.03790341,95.2624857594
27880,269.322203577,95.2143436455
27920,271.509317909,95.0723352624
27960,273.046285169,94.9516607574
28000,274.622526184,94.8489016565
28040,277.089621392,94.8007929664
28080,278.659180659,94.9689925444
28120,280.797823752,95.1711624496
28160,282.247769632,95.0810559906
28200,283.849168125,94.7822835916
28240,286.975854291,94.0096123531
28280,289.522330162,93.261497247
28320,292.466542577,92.6048710301
28360,296.848704538,92.1762946807
28400,299.3511613,91.9696226671
28440,302.493631159,91.0358324154
28480,304.367874793,90.5113483605
28520,306.093951339,90.15128041
28560,308.305526376,89.7651386158
28600,309.634755288,89.6761191197
28640,311.495732574,89.3975388547
28680,312.981399114,89.1604001537
28720,314.73978633,88.985097711
28760,317.555755343,88.9164083202
28800,319.435084519,89.0172792291
28840,321.732925573,89.158752253
28880,323.03305431,89.1983068932
28920,324.38554604,89.2038162141
28960,326.337273089,89.2728735845
29000,327.839732369,89.052098721
29040,330.689654767,88.6480907574
29080,333.196657763,88.5066413711
29120,336.78772272,88.1548770016
29160,345.569442277,89.043735496
29200,351.782455623,88.8973115297
29240,359.738103664,89.2832352723
29280,4.2703955328,89.137098064
29320,7.99600273303,88.988454665
29360,11.9245433194,89.0720570323
29400,13.2791271867,88.917960455
29440,14.1750373041,88.7395156746
29480,14.571172351,88.749992689
29520,14.9733538489,88.9696386531
29560,15.3006979293,90.2093160448
29600,15.2921177448,91.0749543855
29640,15.1177066601,92.7450172472
29680,14.7714509824,94.1088606192
29720,14.3624485405,93.7031301542
29760,14.9311968187,93.2125688237
29800,16.2766584967,93.1005486478
29840,17.6678449712,93.1992904549
29880,19.4599310011,92.9443764333
29920,20.601888278,92.9161665844
29960,21.8903620915,92.5945972797
30000,22.5250548892,92.1644474059
30040,23.2322993261,91.8204199685
30080,24.5999984873,91.1645887551
30120,25.7339941989,90.62249751
30160,27.683732177,89.9123358684
30200,29.2503152386,89.4703907646
30240,30.8881791446,88.9381207335
30280,33.5271107214,88.2173817353
30320,35.4005132707,87.8118239788
30360,38.1852349715,87.1049900602
30400,39.9281106544,86.902594879
30440,41.5145970224,86.804288664
30480,43.6984245619,86.6922244562
30520,45.1305923962,86.8091503759
30560,46.9802317954,86.8593708321
30600,48.2350022621,86.8243922522
30640,49.6538604661,87.1056070624
30680,52.4891286898,87.4882595
30720,54.950775492,87.8992627969
30760,59.0839101695,88.1400199481
30800,61.8048095726,87.8302657552
30840,64.3272580791,87.3769938051
30880,67.5586188751,86.8491508868
30920,69.4400326749,86.7093997099
30960,71.2533930706,86.4956618505
31000,73.7433640987,86.0509271368
31040,75.1600323899,85.6723363296
31080,76.3128449178,85.4034763928
31120,76.98421327,85.713101179
31160,77.5086260408,86.3685808825
31200,77.4334987937,87.2381782104
31240,76.6684691459,87.8132372007
31280,76.1272186249,88.4310627339
31320,76.1177617141,88.550321089
31360,76.4840210966,88.3617238514
31400,77.8003357921,87.9632307485
31440,79.2164168881,87.6219472909
31480,82.1999819639,87.3873354105
31520,84.728511417,87.3822527976
31560,87.6194377939,87.3038305691
31600,92.1647478653,87.0672428941
31640,95.062323485,86.8999900277
31680,99.022513455,86.8807063966
31720,101.190983652,86.9640904901
31760,103.021939097,87.0272123976
31800,105.281736194,87.1448931714
31840,106.654567108,87.2023477584
31880,108.514692287,87.4149682106
31920,109.612478478,87.5262991145
31960,110.520792475,87.6463349932
32000,111.329673977,87.910090817
32040,111.494254243,88.1727623574
32080,111.168215996,88.3513601917
32120,110.625515827,88.7234068432
32160,109.981008388,89.0352859326
32200,108.960648287,89.7609034269
32240,108.178756314,90.5483936813
32280,106.987228065,91.6994871877
32320,106.31151953,92.7427953289
32360,105.726087402,93.7391396184
32400,105.313027909,95.0686769726
32440,105.337061184,95.2780392715
32480,105.599634508,95.2007009922
32520,106.749250743,94.9405612563
32560,107.893556852,94.3881382712
32600,110.20600609,93.8566990374
32640,111.673795857,93.7555682306
32680,112.616697018,93.8364840772
32720,112.629158334,93.9454023788
32760,112.447796733,94.132847317
32800,112.097897098,94.1223921442
32840,111.672820412,93.9676391052
32880,111.253163496,93.8891040285
32920,110.798883898,93.6455509248
32960,110.374777846,93.1182337428
33000,110.021798012,92.1846099496
33040,109.875674916,90.409476499
33080,109.978805546,89.1858865393
33120,110.452547212,87.7572830351
33160,110.915463959,87.2152023802
33200,111.636761459,86.4145611535
33240,112.032828558,85.9145891411
33280,112.224751205,85.773766088
33320,112.237640712,85.699700195
33360,112.172794253,85.6304008396
33400,111.873346511,85.5886464334
33440,111.552205522,85.5548806747
33480,111.145569119,85.6641392275
33520,110.443706813,85.8796944302
33560,109.941095481,85.9108127065
33600,109.211311071,86.200089978
33640,108.832633997,86.4953738067
33680,108.520955162,86.6388799601
33720,108.042721633,87.0779884939
33760,107.701931009,87.3874574009
33800,107.31027446,87.6526378599
33840,106.772618869,87.9909707689
33880,106.399369512,88.1776478449
33920,105.946953852,88.5408009705
33960,105.898704426,88.7266356742
34000,105.867291569,89.0367447327
34040,106.068292669,89.4909900669
34080,106.503780451,89.68403829
34120,107.496035582,89.6263454807
34160,108.238668031,89.5244353858
34200,108.801176777,89.4239353142
34240,109.431259464,89.3614931069
34280,109.781263512,89.3132399807
34320,110.095717243,89.0249246218
34360,110.370924834,88.8631754987
34400,110.780608454,88.5140843772
34440,111.672864631,87.8742105464
34480,112.453477999,87.6993971105
34520,113.637408558,87.8661136956
34560,114.531302756,88.1441342767
34600,115.232785246,88.7214451875
34640,116.223469434,89.2193862887
34680,116.596813605,89.5735592773
34720,116.473788313,90.0434933794
34760,116.142612307,90.3574980685
34800,115.72502609,90.6500213386
34840,114.965603567,91.1748123693
34880,114.40002744,91.4278194225
34920,113.745126405,91.7233939218
34960,113.49648428,91.8526986021
35000,113.52888945,91.9172859747
35040,113.586747884,92.0742147921
35080,113.683760673,92.2341537215
35120,113.741399264,92.352350153
35160,113.758285651,92.5386223223
35200,113.743606158,92.6101399117
35240,113.789885113,92.6588795336
35280,114.280643976,92.5465894678
35320,115.345847715,92.340736124
35360,117.749631591,91.8355081811
35400,119.941600894,91.6597755466
35440,123.635025516,91.3740744586
35480,126.033749969,91.0759183218
35520,128.356109793,90.7479669251
35560,131.507492837,90.3020469908
35600,133.534463963,90.0824903835
35640,136.519129777,89.9616787807
35680,138.412602244,89.6430803664
35720,140.165089547,89.2042352372
35760,142.678290445,88.4120174225
35800,144.337395015,87.7822512699
35840,146.55394556,87.1381543914
35880,147.997834642,86.7381976136
35920,149.60787701,86.2271951538
35960,152.268679265,85.564165679
36000,154.098035163,85.2992547012
36040,156.593388109,85.1026642255
36080,158.065750011,85.2519156544
36120,159.300285837,85.6245242931
36160,160.68882894,86.4469419745
36200,161.42559258,87.1049469979
36240,162.024016581,88.1031086951
36280,162.141198282,88.7709399406
36320,162.10453303,89.3480780885
36360,161.942762943,90.2130307025
36400,161.718239293,90.7544811447
36440,161.204774885,91.5358701956
36480,160.788116388,92.1015529121
36520,160.499046309,92.4903979241
36560,160.047427877,92.9413395474
36600,159.750940836,93.1970687278
36640,159.506451174,93.3615394044
36680,159.273383543,93.535369995
36720,159.101333472,93.6253210112
36760,158.906756259,93.6880389581
36800,158.735946666,93.6412097351
36840,158.612132227,93.5626753143
36880,158.391199845,93.2932633774
36920,158.258180992,93.0892138687
36960,158.079428658,92.8847124445
37000,157.967368862,92.7028062773
37040,157.877042908,92.5725820185
37080,157.660035132,92.3064039034
37120,157.504402754,92.0813210307
37160,157.417955365,91.8439225053
37200,157.384583388,91.7697125368
37240,157.306884303,91.7215007569
37280,157.182323337,91.6886511175
37320,157.113793648,91.6887833311
37360,157.042316717,91.681222807
37400,157.018635974,91.6849678792
37440,157.032404759,91.715175001
37480,157.071957938,91.778932633
37520,157.130856786,91.8379276248
37560,157.226018783,91.9608851972
37600,157.252030269,92.0007898337
37640,157.296454111,92.0821336384
37680,157.34431317,92.1914876215
37720,157.393406352,92.2619029824
37760,157.517252225,92.3178374596
37800,157.616071416,92.3662833109
37840,157.721256649,92.4033916952
37880,157.885207182,92.4032169751
37920,157.993537309,92.4070326864
37960,158.160333162,92.3792837715
38000,158.361351681,92.319640229
38040,158.599638908,92.2439428458
38080,159.118677972,92.0870416206
38120,159.467729247,91.9422597903
38160,159.922539179,91.7786563973
38200,160.609776972,91.5317528746
38240,161.146207368,91.3725970292
38280,161.974111106,91.0431555456
38320,162.477268893,90.8460467865
38360,163.035148914,90.5868978903
38400,163.88315086,90.3759342017
38440,164.325385908,90.3222702368
38480,165.02674513,90.2530272131
38520,165.549234036,90.1887009394
38560,166.216608331,90.1347452942
38600,167.380268571,90.0248599191
38640,168.085712552,89.9102151235
38680,168.827233588,89.5839059738
38720,169.130437635,89.4013035717
38760,169.455214742,89.2958271156
38800,169.795827219,89.2392226588
38840,170.145951261,89.3304545031
38880,170.634628914,89.6064361317
38920,171.014148634,89.854455804
38960,171.497234564,90.1313851359
39000,172.394010826,90.5889415837
39040,172.936147309,91.0375231193
39080,173.617539143,91.8309342455
39120,174.06272608,92.3884848354
39160,174.387611313,92.9043274581
39200,174.618856239,93.7258927278
39240,174.548225993,94.2273216837
39280,174.006465612,95.1310213568
39320,173.526644375,95.5188519246
39360,172.955321394,95.7779010393
39400,171.895956114,96.3162561965
39440,171.304566468,96.6689634769
39480,170.73405541,97.0949881966
39520,170.180359454,97.1948290003
39560,169.708376088,97.2021414561
39600,168.961930977,97.0513594799
39640,168.606520336,96.9176637735
39680,168.172939018,96.8443059967
39720,167.528793284,96.6544046754
39760,166.879946146,96.5512777179
39800,165.971059045,96.2446013829
39840,165.435151892,96.056027122
39880,164.922697782,95.7996450587
39920,164.195051719,95.4823674261
39960,163.738596059,95.4004090442
40000,163.037124843,95.2623045069
40040,162.812813191,95.3135408334
40080,162.179938133,95.6006647237
40120,161.570774291,95.6266530657
40160,161.20542665,95.599547855
40200,161.247506167,95.1433213588
40240,161.055090884,95.1090491537
40280,160.717913903,94.9702772321
40320,161.109992327,94.8734156863
40360,161.367266598,94.9343577086
40400,162.129539179,94.7819572228
40440,162.617445864,94.8165905169
40480,162.925586452,94.9982880176
40520,163.276992962,95.1665027884
40560,163.380476437,95.2232178836
40600,163.068099517,95.220228813
40640,162.8299935,94.9260310728
40680,162.603783595,94.6074850886
40720,162.094814611,94.2648001891
40760,161.720285779,93.890133663
40800,161.38945831,93.6758860973
40840,160.722853182,93.2931663713
40880,160.088440281,92.8013678806
40920,158.985746244,92.273506517
40960,158.09219214,92.1246497717
41000,157.077054832,92.1463804641
41040,155.266439111,92.5282341321
41080,154.015927571,92.6478612109
41120,152.163745918,92.6243822755
41160,150.909668461,92.7089449149
41200,149.766584978,92.7791231662
41240,148.195592056,93.1678189783
41280,147.313058159,93.509550256
41320,146.055225296,94.0663010965
41360,145.723750812,94.1659368454
41400,145.578713984,94.2105325792
41440,145.522342661,94.2175242859
41480,145.692258242,94.0721160595
41520,146.26071424,93.7315115272
41560,146.699018379,93.6341438828
41600,147.232449255,93.589039612
41640,147.836240649,93.9605906795
41680,148.416846379,94.1854932626
41720,149.484515283,94.7239500678
41760,150.226754668,95.0194276557
41800,150.771145563,95.3535600947
41840,151.313778858,95.9334251201
41880,151.763624924,96.2471745145
41920,152.437269851,96.727638594
41960,153.052094054,96.9314456585
42000,153.625808325,97.0931493211
42040,154.394196148,97.3626926596
42080,154.964600943,97.447172973
42120,155.80826244,97.5172912923
42160,156.381021597,97.543066222
42200,157.064839926,97.5898449227
42240,158.341148597,97.5455720868
42280,159.714816795,97.3492795392
42320,161.286481086,97.2953182762
42360,164.11491037,97.4499203644
42400,166.44404044,97.4834165179
42440,169.845629773,97.2660363323
42480,171.899616124,97.0616736981
42520,173.792464046,96.9022503006
42560,176.207843872,96.8264223016
42600,177.447959919,96.7839907943
42640,178.73740485,96.6515341938
42680,179.110399824,96.5235002731
42720,179.251678303,96.1902164128
42760,179.356949301,95.9217506233
42800,179.296908036,96.0508777046
42840,179.25503925,95.9964581855
42880,178.907152923,96.0586413133
42920,178.577480901,95.8880961346
42960,177.938506258,95.9019933515
43000,177.49536351,95.7979006616
43040,176.908084777,95.7525133755
43080,176.642772218,96.0472423517
43120,176.369852661,96.4617447166
43160,176.065206903,97.0539084862
43200,176.216940395,97.2685625209
43240,177.015170878,97.5660902466
43280,177.863902595,97.7842139127
43320,178.767713964,98.185212353
43360,180.194496923,98.9851427566
43400,181.084146513,99.7003001666
43440,182.616511961,101.018584819
43480,183.612790774,101.953491573
43520,184.355067144,102.375181791
43560,185.025954028,102.354333769
43600,185.321007177,101.9418416
43640,185.798126309,101.337272693
43680,187.375964724,99.7570970293
43720,189.065483328,98.4164274615
43760,192.835516365,94.9113160449
43800,196.027836859,92.3207437119
43840,199.491331325,90.1455931535
43880,205.032061461,86.9306700437
43920,208.56102674,84.8444438449
43960,213.21088337,81.966896001
44000,215.8419838,80.1396956611
44040,218.325652991,78.7329927634
44080,221.624114673,77.6452213126
44120,223.803525741,77.2817793228
44160,227.020792141,77.2515251273
44200,229.271887484,77.406549913
44240,231.437548228,77.5537220954
44280,234.638811512,77.5595616385
44320,236.697333446,77.4137197043
44360,239.355323614,77.1676890088
44400,240.691157635,76.9555074397
44440,241.613639062,77.1828508299
44480,241.955734925,77.8433529299
44520,241.344578778,78.5737826401
44560,239.282704722,79.9674213786
44600,237.779956893,80.3357577599
44640,237.064606854,80.3641955197
44680,237.944493009,80.0153381181
44720,239.189444019,79.9215170381
44760,241.385353281,80.1699885806
44800,243.158962794,79.9728441242
44840,245.067625849,80.1556325099
44880,247.761176984,80.9945442434
44920,249.39983934,81.4768217161
44960,251.518259252,82.2700488484
45000,252.763355746,82.4885919909
45040,253.904584579,82.7018137163
45080,255.354774921,82.9562885952
45120,256.125943634,83.0180217242
45160,256.869569513,83.1339277551
45200,257.801461122,83.3510991286
45240,258.36630041,83.3447332711
45280,258.936837083,83.4052351352
45320,259.006687388,83.4333092294
45360,258.886567501,83.3178376176
45400,258.840505134,83.2894447139
45440,259.4145489,83.3827682314
45480,260.329354984,83.7652107246
45520,261.347136279,84.2992242282
45560,262.290452679,84.8285528704
45600,263.807105556,85.8162328609
45640,264.857619157,86.5573747736
45680,266.389923234,87.8097075346
45720,267.430365392,88.8008169936
45760,268.39803838,89.833545071
45800,269.43070895,91.4859624756
45840,270.024174313,92.4444395997
45880,270.61039426,93.7151707486
45920,271.136460152,94.4410345436
45960,271.635822987,95.1843069607
46000,272.312442218,96.0501434567
46040,272.557893952,96.53924312
46080,272.32589448,96.9980660768
46120,271.94159028,97.0628001364
46160,271.425541056,96.978389548
46200,270.3671245,96.7527597168
46240,269.548837372,96.3996465049
46280,268.244509559,95.835679443
46320,267.462111832,95.4826081543
46360,266.68250498,95.1892807742
46400,265.666652444,94.7840408239
46440,265.067449527,94.4015774815
46480,264.421457952,94.0629485269
46520,263.534401528,93.6005754612
46560,262.791286979,93.2954868461
46600,261.343290958,92.936565098
46640,260.13930185,92.6829423288
46680,258.747458047,92.3732531003
46720,256.587611914,91.8881031025
46760,255.282439639,91.587949213
46800,253.797825045,91.3110493127
46840,252.939354009,91.1488061292
46880,252.007754641,90.9533374475
46920,250.161749697,90.6755915606
46960,248.648730651,90.3225295756
47000,245.655660828,89.448548545
47040,243.238562148,88.5780393765
47080,240.556341739,87.5819913849
47120,236.011947594,86.0704389015
47160,232.501433251,85.1473895681
47200,227.275685021,84.2271118523
47240,223.723681678,84.1429669512
47280,220.198397747,84.2018644122
47320,214.884328693,84.5279130807
47360,211.078486211,84.678571186
47400,205.104297986,85.5386735928
47440,201.134064683,86.107897966
47480,197.6205064,86.2840759648
47520,193.433007638,86.2045017311
47560,191.202234631,86.1258840168
47600,188.769186,86.0884995746
47640,187.549425264,86.2140837494
47680,186.507535537,86.429250269
47720,184.831379019,86.9093828544
47760,183.481854998,87.1164992936
47800,182.047037711,87.2671385463
47840,180.13793161,87.3075728139
47880,179.248434042,86.964404048
47920,178.844384652,86.0689598664
47960,179.296976418,85.1753054173
48000,180.026401381,84.0033397158
48040,180.764648936,82.3288460348
48080,180.360941891,81.1563978908
48120,178.585860558,80.0543010642
48160,177.30302024,80.0876647029
48200,176.399911286,80.3121960954
48240,176.36254852,80.5344402533
48280,176.959284377,80.6629016392
48320,178.559128674,80.8328324543
48360,179.716190819,81.1710019271
48400,180.575358283,81.5225852679
48440,181.322680515,82.2688109609
48480,181.389076304,82.9420038101
48520,180.858229918,83.9901669624
48560,180.268628741,84.6669917935
48600,179.725431928,85.2489171121
48640,179.256969071,86.0049847783
48680,179.221440646,86.5859764672
48720,179.092616768,87.738360503
48760,178.858995122,88.5036698699
48800,178.457471598,89.3223762985
48840,177.167530947,90.872308702
48880,175.762108223,92.0669184505
48920,173.171377558,93.4469225309
48960,171.574890386,93.6130273996
49000,170.303999623,93.5118222723
49040,169.204744056,93.0121516635
49080,169.094633024,92.6709348728
49120,169.612259556,92.5444475739
49160,169.927555866,92.5490358684
49200,169.988141472,92.6943878146
49240,169.780966634,92.762655213
49280,169.563319227,92.7000603193
49320,169.279311552,92.8156994286
49360,168.980447826,92.6718865308
49400,168.828273901,92.5388233532
49440,168.517679278,92.2095496628
49480,168.177719369,91.9850029822
49520,167.836408807,91.8890717366
49560,167.453259347,91.7905571275
49600,167.296974217,91.6827424678
49640,167.140432382,91.4800415876
49680,166.971768798,91.5343440993
49720,166.586374454,91.7828768911
49760,165.94145596,91.8628275581
49800,165.398076836,91.9817231763
49840,164.964214633,91.4715367131
49880,165.020085926,91.025825298
49920,165.119426518,90.6968322709
49960,164.821601817,90.967319357
50000,164.341748976,90.9505431408
50040,164.036679563,90.8760549667
50080,164.076470016,90.8678645102
50120,164.298536283,91.0517273185
50160,165.029586871,91.4202325555
50200,165.758719822,91.7954185725
50240,166.649776466,92.3613823165
50280,166.793059173,92.4646796566
50320,166.681777542,92.5756998021
50360,166.453314025,92.5883855614
50400,166.338455561,92.4190723203
50440,166.303692977,92.4066307641
50480,166.371978633,92.4550400054
50520,166.83739044,92.3793489421
50560,168.445811045,92.4019277135
50600,169.874070632,92.5840436797
50640,171.506248775,92.5224729972
50680,173.903671641,92.406894238
50720,175.347276956,92.0728581668
50760,177.14393461,91.9697515777
50800,178.051301145,91.887291397
50840,178.645982051,92.0975387173
50880,179.413522197,92.19664313
50920,179.792914312,92.2825026086
50960,180.539184847,92.2804395261
51000,181.240905502,92.3396403991
51040,182.089537312,92.3627156364
51080,183.533697944,91.8090172135
51120,184.060974076,92.5646801626
51160,184.416677566,93.6540381256
51200,184.627518063,93.7579164408
51240,184.93861236,93.8214602991
51280,185.392098244,93.6646336476
51320,185.474640897,93.7536405538
51360,185.471213184,93.9083393461
51400,185.442447024,94.1153952542
51440,185.210826043,94.6414291641
51480,184.481162334,95.8541556404
51520,183.736991421,96.6214762916
51560,182.267810719,97.2861615725
51600,181.400667525,97.1142481129
51640,180.46494923,96.7697446268
51680,178.221056727,98.9759250829
51720,176.430858536,100.77365579
51760,174.553531836,101.277796272
51800,173.773832657,101.025445457
51840,172.986973865,101.046055926
51880,172.256113893,100.679574567
51920,172.207286958,100.65546496
51960,172.856152809,100.761719041
52000,173.655236617,100.568659448
52040,174.424159059,100.344273374
52080,175.419636408,99.6318203187
52120,175.946734933,99.1304298483
52160,176.160639775,99.0251426523
52200,176.399402514,99.1206800953
52240,176.630194038,99.3484882342
52280,177.033389466,99.7631787582
52320,177.301529243,100.074730802
52360,177.558773589,100.401356367
52400,177.896284459,100.568102233
52440,178.144399997,100.306837234
52480,178.632728824,99.5684960639
52520,178.854216468,99.2127414192
52560,179.133247191,99.1663390101
52600,179.256809022,99.3583588812
52640,179.372288066,99.4802704274
52680,179.42586217,99.9487430627
52720,179.253436505,100.404725786
52760,178.835816846,100.911960342
52800,177.42079019,101.681822053
52840,175.877120368,102.178815774
52880,173.004792473,102.745396808
52920,171.102692458,103.053864144
52960,169.54782518,103.379275875
53000,167.354727782,103.924598228
53040,165.635495781,104.344174019
53080,162.426000529,105.43650154
53120,159.693775313,106.260845396
53160,156.729288321,106.838384432
53200,151.6592733,107.296985543
53240,148.00657236,107.141753121
53280,142.399467886,106.480404474
53320,138.527929778,105.847487556
53360,134.426385692,105.301106541
53400,127.825401244,104.198277973
53440,123.396060784,102.809431097
53480,119.143130003,100.622285118
53520,113.537351753,96.6949130425
53560,110.405444536,94.6234126402
53600,106.702495565,92.545059675
53640,104.804346219,91.6984988752
53680,103.19404074,91.1258801301
53720,101.266078681,90.9423268491
53760,100.167307352,90.9397311686
53800,98.8429304923,90.5528098153
53840,98.0100116293,90.3010785224
53880,97.24407009,90.1709184248
53920,96.0143232467,90.4742143171
53960,95.214824729,90.9671401527
54000,94.1839082655,91.5670594482
54040,93.6696057418,91.5437060307
54080,93.3612113753,91.1926230112
54120,93.404718729,90.5970502399
54160,93.6785600179,90.3243889415
54200,94.2316376426,90.048833224
54240,94.4700386879,89.9963360197
54280,94.550864293,89.8538609685
54320,94.5541076461,89.1956669177
54360,94.3802713922,88.9297532591
54400,93.8937164273,88.7374125702
54440,93.6049067792,88.4590765845
54480,93.6426188241,87.9798596358
54520,94.2530113032,87.3892457939
54560,94.8720630075,87.2011088815
54600,96.0174384143,87.302921413
54640,96.7197629743,87.7474158932
54680,97.0327607994,88.3914471308
54720,96.7967891067,89.3184591778
54760,96.0004310479,89.9246033012
54800,94.1511124048,90.7305399262
54840,92.3553696151,91.0479968825
54880,90.1630365486,91.28465654
54920,86.1959469951,91.5118697653
54960,83.0535599339,91.7086835349
55000,79.5109240411,91.8843953296
55040,73.465095562,92.4127780361
55080,69.0208982439,92.8146775632
55120,62.0266538461,93.4159684446
55160,57.2995550987,93.7483646206
55200,52.7909649281,94.0921573463
55240,46.5742540922,94.6625361356
55280,42.9067763285,95.1424357272
55320,37.9678136714,95.8500922007
55360,35.077876639,96.2326303522
55400,30.9615438166,96.7440951166
55440,28.6682581741,96.7723999013
55480,26.5705425587,96.6947777652
55520,23.8044481203,96.5996634535
55560,22.0921963566,96.5843425609
55600,20.4399694775,96.6104843488
55640,17.9902366101,96.584565179
55680,16.2858786275,96.6000224256
55720,13.7945193192,96.5584040613
55760,12.0565343398,96.4768766679
55800,10.3545136124,96.3423117794
55840,7.77737680009,95.9880209933
55880,6.01987787804,95.6222110054
55920,3.53103153284,94.9616471322
55960,1.9596509765,94.6176057605
56000,0.459330407752,94.2838610982
56040,358.012586329,93.9993527831
56080,356.343911917,93.8208106328
56120,353.900884857,93.6199692206
56160,352.408597193,93.6173674726
56200,351.017983112,93.5260265831
56240,349.204441329,93.4524016313
56280,348.080424116,93.3974320911
56320,347.085400476,93.2732764512
56360,345.842457021,93.2034977043
56400,345.035437104,93.099098904
56440,343.98217714,92.737028005
56480,343.402442639,92.6215986378
56520,342.924613567,92.5549478762
56560,342.354721759,92.445620498
56600,342.090401293,92.3665063117
56640,341.681162459,92.2234180072
56680,341.365014206,92.1489759219
56720,341.012006179,92.1320952448
56760,340.237549237,92.1706021228
56800,339.718661898,92.1576992953
56840,338.79285584,92.2342567913
56880,338.099946183,92.2406839254
56920,337.482087859,92.1609279807
56960,336.526263314,92.0176706967
57000,335.852462393,91.949209156
57040,334.49452342,91.8574566677
57080,333.181879992,91.7925784789
57120,331.602568112,91.6095793738
57160,329.111772337,91.2678186205
57200,327.486173846,91.0571541149
57240,325.322413172,90.9752854309
57280,324.011401277,90.895299123
57320,322.86521738,90.7927539772
57360,321.286605723,90.6137160316
57400,320.410078699,90.4294898416
57440,319.319607995,90.1854058106
57480,318.769292876,89.9878982489
57520,318.483205212,89.691108551
57560,318.574321043,89.3989073047
57600,318.968229586,89.0290094201
57640,319.678970571,88.7080652416
57680,321.192797248,88.4046523904
57720,322.469631619,88.2007348839
57760,324.855988657,87.8573427149
57800,326.726048369,87.5530802546
57840,328.857956261,87.203501118
57880,332.594195403,86.6896874136
57920,335.394929769,86.4662817092
57960,339.836832652,86.185971071
58000,342.70126326,85.967158943
58040,345.560984844,85.7718128324
58080,349.501806999,85.5558977865
58120,351.791187578,85.4866873504
58160,354.65436477,85.6628675121
58200,355.954659162,85.9103178069
58240,356.889018226,86.06902986
58280,357.565093266,86.3839322782
58320,357.377081749,86.9969598017
58360,356.429695483,88.129231818
58400,355.51932837,88.680264992
58440,354.510164471,89.1445649176
58480,353.137311952,89.4532541005
58520,352.271971475,89.6193283361
58560,350.968327567,89.8943709577
58600,350.352464298,90.0436498653
58640,350.094168498,90.3032040135
58680,350.091795902,90.6107357999
58720,350.583972034,90.6949134946
58760,352.13988582,90.5998905059
58800,353.879126501,90.4583631107
58840,356.056592604,90.5343991554
58880,359.822080533,90.7171622613
58920,2.46587400748,90.6550416747
58960,6.35487896871,90.3262040385
59000,8.93378118894,90.05714027
59040,11.367525563,89.8276870299
59080,14.807964301,89.3685534611
59120,17.030619111,89.1805218876
59160,19.2097578458,89.0900382789
59200,22.27444532,89.0489590278
59240,24.0865820515,89.0050673861
59280,26.5617341696,88.9592683624
59320,28.1178134498,88.9305029894
59360,29.5376437283,88.8719583206
59400,31.5030136744,88.7235189356
59440,32.7979245581,88.5823617358
59480,34.8028855321,88.3395631327
59520,36.248625511,88.1871563106
59560,37.745586854,88.0959033276
59600,40.0392417678,88.1716965398
59640,41.6656612704,88.233803902
59680,43.9119400402,88.5799831184
59720,45.3842453293,88.7897984505
59760,46.8381707982,89.033075717
59800,49.1723937331,89.2527216693
59840,50.8017829362,89.4937088125
59880,53.239878428,89.8036374395
59920,54.9559260211,89.8716754784
59960,56.6409252277,90.0060381547
