185.1865414385087,106.64411332996691
186.183504596951,106.06449432521806
186.5128758781824,105.46384806520602
186.6737705283346,105.16863130824672
186.96091495854873,104.999604698475
187.16918132982775,104.90125744777495
187.38017260936957,104.97610625131774
187.99094522352354,105.86056393191646
188.43063927186606,106.78319093192805
189.16876892140235,108.33290136823075
189.71453043391443,109.3146342592266
190.25124389553181,110.43171592784137
191.00513326574463,112.31056180637859
191.49716200079203,113.63243919212901
192.2149423586062,115.5831631255127
192.61891146706773,116.74557716480172
193.01667022794723,117.85256303201979
193.3588285908565,119.55191223166847
193.49183679067593,120.96250547691821
193.57215396861804,123.50719244708448
193.54930681181114,125.38398900192195
193.43857736842435,127.49741928854844
193.21480722364868,129.9315358894394
192.968308182102,131.6687712881674
192.65138915254468,133.09525212733007
192.1630788036944,135.8014294625824
191.7828640838404,138.00773965952658
191.26509323735547,140.8063813205877
190.87236270807753,142.31236985570024
190.25145193604888,143.5011220481185
189.8140188136007,144.59259874520774
189.38059682887456,145.8781858945872
189.2767593645721,147.49667240569806
189.4876765411904,148.2322562999879
190.40811517101588,148.6546861121036
194.1824711043578,149.20400931854417
199.30344564878092,148.79589314150417
209.08121889483172,147.06837448600993
215.6073633341601,145.43616367727867
221.68512150900244,143.57286942424076
229.48597039292653,140.8500982022665
233.83318625671282,139.23241680073505
238.76663144492647,136.87888854667855
241.45933718032273,135.4641009139276
243.62707437470988,134.15474719955614
246.59102501501968,131.89073370514822
248.43665447279633,130.27089087104142
251.2231979220869,128.18011308809284
253.045111177919,126.7069360301469
254.84481860069369,125.1487951911662
257.5860675894063,122.56250701267949
259.41604701383324,120.86915520285741
262.2893313951439,118.01438794870944
264.1532813961438,116.31147578425461
265.9331594486375,114.70532006550022
268.6279753245679,112.7029756178227
270.4515927631476,111.48122308851431
273.43813668891045,109.81741582545388
275.6193930333222,108.77697519385097
277.89215453804536,107.80614266860461
281.1445668192889,106.65824183464409
283.1167962041266,106.00586758795168
285.64570588804816,105.25053361036916
287.0908824947645,104.93175350703666
288.2381729946584,104.74582638203763
289.28688857305633,104.71871724257531
289.28402879230475,104.51988078526878
288.8309194290735,104.53198507107953
287.31774715571464,104.39882848189474
286.03138395608653,104.45904666816527
283.8180235705972,104.24225000703808
282.46983866146826,104.36073364447422
280.99735725427047,104.4474615474341
278.8417209325272,104.88669589752823
277.6039517542868,105.11316075082073
275.72241634127084,105.55066602332302
274.51364747626195,105.8849046155161
273.2590556807609,106.34668945558514
271.6736223742154,105.97137779776956
270.7676153545123,104.98903607780991
269.5046275936178,105.67747285432473
268.753048807265,105.2668167042138
267.98972621785805,105.0150615741156
266.80256164954955,105.30673954164999
265.7693223046298,105.83227242391385
264.3550101505308,106.27938612352571
263.3573232951651,105.9030125625203
262.35590001070295,105.70544197352916
260.88371068822187,105.45083151112374
259.8527636064928,104.97706592600267
258.03113059577737,104.05097949809625
256.57153858121103,103.08707924668084
254.88971224921903,102.36212382451383
251.8497227401122,101.64683550938734
249.5054585078335,101.27835181242006
245.83198595377308,101.34909775852674
243.41985566649953,101.39884675986892
240.9285017182222,101.36964910404451
236.8840824100406,101.54845168014492
233.77356577245112,101.62229201866715
228.29677983313482,101.51630150393268
224.07008803949725,101.40052515464552
219.52477497284514,101.32037659382803
212.50351844230954,100.9987623210147
207.90648919454324,100.65790763011886
203.52459833466045,100.14578664825903
197.36703164842072,99.63536704600803
193.51926335419986,99.37559883913134
188.0848637210865,99.27347154080277
184.53681996557503,99.26312468952565
180.948504328509,99.2486626435414
175.01017044082735,99.0565767994424
170.87844498336997,98.9132281236472
164.7684005367336,98.73141355998399
160.8086418612843,98.59795191070845
157.0073549105161,98.55193155798233
151.66239047510064,98.61872780371463
148.26855991233913,98.78426148228553
143.28935060299546,98.91918722522539
140.12735607692312,99.03249735457435
137.2092811133136,99.06813611873814
133.32075153607482,99.22163552900349
130.99208985750852,99.25841636249187
127.61115828470795,99.38041128611829
125.3802897902099,99.40731832652132
123.1518177812433,99.43886480552354
119.8049801027793,99.46221269449832
117.39639303807704,99.30190085174414
113.74076696310611,99.14854091865749
111.37412252608648,99.13613084544338
109.1447700187851,99.22609122949159
105.99584007463845,99.22079332871473
104.1051492154614,99.23619378285214
102.23499399846135,99.27025684065745
99.48650923232417,99.3300366179005
97.56852032210858,99.3477487022907
94.54634131435243,99.46320395474221
92.48386853685975,99.673861667423
90.33605360239018,99.97235907437627
86.96884732008861,100.40344169087415
84.77928724560222,100.88172818068468
81.7423590918207,101.57813313494253
79.93893469129378,101.8796922638568
78.19925746332632,102.15862558033201
75.57043284427105,102.56960999417849
73.73891883489583,102.9032528140273
70.83291949052887,103.29868351039097
68.91762282419485,103.49467871502593
67.23141396839462,103.55817006009642
65.24486844179087,103.57752513866478
64.1647351759066,103.4625320261786
62.64761965745966,103.1764231497993
61.55057286596623,102.82601390695807
60.42271958627663,102.4750112425611
58.849830969493766,101.96185659837198
58.07738979803028,101.69796289294436
57.34970323714286,101.47448938537877
57.011589854051564,101.32052024924418
56.68727990545406,101.06583078346455
56.467980367236464,100.40756758253143
56.734860476228945,99.7699108980243
57.90816251460369,98.16552700690443
59.12945249101608,96.59276438491582
60.49710468917435,94.92114906058877
62.39245039327004,92.58854942491085
63.63336386190366,90.85208655662572
64.85925221423327,89.23023593735404
66.76071846262614,86.96871926914957
68.13776290925632,85.46255031727634
70.40626134041244,83.4555495899423
72.01941777481176,82.17012887042107
73.79803229780381,80.93355760735774
77.01004098074671,79.22876591748026
79.46328316419572,78.22333140786276
83.51667179153708,77.16659763181877
86.8867589457396,76.93675663892782
90.97904794154863,77.22587915172785
97.4076386949433,78.05290881627431
101.37396626957705,78.35242207212714
106.17159333875725,78.76282854745638
108.73015761360531,79.25175423871201
111.09501744580241,79.78840750859202
114.39327308692124,80.57736385028318
116.44847439401059,81.11104608831113
119.19634644080051,82.2844442742178
120.591431839855,83.68125704385099
121.67790799146549,85.6514993351096
123.27286461287038,88.55865330610514
124.41995257768409,90.61791339616732
126.43683865695976,94.0309391939664
128.03243706930394,96.73989397745923
129.79411564409816,99.30765740489221
132.68998137506247,102.98355616896154
134.7425656846456,105.22847747995365
136.86505674526757,107.33949293413798
140.1073805469421,109.69205503392988
142.13162598370596,110.77227435750203
145.1177440919338,112.37016818470585
147.03976353712835,113.73562440792381
149.8858508375755,116.16504031810518
151.80599550774053,118.02696693125667
153.57944274490976,119.46647881013519
155.89551986708082,122.01435671490226
157.33993603166374,123.71071999834399
159.34597475192197,126.20841209060612
160.52551576485556,127.68280727481537
161.49440241043703,129.1068932072318
162.5775749008653,131.30455609950104
163.24276754017583,132.4011476632493
163.8346696925173,132.9324571936089
165.64359542603862,132.2165298367665
167.10711076727367,132.01658158556907
169.4095633797582,132.1384248529394
170.9461829729584,132.13496996682375
172.4195867381572,132.10052713288206
174.54916799352372,132.00334640064705
175.92489529589164,132.0012271580481
177.72201576756538,132.2051516799074
178.74779254211623,132.29140314256293
179.664410541241,132.33287970179512
180.87517152379394,132.373691289648
181.64024439895155,132.36505358671445
182.79797032126743,132.33514791004035
183.5312130767519,132.32371488531035
184.1896274896811,132.2226313154347
185.0472005626298,131.97846984142453
185.61327727027165,131.5650937573558
186.37209405497097,130.18930639204567
186.91469230382165,128.56429998648684
187.32065412632042,126.15168698267196
187.39348516410584,121.10519752119319
187.34014367659358,117.48834574798948
187.29284211414875,114.48470946250939
187.18689571389865,111.14900475284071
187.18325881622292,109.69690378472593
187.30952346115922,107.72989201787614
187.41937207504162,106.56721246312667
187.79411760466166,104.91753161155668
188.1664438187313,104.00385330852141
188.61416721636937,103.29567443969901
189.4140435022362,102.3267574192184
189.9179927774775,101.62490511690909
190.3528760782832,100.97988846442726
191.08033549692826,100.14764188462564
191.87178437960847,99.62463247791516
194.1798630952416,99.08095396767663
196.2900555527344,98.67312148461555
198.41114498647295,98.27958060932502
201.4602052238002,97.76301565765772
203.26692076827229,97.37471834932714
205.82088897467605,96.77946339980237
207.48812691346325,96.21616406893021
209.03789816293337,95.55747979211748
211.00735787208123,94.2720765282425
212.0592210142948,93.43401799788289
213.35494851609187,92.38384397760241
214.0990610655813,91.77063171332216
214.93925555703578,91.25398332581038
216.589920112052,90.75377273195113
218.04163276758953,90.56426590833945
220.66214911169698,90.36988496492013
222.81814870335012,90.32559676515744
225.24238589158566,90.46011740086598
228.8877272262536,90.50682361900554
231.13358345625778,90.33051219874407
234.30893072684717,90.16135451801956
236.37379422391052,90.13707688503852
238.47862548191085,90.16856796738713
241.4482510142152,90.20629760806425
243.19939143915659,90.1902458444191
245.52453504822802,90.33070885912412
246.6596603993537,90.60205785411509
247.28603776611746,90.7972679297502
246.4684548044101,91.05633519792516
243.96210773608388,91.38259695942335
237.7729020938495,92.34745811237529
232.37083426869475,92.95400014652178
226.50226317095135,93.50569726974923
217.6021626981894,94.34672250395231
212.06614283302108,94.45946396950968
206.84460517811354,94.71237607852613
199.7621750274269,94.63980957667826
195.6388316768375,94.65594658364576
190.7589574810272,94.33925123021693
187.83186897846392,94.27077407343782
185.30806466019175,93.98903414972536
181.56662716506105,93.47348276261498
179.4690504359495,93.3429540402609
177.2023697332749,93.14001139298375
175.90115059017916,92.85284446016732
174.66859846640546,92.70709201324115
172.39302533242414,92.369443401527
170.51509865964604,92.4024965478225
167.82433659395915,92.43246117405003
166.4075142758353,92.6839773684577
165.43980054149543,93.0205160146523
164.70372253350237,93.57571085802226
164.53362174801404,93.60218796941955
164.54512099027855,93.45784870567196
164.53181814505695,93.39899963637879
164.59152817162123,93.278478867229
164.77031971077835,93.16584454371933
164.8753358050142,93.15135388351806
164.9624244490774,93.07832268611828
164.98477502307676,93.02330733810284
165.1422548073558,92.84470552557158
165.8348341074614,92.54223462012108
166.53800612586286,92.48026214926699
168.284975738511,92.37504231138817
169.37320080706453,92.34581620546477
170.30170077195555,92.15406177729737
170.80494053207323,91.65578028692742
170.38054475519982,91.31487759776999
169.5249541970323,91.06805568972727
167.73080063241295,90.89352096563329
166.51399516950485,91.19913235842952
164.11010252941657,92.4718471959433
162.0140126498596,93.52652693062753
159.58365317312877,94.38435860203806
155.49996916631125,95.76223221395517
152.75737905987123,96.50055158190683
148.93307439731367,97.4309164212313
146.6720771559102,97.90890723909374
144.70220394610095,98.4243890406346
142.08813486229533,99.13171631506683
140.28511974236642,99.54152512425438
137.64992143869702,100.37141714173184
136.2013651694939,101.20152994139097
135.02424851706144,101.9799761102428
133.65287186897913,103.0605501385787
132.8006394969494,103.40178310079455
131.4209124675374,103.71360588040942
130.4856190197053,103.66297783885277
129.48587976351268,103.51500906522172
128.02483305408168,103.08060858603783
127.04302110757249,102.81633909214551
126.14973067769029,102.56131780714074
125.01962374551907,102.27553924608696
124.43132967262322,102.0635140746317
123.90054658024026,101.9765915706247
124.09469164026994,101.95544103180355
125.05590736863925,101.588427599829
126.15869288203203,100.57970668468461
127.52863938511612,99.98839291679771
131.13076437695716,99.30100141428944
134.86664471744274,99.13618144850288
139.93298198532273,99.25206097356607
149.14465155748448,99.57084853910091
155.9371008772639,99.83378252171514
166.03007382455812,100.01244288894597
172.38339466137407,99.91987323974345
178.54286976524688,99.50957142117156
187.3531992766037,99.01416584482428
193.255857367407,98.91006110029406
201.9709203730945,98.75424999755269
207.91506627126552,98.75631803525725
213.9437397979235,98.72151275268344
222.85116882768145,98.6150986411983
228.3560203654194,98.61297805461227
235.68026879808218,98.72591870078247
239.79322251532346,98.84691205694074
243.5634810292863,98.94408673026166
248.86899319463794,98.92942394914414
252.24740354458328,98.83120184079175
257.6083662794417,98.84277290234184
261.4075482202837,98.83549250239123
265.4609196325351,98.76692799545751
271.9855733023156,98.2866874466658
276.0471507341382,97.82487149458741
281.2451157259204,97.37549410203881
284.4293180038858,97.1556504542219
287.43769497860296,96.99415423356444
292.39281052033687,96.74395981500356
295.9512216080462,96.69146758908384
301.7497885881365,96.57354312579714
305.4718125091686,96.91703472098754
308.74762981554045,97.34230581396434
313.12884801506493,97.61933789192184
315.80599717111147,97.91248821242175
319.67977390250724,98.14745513567213
322.2983887442499,98.20023926892077
324.9853909483562,98.19527132124551
329.0522431614211,97.9174254983179
331.8508734115121,97.70551203403751
334.63517713096627,97.6032454761396
338.72884959868884,97.43645944807793
341.01724124939665,97.35048958065688
344.20223969977394,97.24995062561474
346.3229506611989,97.41966772447246
348.6206291980238,97.5120158123853
352.0790945592745,97.71368364119056
354.3850748912955,97.75492108129978
357.6344985880104,97.86724607383398
359.524480358058,97.92431138565765
1.1877754874104767,98.04780239324472
3.5616837057398527,98.16041147933862
5.196118501776425,98.22161127827509
7.733713905015776,98.27852402736612
9.440213043557492,98.24744471494526
11.084153976605762,98.28935206681966
12.920639191838063,98.4350123219317
13.875766802914939,98.6690650211764
15.374735761929742,98.64929977037309
16.420970669706293,98.58527223816259
17.590126682916008,98.37444688576588
19.24986686299374,97.96762543171148
20.61322217390773,97.52101372202443
22.679743977675543,96.75852957562091
23.86656418058743,96.42865842211671
24.634482125851065,96.21329242136328
25.42207551742993,95.8294885023408
26.006252563013106,95.63458657753131
26.85828199144376,95.39679846095343
27.20351522311711,95.18590275427837
27.37693972262292,95.1115637136465
27.46038228501257,95.13340133470078
27.497252352896027,95.17097819961326
27.455171477372886,95.20573314360489
26.790074936606402,95.39423878923826
26.085104899810176,95.47677402370785
24.482125802426054,95.1277594030545
22.944690910451442,94.90731507380238
21.497985822506138,94.78514487384936
19.161354899521257,94.65317672615642
17.474326284928594,94.52755927162772
15.53064858794184,94.56991371791086
12.474607798557685,94.53219235799281
10.11465241461309,94.55433700050415
6.637973010961133,94.28279070482472
4.218884136368814,94.28177462787077
0.1976476464742234,94.50777729424405
357.2353233915803,94.77990523171333
354.24534957716276,94.86801658821771
349.4415835012664,94.99831175195838
346.1500203727418,95.10421778459882
340.8737461995579,95.3747834381054
337.312887297492,95.34023722475276
333.42219237546476,95.22578343762248
327.2344714651209,94.8213716167506
323.2554713302957,94.73302349491982
317.6854680607741,94.59796329776181
314.2899204217093,94.49331346178313
311.0914962655673,94.59627816481246
306.6706244076165,94.69001743938375
303.77018936121164,94.845324682851
299.37560335330755,95.05370054922373
296.5455259255924,95.13490962553874
293.83435787773385,95.27748563972382
290.0044119931039,95.48149709472759
287.58138637362964,95.51769771776064
283.99891614696304,95.57496369237019
281.621535752829,95.53199393992702
279.2148041403265,95.47988317008456
275.56718713412243,95.27719651042091
273.23305777237306,95.23888697506327
270.99974728465503,95.23710557623754
267.9901962838923,95.22681239071999
266.09565696059747,95.19687759959086
263.3903029647227,95.20236313837906
261.59894611017654,95.19554312836868
259.756370652093,95.21074953541749
256.87773767309545,95.31431479598564
254.93940474701043,95.35729291403659
252.19612956181027,95.46061680915491
250.5434252375666,95.43313818303596
249.29675044339024,95.33636962462958
248.5538908204747,94.73157497720483
249.04243310269777,93.8226435611197
251.52822908820735,91.10662162343468
254.48494831989578,88.77868180252277
258.2128593576357,86.93075580951908
264.2778767633225,84.56322056669407
267.93491461718685,82.96016311451822
272.4484449479245,80.99091389430795
274.7338230423111,79.72962645161795
276.57234095652893,78.67398010500759
278.51223198289614,77.3861836546062
279.33720703236304,76.62173961920404
279.73441099270906,75.88793363575618
279.42941900429673,75.9369543675764
278.66156215867943,76.37677632811642
276.5802691528759,78.4539410328605
274.62367635177674,80.39170937372539
271.1750113046962,83.54174718516857
268.68835355399347,85.86085499358062
266.08794713565493,88.28017754697568
262.2869295778391,91.61930994670521
259.8383958406564,93.67405067678361
257.60836354184937,95.50284729442626
254.47577893481747,98.17577215387573
252.47704737857163,99.97055275554193
249.63483991637978,102.5959160251738
247.79758973831974,104.31360559341681
246.06487861201254,106.27410337049245
243.7134816384555,110.5336292582899
242.303252336341,114.29328638579292
240.31710609772216,119.3963136485417
238.87065017708983,122.0087558089478
237.36543572256892,124.08095784777075
235.1201933954136,126.3010232042486
233.45853163217546,127.89023753583135
230.12442152203397,130.2223015550696
227.87170986536097,131.22529597288488
225.60363453872748,132.15632235563942
222.83322518423182,133.73663983713945
221.3383179029732,134.8516725144273
219.50994845133326,136.3267790378859
218.59780895726308,137.17236357903403
217.5716609617181,138.01403025672332
216.12377100931374,139.42693971548715
214.8692354240664,140.4024590895849
212.77349225519418,142.23843351655245
211.35738445188096,143.75462707102145
210.1450712561431,145.50036685434222
208.69895976049494,147.28626215532245
207.68576821283747,148.25307233453182
206.82015090356836,149.1556806579756
205.41218858912708,150.15017193348518
204.70925432426094,150.3020258731915
204.13906151813978,150.2326690564982
204.1994587399703,150.20603689930098
204.57023202859796,150.09331713208505
207.25301530971794,149.36063648885465
209.79185888443985,148.5338914765017
214.31189918954877,147.0464345459349
217.42124078867624,146.30532052769334
220.41249598653332,145.7684956185082
224.36881508524192,144.86821377380497
226.67940102115742,144.16840001671338
229.43748070663764,142.80023429917244
230.85632933727302,142.06725067133362
231.94375326266209,141.53234747840702
232.88461698961996,140.63892169033969
233.11414507295567,139.9586971187619
233.11398801737448,138.97208875141095
233.08107771833815,138.4275632687182
233.0183724926193,137.89453997289195
233.1438649242907,137.19877875356187
233.25888552167692,136.61968149558314
233.44712781597445,135.54107690871282
233.4767740559265,134.7181292270884
233.50977039334205,133.91609278382106
233.50508010353533,132.5267029362441
233.48596867939466,131.5569730815098
233.22832946072793,129.78015112613582
232.9581447404746,128.54592093688154
232.5713148389941,127.42273646446178
231.77266140021905,125.6365242005364
230.9455579777843,124.2537882459064
229.25894500717354,121.89633901883452
227.26321645405392,119.88374923763064
225.07096244001735,117.70931454752076
221.1991802976059,114.50882527707671
218.79466743305346,112.91746730108088
215.78915363008133,110.53171965985959
214.05851779214498,109.05630428298583
212.53263400709017,107.77247542368056
210.3227014745937,106.24556463028452
208.86524967248053,105.32564921371461
207.26579314145056,104.59718183826256
204.79290907011085,103.46130845761836
203.0168405088019,102.73075213133035
200.12961200951335,101.5008208568461
198.18827894824233,100.70643575448463
196.21867333012074,100.00022389480739
193.36876828669335,99.26654704275394
191.416562642912,98.85308608060286
188.3728841140442,98.12908651905532
186.13204066411578,97.65367355491009
183.71075723855515,97.34700061524074
179.88588212450665,97.02280539279005
177.20554537287052,96.79922862281721
173.0125205756652,96.68069263365436
170.2976159962653,96.60312012402886
167.7072664472424,96.62278095482098
163.9862198505163,96.7081155277274
161.67203136620327,96.82256397478788
158.3111538224978,97.05832869799401
156.21288436169814,97.1259221878557
154.09542570976924,97.27761916663347
151.16500021557908,97.48653240388276
149.310975857251,97.63093056538267
146.771230751945,97.79992389724998
145.45301993592216,97.98948336238927
144.46707952385736,98.25763259083153
143.63932466525452,98.78704779558112
143.07388642122558,99.07379220545572
141.72064159575717,99.5169621008873
140.68432721809276,99.81440030322464
139.77646237729584,99.99828836551048
138.83235320017803,100.47250221630927
138.53114860064517,100.69399878273549
138.39990613098607,100.93464608594208
138.43729486897084,101.29354570885519
138.52708688152143,101.58480635581859
138.61007259137216,101.71620223681809
138.72166496758283,101.81312378494816
138.97188577531924,101.83943571139271
139.50247553105834,101.57763855559654
139.2236738859567,101.13499068218398
137.4747017724074,100.52492579340536
136.3765463791428,100.25415968296517
135.54438603773997,99.95680292336982
135.02842930420616,99.62465694963014
134.6485469140827,99.00231894236941
133.47905775078146,97.47599931296081
132.4775643607505,96.77809127972974
131.24461939415403,96.20938585416846
129.67386115523297,95.34019385866013
129.43323077215763,94.75375526052144
130.5819870726144,94.14358903462846
132.61979028655583,93.83436697767657
135.4666832746968,93.49523283480143
140.60518897564242,93.49180105255567
144.08391116898346,93.76193603017165
149.02504421201573,93.80205177288323
151.93405745390032,93.59877590931502
154.3968727610341,93.39269328913949
157.73296520235812,93.41584189859746
159.7453627525548,93.46159608118435
162.77125088659335,93.42414154280124
164.77242697924692,93.41993958342789
166.90203480931845,93.38664760109069
170.1197192612251,93.19338464490946
172.2556722822039,92.90649788297165
174.37782159233421,92.5878855161964
177.7193559418364,92.27294176973027
180.04947347104218,92.11204193952396
183.8742716959069,91.97928706557954
186.74481995631976,91.88235751847736
189.91344363404747,91.90860359830882
195.15030851031992,92.08962207081134
198.90955669647323,92.30316763081048
204.95532149995816,92.91822760844127
209.1834778685446,93.61524400170342
213.40581963350343,94.36932980009709
219.53937456640085,95.14256747056982
223.45790191858106,95.53140764747886
229.0697179161117,95.84846418114876
232.7124261409554,95.98643821981501
236.22044295841482,96.12145805680606
241.61066812186183,96.32942504549044
245.3335001374116,96.50077532163935
250.85034669515858,96.697451215261
254.4608111624214,96.84724748842909
257.9439066213748,96.95836833017192
262.81887567164296,97.06418329871667
265.89699597694425,97.19828738482681
270.3358965477949,97.3356851930203
273.17822325797374,97.47529174050787
275.9703637113762,97.587703019512
280.3217337456101,97.82858421887288
283.1196243541701,97.9578525696681
287.11102601493974,98.33164494606616
289.5194311351753,98.60851058144576
291.81680930747046,98.87194627529816
294.78568994937746,99.3172789350882
296.57521182751657,99.54278199168928
299.07699879236037,99.87969752532173
300.66400039096135,99.94400915573286
302.29351804429245,99.96804054004163
304.9094050878306,99.82504762273686
306.67121233909063,99.74580329961448
308.3193652241197,99.71933427702334
310.68483068244655,99.6191591775112
312.2786692678145,99.53575070358934
314.702868212607,99.41300846549575
316.220384509302,99.39912646599777
317.52643203093453,99.59843752653407
318.8714063326703,100.01393696606466
319.45528074538385,100.31527942783742
319.95211789975406,100.67995427023334
320.2531547983218,100.89910351520413
320.51210555932215,101.05514557236258
320.9166752364723,101.3521271017833
321.1501099551848,101.54105058554616
321.4421200039579,101.82346141349555
321.6246850309497,101.92225102434003
321.6747553331005,102.05163620277668
321.7008998986304,102.17286366112485
321.6504072182956,102.29537681676908
321.42469649720965,102.43202656467624
321.16432814523205,102.52282935012138
320.908464887632,102.5972259232331
320.4835969544597,102.72724573161062
320.21761679142196,102.7894399523721
319.8328937850134,102.91017840046676
319.5937623950347,102.98478486320221
319.52174280397105,103.03369605460203
319.38754325065906,103.15476212953233
319.2876032978961,103.18184686924319
318.98816130584635,103.24532694165553
318.6468834189838,103.2244949643891
318.25031521318016,103.24369794586764
317.4468938573542,103.28777357401178
316.856930035443,103.38489871576157
315.7296337950621,103.58482642544803
314.7227498268985,103.75679801273279
313.6535069245249,103.84703756055451
311.9275177923553,103.75805097368413
310.7204418640783,104.06305172405358
309.4616893705361,104.59569613222914
307.3180662411323,105.1341309751255
305.74811214171586,105.39634217234061
303.17701477548974,105.40347838224815
301.1757706870126,105.14513295648693
298.87354375567077,104.86123092543244
294.9835830217621,104.66858696767157
292.19199340425433,104.80275928331484
287.85974381217306,105.48915904905022
284.8930729349827,105.90135302687872
281.8857176213636,106.24583414642278
277.37818159398626,106.45382422289987
274.23807042771915,106.65586489831801
269.3785401240194,107.42623725692235
265.87831178657575,108.12307127927674
262.2700588367074,108.70983997414037
256.85168249127344,109.46022725270312
253.37963811564885,109.57769395072914
248.66601648546103,109.70775891213434
245.76765548496803,110.14775065542432
242.88333779863592,110.86656255900438
238.2806302471406,111.84776697435647
234.84012817709365,112.76277288047716
228.71496255044502,114.46471896790207
224.58721966023222,115.58331539494822
220.5235650689305,116.61551739147205
214.88673012563353,118.20605128444839
211.3678674096261,119.21344814397555
206.45240213240294,120.56576981520351
203.20328467240495,121.43825830742351
199.76508691811696,122.17220815375552
194.82282794907516,122.62427345186384
191.80419965817828,122.92329012490916
189.0429246385835,123.15479493882223
184.9874993599937,123.42085281980337
182.25248356554948,123.44511853273497
177.62824459019413,123.16569730883538
173.9342315123047,122.57449765540554
169.47823756215845,121.6254627818381
161.16579513576684,119.3390472348345
155.5920197005107,117.81094941629827
147.8390634274533,115.68277057001141
143.16406058826036,114.42490012167544
138.78167410424305,113.20423343390544
133.0581630271867,111.39808118567036
129.77764203880724,110.30858076692292
125.53279909668937,108.56256920313467
123.03046592063706,107.46033020307105
120.69856515626871,106.44713419035348
116.97847179876558,105.11847486361027
114.43319112640886,104.25314920137534
110.43138219206648,102.95658803773574
107.86409033130155,102.2654856249837
105.2878015297118,101.50410878878986
101.41362070264229,100.60142604901469
98.58824052789001,100.05104695446713
94.1452852556173,99.60069010987644
91.10254340164803,99.45020623383994
88.16803651124462,99.44242261084474
84.2219193713811,99.56512827091163
82.19380695307649,99.80950071038838
80.54498791694809,100.23648494774558
78.9458975127674,101.06317032716686
78.2796401251305,101.57070316258334
77.31732976673776,102.24880409772072
76.60353858803812,102.74446504422208
75.78812979432551,103.19032099753909
74.57127890182304,103.85799512003973
73.86149858181494,104.24026590547327
73.10696399042182,104.8063287466656
72.75507903903043,105.21857780195292
72.61043058733485,105.63510881492329
72.67634552164799,106.2741694085766
73.1300253589023,107.13640860692867
74.55357194082144,109.90393342648959
75.8626136522288,112.0494071865387
77.00937323453283,113.7255503614481
77.91903645892778,115.51345329004127
78.03517365010153,116.50909874525516
78.19778758823136,117.52154523784722
78.4804325054791,117.87120064114873
78.96497598977221,117.82738645295896
79.82034512731121,117.60426239326935
80.33814821745443,117.0123746820999
80.67789004915893,115.93476083666022
80.6222882634849,115.32355305252375
80.40093635606769,114.82866501502994
80.26986550239432,113.97067532650047
80.38297567732229,113.32576545713695
81.10318241628784,112.08713232007713
81.99259047681637,111.13899425632263
83.2687769587967,110.03514612772537
85.60723567272495,108.85075361838196
87.24959490306765,108.35413532689938
89.67222080541157,107.8624342803379
91.24311660049842,107.4172848786922
92.84828819537015,106.87681497588038
95.33030977270292,106.11992027747863
96.99458086349046,105.4736488251947
99.14712355519583,104.63509403501534
100.29824651363148,104.16124800077567
101.19649071724443,103.67036680404959
102.32060032622401,102.8000223072939
102.86251628329586,102.00450343793818
103.3873476627925,101.23602906981112
104.01768031649833,100.13390673953906
104.53114717094769,99.28382859577067
105.16154400910462,97.87784424955291
105.65041361122985,97.0106742639066
106.25510909020268,95.98945250625637
106.60080468277386,95.40029731422884
106.906984948984,95.05698061638783
107.88086520055131,94.58400194143769
108.75791166055356,94.07484074803847
109.79297186477334,93.7218866459422
111.54593544084588,93.34963326079004
112.96694075670021,93.30826766712482
115.46546491654978,93.8037681166485
117.46232100374226,94.74653122928173
119.78544497210923,95.9835412763906
123.81052297333602,98.58662105569792
127.00190715465043,100.38031711689827
132.22729564646585,102.99187162421642
135.53530517057297,103.59505339286956
138.6125580614318,104.35061136749994
142.93322279267556,105.31657968366352
145.76412656602048,105.71050819773293
150.03901780626896,105.97238669119068
152.9445925988792,106.05157877179212
155.8818589935392,106.18358148694557
160.50466175547115,106.1956234813005
163.52680459973553,106.23970518044814
166.42039557801613,106.27853615496059
170.4970360707311,106.22694765388142
173.0530509539988,106.12087370279829
176.59522184441144,105.93334781630666
178.71441743842536,105.82891324850708
181.55748204217278,105.63226427301561
183.2321860287931,105.49016763702751
184.68091575163524,105.34981795806574
186.30256475775593,104.91198333423942
187.1119570934919,104.52990625088222
187.64869971694222,104.05358408052379
188.1449260920003,103.38257768195355
188.32191713987683,103.11966927732121
188.69300160171113,102.81043670124234
189.13760548428132,102.80809383201276
189.70581778558022,102.92793102786621
190.72724694787894,103.1917040896962
191.53711565917502,103.360759162235
192.72038552464034,103.77263171543869
193.47080415224508,104.18235415158242
194.16073567715594,104.74310384014787
195.1877136560971,105.74226402353867
196.0158149139821,106.42067938714243
197.28155719846836,107.43075251688892
198.311471300089,107.89893831023781
199.44371557671587,108.32335946226604
201.29583732234425,108.87915963950569
202.59381790085766,109.19669819090895
204.81080347385404,109.57418154263021
206.44481636577186,109.74887971975157
208.10833046002222,109.88698883258778
210.69788779462573,109.86059446794434
212.39519594414253,109.7187177658166
214.8123318667081,109.54594816572228
216.3454709086066,109.40611485380069
217.89756861573238,109.17085882045865
220.45558726768502,108.75911828194488
222.40613594061304,108.35058200010279
224.62745431396291,107.97180775464474
228.73298459847067,107.48497541832248
231.84829105768864,107.2532683233787
236.4743208695274,106.88079950464024
239.03955292518916,106.5585263767148
241.09699815330114,106.22281825514948
243.5450282336529,105.67675025960597
244.7741575269073,105.39134500857335
246.2720050029711,104.99622838343687
247.1572084190226,104.75262236674163
247.99625978444644,104.50230700532728
249.2921897348644,104.22752180577139
250.20346038891583,104.04684114317455
251.36417483215635,103.9913358955032
251.98210351109623,103.99485420787491
252.58361005766926,104.09834338024373
253.31811353633105,104.43682783973752
253.67393983460136,104.65339248510062
254.0464787783319,104.998422564962
254.09379310994333,105.17719562433946
254.06968776537758,105.3202255476131
253.88422518711042,105.66755520435684
253.6075021840162,105.9273720004037
253.0186128098047,106.29768976592642
252.47939121025573,106.50862423051488
251.80268316983847,106.72985334431034
250.2963378289832,106.67326838454579
249.0055590980213,106.44016184958392
246.46742103327614,105.55849112766043
244.48847061858885,104.83320143395161
242.42247193961197,104.02999380673852
239.19245331787727,102.9939574809084
236.9496627711497,102.45710613510684
233.43709063641077,101.64605385796057
231.1932326134475,101.14526024529336
228.86374828998572,100.62562225334217
225.40317050032314,99.9544082771475
223.04492761205614,99.51854624777353
220.86127318018026,99.00334126254079
217.6254595102113,98.28185116635343
215.56007315398026,97.869857973792
212.438830195567,97.30875909581182
210.50531254189568,96.90481283696445
208.55673769648246,96.51235936383476
205.767808739761,95.51413799884634
204.11351119916756,94.5621715420695
201.54580102701573,93.76966709982774
199.78233898317322,93.41622064233263
198.03169578945568,93.19460205780595
195.42798164886742,92.97247086113518
193.76308852450154,92.91805961480358
191.29062709083846,92.93870379720575
189.68208757888561,93.00799614850382
188.09921524574662,93.15558448342439
185.65445238851245,93.38889074738846
183.98222408897814,93.57160036127112
181.63678536623144,93.82538208356442
180.12987372144653,94.09249166917257
178.7175183032701,94.31236426852969
176.74791562231925,94.62671237574389
175.53705238953657,94.81172689142397
173.94073090546337,95.08393357196698
172.95943978246007,95.24382551777097
172.02274829148098,95.36996919687246
170.69377366560474,95.47577582587326
169.96811584427803,95.59577939931974
169.18734119167715,95.57734390125928
168.82268282726096,95.64701382277757
168.5042129428166,95.70069830866636
167.93334514296652,95.97476233792813
167.47261977164695,96.14446382139411
166.90985142454127,96.45120454145496
165.98269068999738,97.11372280732297
165.34513409875336,97.61737607325864
164.38045371046783,98.27634710562161
163.6796566287697,98.74813690978556
162.9458137091965,99.11116309901375
161.78007670033406,99.64821439631422
160.96470374610558,99.93856123054101
159.6075709229472,100.41933956296235
158.71897628005797,100.77459905047252
157.86792682981658,101.10622648285447
156.72625726653897,101.49431563389919
156.10346876181532,101.62801524583966
155.2335493608398,101.92158331708727
154.67119915225965,102.02385452963702
154.14721586557891,102.18455799019009
153.10885794690589,102.54882822279721
152.20421220175731,102.82351418520356
150.53115800590095,103.1203637239986
149.36285849223037,103.21796280893076
148.2444624663977,103.35076654200013
146.53733653420153,103.289459846557
145.46706962532716,103.22408341831596
144.0035297735879,103.17240361354735
143.16077021099002,103.07453445040531
142.4064433866412,102.9996221609043
141.29196120399436,102.96012276368671
140.50416414379563,102.9721932292885
139.19138167923666,103.15194289786336
138.06251914659492,103.227660014361
136.96914768678613,103.32411476397782
135.25634650077262,103.50650727836228
134.17681269519005,103.50594118454424
132.57532545373914,103.64236273980548
131.54830568703792,103.66342586342985
130.4610976317488,103.7106847100376
128.85151933270294,103.79184003327426
127.74169835343118,103.87578180279
126.58838120487603,103.93463104701291
124.86900075217864,104.04126095823874
123.73718029512575,104.15852439140824
122.02758830897729,104.30130653908337
120.94220206805147,104.39423602325644
119.86846172830835,104.48320350439077
118.24397602410082,104.61393049217219
117.20970545942808,104.67176289249703
115.58403218789043,104.73630717150414
114.5827297213197,104.77158058626509
113.5771216373467,104.8751038213186
112.27084471143439,105.0184649853592
111.45469374429032,105.03525158053402
110.08791886311865,105.04829129821135
109.07707883222817,105.20943009186799
108.08973948635351,105.35565181565356
106.59859590812827,105.5865759934495
105.7076350265507,105.7186437598819
104.40756133649639,105.88850363248831
103.66858559050104,106.04113039732113
103.01523343319491,106.21843326498717
102.10689626461284,106.30566991522151
101.53953685384923,106.14635865582315
100.84677087080138,106.02268812566194
100.33482109572083,105.85883165143325
99.81088359512883,105.67518783687291
99.20399915381802,105.39788376599518
98.90916962958241,105.19757793642147
98.68383959769838,104.96712541553441
98.56891656826379,104.80661040074287
98.48633061158239,104.59641517793273
98.44624255489047,104.12063771322161
98.4968878608687,103.82080602679223
98.61251667117449,103.49279069000357
98.9766213381156,103.05421504146888
99.33439309166096,102.82538173477695
100.1504958438336,102.54899018593379
100.83227646066582,102.30893558636683
101.58064841026071,101.92268451326433
102.88014058940594,101.45325697661826
103.84466716917672,100.93365805706556
105.52249203898502,100.20139461723629
106.63999767625737,99.7660704046662
107.75695404009096,99.32343651514807
109.47171152987704,98.78979897831326
110.53212222366744,98.43019487743497
112.09796154875593,97.99631499824615
113.1362974231643,97.72251320442763
114.18052654550178,97.56155395362782
115.98227711342857,97.32045486403244
117.33260937440855,97.2731061496248
119.59927976423872,97.11902048470357
121.27207845919206,97.06271724444807
123.072407371006,97.02573261542965
126.07115073390989,96.8125963380339
128.24259726284959,96.68919655191681
131.71958877821308,96.62842777262841
134.08768680956,96.58037460449171
136.47300781053613,96.56776919432347
140.02440229677268,96.37955075667074
142.39450568206414,96.2836898246954
145.8365025472605,95.96906258168522
148.1163707702638,95.85582321233747
150.39908564194062,95.78448857690537
153.84533764684286,95.71397610240271
156.0355948822223,95.69106701367673
159.23169102793577,95.72136116164886
161.21559505374833,95.70800226855556
163.1917841329486,95.69447525510923
166.1039179281006,95.66012783483795
167.97691707342784,95.69337274739166
169.9406302118421,95.70363441567548
172.8916655148456,95.89366890582168
174.89234022551125,96.00221471732603
177.83881336303745,96.1481055445777
179.76349784487005,96.34829683868497
181.7643756965405,96.58384693499501
184.76042360736014,97.02355060788257
186.76015557604276,97.21051445858703
189.73924212779724,97.58032976034885
191.71412382170195,97.83254423495127
193.69172867869727,98.2189808947559
196.62029270720905,99.00177478945449
198.48101120057592,99.55409140088955
201.0687968192717,100.25055854988794
202.47572001201263,100.77312252087384
203.65425335570674,101.15716738778596
204.8793262042004,101.54129112715142
205.22771445988636,101.70683379525823
205.14097764410963,101.67338461612296
204.9930962294109,101.57539411192178
204.39175824478664,101.18057440463011
203.23711795213282,100.9381753739506
202.37797814680005,100.85963724061939
201.23197946470927,100.87144871336956
200.7105284657874,100.92398310021676
200.32076090799126,101.13423530436717
200.1458353308538,101.61431061935004
200.25806217262374,102.0297664123882
200.67810474021508,102.91536766558086
201.59979854318198,103.47462436175132
202.98786764729613,104.10653849545403
205.9946547816454,105.02180515312028
208.50079003864744,105.54853653612412
211.25503681042827,105.90364930157612
215.4093961870415,106.55837021540614
218.24382396629701,106.86374998537848
222.52138651197095,107.07548802843122
225.41292190217501,107.05274580517757
228.34405769798795,107.00016427857155
232.95861164269326,106.85343591742858
236.4429003434362,106.71796339971891
241.86781472127117,106.54261984075988
245.24164088975573,106.37053060409764
248.31216266372837,106.17269165743159
252.11837771650949,105.81049462126911
254.23592646943212,105.62625791313364
256.6871947198848,105.17082763836358
258.0009334161107,104.83314380597118
259.17473170068024,104.45277588975054
260.6123016280352,103.89573469813064
261.5152612439353,103.51136749370005
262.77875464524067,102.8744379311377
263.6299729247157,102.54057202656173
264.4958537894712,102.24515247417021
265.87714393128556,102.00831173576645
266.69659489182254,101.8201002613844
267.4453227570702,101.27109986137097
267.73724075272503,100.96201743134606
267.86643572481546,100.64993845795027
267.8053499818943,100.5937746607252
267.7536293544558,100.50537383943391
267.6481993235377,100.37305953808584
267.4418819386726,100.29292311108206
267.1091196685529,100.31727120634915
266.52730286932166,100.49993256513616
266.09776027835017,100.52591676974866
265.1356784613628,100.44598920448234
264.40764332613077,100.27292380472763
263.39630876791887,100.38200435373146
261.46087220708654,100.84153216820174
259.98219109001303,101.28225992505395
258.5050141298183,101.73248769222286
255.7824661202835,102.71128009402783
253.82018078581922,103.45749953154186
250.71599282769654,104.4733152344954
248.7899512070918,105.02880484196756
246.8518578277854,105.7748570302937
244.2418914602391,106.68235048970267
242.32286918970027,107.5334713975787
239.59117058237325,108.10682129843926
237.77108971260603,108.78268862184092
236.0657294653066,109.22568359211172
233.49424197652957,109.85497313197646
231.77751216759737,109.79803745632303
229.38907490314617,109.72065094077266
227.89660403730608,109.75424676799723
226.509599026914,109.88827493290233
224.68076437794866,110.3883524152471
223.6466747249862,110.64352197118683
222.20211876242553,110.96975120996764
221.23757932995088,111.05287029740299
220.2680034890221,111.11704934784404
218.89198846053637,111.38115017877512
217.97688745235982,111.41632397943758
216.57289266232237,111.37728028930167
215.5819131926185,111.18309127894003
214.57611043764027,110.9450179094453
213.02317354891113,110.83846055129212
211.9859199831834,110.87339562782871
210.3287619559544,111.1455391410697
209.21555817238183,111.24121433055569
208.1019604719026,111.41720856026852
206.4037034607896,111.6940517335826
205.27430199350334,111.86555211991828
204.1288840279157,112.03670937603982
202.3844355684511,112.10899941653265
201.18293979245132,112.11728048016778
199.24157531023212,111.98104242592768
197.95215946864894,111.74667484540808
196.6196974193579,111.4144574272118
194.61615829434507,110.91706006587839
193.3229764447193,110.64779750566919
191.43554859376462,110.50726302936926
190.21802019041502,110.55219671939386
189.03341035210659,110.6898214979424
187.32689870268763,111.1272213990944
186.26923354386977,111.43944559666474
184.8974537255666,111.90097601281948
184.1246557065173,112.17740285924329
183.36054054431733,112.26304895652218
182.47883640645819,112.38451242735886
182.04690594595135,112.42341303715637
181.62396158051055,112.31927670643691
181.49815504892396,112.2252916942608
181.44174889837242,112.01390382244325
181.48453555394167,111.75606906279215
181.64040455124356,111.44125251876635
181.85634180107155,111.22707378173271
181.91979882231465,111.1058576173567
181.88610777366992,110.99162492574726
181.33380638845074,110.89574049184532
180.7215677061282,110.99764233718295
179.7469583010728,111.22585781924451
179.1557850560137,111.35501755397216
178.77084429727017,111.4609437435944
178.78133523460426,111.45855552882333
179.05451408771475,111.45160978005636
179.95761295574778,111.28841709846087
182.34295265012454,110.84431010368363
184.5937173248707,110.52833910292841
188.28877172371313,110.20637386665113
190.720153646265,109.88585288617666
193.091672937293,109.54457386594632
196.7187448569703,108.85796499955009
199.1050532152591,108.40893090956135
202.808344908339,107.60327683999638
205.261937508994,107.04790705306799
207.76623692493837,106.48929688167141
211.4804746731412,105.71998678034484
214.0745517069883,105.18211793208752
217.98705676687723,104.816816960038
220.42308691255994,104.7263482808363
222.57262266572118,104.70841432369656
225.45230505210014,104.61919110978316
227.27529188817383,104.61091880925105
229.9701843644361,104.5384167067077
231.8358294312218,104.49403405420159
233.73372419148836,104.45322436885505
236.5856219919821,104.29197300818576
238.42254935020782,104.19437100351796
241.10461979832016,104.16212892688073
242.9133540886512,104.10585110612699
244.67280809510362,104.12247387169792
247.2979023269024,104.06157758706937
249.06902625292827,103.91391154302323
250.8090516255219,103.80241809823185
253.40462993421266,103.55221649478024
255.06237799561364,103.55696756967944
257.3829524776903,103.74566094877893
258.81752332278387,103.93556964384106
260.7854041372923,104.04626176229334
262.0315297055854,104.02400016491532
263.18866188892116,104.02278632552222
264.8795437667261,104.02029992870337
265.943503857281,104.03763830509591
266.8797328061357,103.99471489244218
268.2324275881101,103.88802709276928
269.12686032750076,103.81674781629016
270.2967803948272,103.69191895947071
271.03598815893577,103.62564108928214
271.76703805370033,103.56783645804438
272.83473286593744,103.4715755030366
273.5115113274514,103.44536550412222
274.4820674394654,103.40124655693101
275.1075272481248,103.44011015514465
275.7428227866217,103.46338809124386
276.7362406870085,103.444881116263
277.4247780467226,103.47143278881822
278.48162110650196,103.54737603537102
279.13321286129576,103.69243658684616
279.7434077530522,103.85237906897727
280.47134717683036,104.21697750527396
280.8473593242519,104.38980411816394
280.94468373671214,104.32979172343653
280.9851654348899,104.30028598471063
281.02627671800053,104.3009337328067
281.029307648121,104.34119613327911
280.9286835447896,104.40358375193362
280.40995942556367,104.56006787983553
279.8839493309348,104.70144612638587
279.1158523426628,104.8190208891795
277.4147112464442,105.09528124581367
275.9974106613692,105.26610121233823
273.66594952969433,105.51859977041627
271.87870650352284,105.74655599887309
270.0729287802659,105.83846314872274
267.21013039062643,106.14436383599417
265.2332438759144,106.29659615846077
263.2482429031517,106.40449685266205
260.2141419523145,106.622592143373
258.1142774214174,106.77852765163827
254.99597783365704,107.00387157362353
252.78482795314585,107.0414358053151
250.67545932668568,107.07177253893686
247.41318047271363,107.1189736903562
245.1447371669729,107.17609474661884
241.65179757575598,107.22889225442128
239.12438137279054,107.22305259294288
236.38777414963062,107.24262211849857
232.1629634767021,107.38825352065926
229.23113241201733,107.48069388233638
224.99259311689752,107.67705429536927
222.2628922769236,107.7025752365035
219.57357140246017,107.73287168626482
215.7614182033447,107.8958294986518
213.55763128709097,107.98768666979404
210.451859620624,108.08374435685133
208.51332262123896,108.14461546846456
206.59128266478558,108.22818075136654
203.66000528348113,108.27609704412588
201.72240492891433,108.27205310021562
199.0015226377514,108.19000508684715
197.2022401329681,108.0187360953612
195.47268426335168,107.89478620106316
193.06186504400264,107.52429096810862
191.56036869596085,107.34065757284307
189.38311699158595,107.08290056683063
187.98233442897987,106.94780893490469
186.50698581217438,106.73680267515215
184.30937379756037,106.39677780945883
182.68667951508397,106.2272451980837
179.85923269508015,106.10221758759093
177.61750996064006,106.1089423725486
175.0576616271667,106.17789126649654
170.7415196272935,106.26231563114385
167.81878182319662,106.18434963404358
164.90069667417364,106.15830154314725
160.66175606703825,105.93695294072248
157.87774578780426,105.80895385043924
153.78357215762253,105.36234690214607
150.95748763450814,104.98233690842017
148.17990536385025,104.62028788541895
144.03348279336353,104.05722898677442
141.37901313670358,103.73084184048149
137.52827261326343,103.27132977484483
135.1613299581286,103.0795938417436
133.04234585162027,103.03073761756552
130.19920474564853,102.94292464266415
128.52364199148144,102.93884180614958
126.06876195678075,102.9762718054035
124.61205384947385,103.15697875725205
123.33454922881145,103.31828270118028
121.6419436306274,103.57430473856343
120.55139338755717,103.6160472065916
119.1088684031606,103.66209777390327
118.18843783101246,103.67295788060139
117.28351389348305,103.70358120662365
116.05742893985337,103.82180947843209
115.23715936357478,103.9448291206885
114.43994499991813,104.0012659003892
112.85882629647192,103.9278577500052
111.70168400730655,103.92176240679827
109.7164677238799,103.77213961018175
108.37274037253908,103.59296219437745
106.27477074255897,103.28696208976125
104.89507922174796,103.1788069372682
103.53359421295393,102.97156077463919
101.66677054327845,102.64638007177096
100.48810609664217,102.43465770856771
99.38886029313103,102.24667146515542
98.03382441878377,101.9209703849435
97.24488272974338,101.63615293389122
96.3086759755548,101.33931904520918
95.84055260051458,101.09692630463225
95.51411824244204,100.8247415345339
95.23380804054692,100.41415081700531
95.15760064538178,100.18406258371573
95.12373557726787,99.98780318165242
95.08452591415026,99.80600237310158
95.09352999975877,99.75680067067101
95.2163694145884,99.67618851428892
95.5902671099684,99.92029878518088
96.59104501935376,100.3681685205943
97.53902883278576,100.70478283272405
98.59620293497402,100.9593079217251
100.72096049848963,101.10963972931968
102.3040077091193,101.19418034951005
104.98200698556482,101.19928218218135
106.96744631745041,101.492060428129
109.07316054002503,101.59408166944866
112.5523024400771,102.11786950148975
114.37176218807102,102.1532490598908
116.23775681474595,102.48239967685524
116.70548960503018,102.72074950306977
117.10841285128669,103.1957747607698
117.68872247758938,104.01477500955761
118.11258119201514,104.35966680834696
118.973241190284,104.87851125879392
119.63736015332523,104.96637074108058
120.39850408733196,105.13758100571035
121.81659940325693,105.3021462725056
122.9952867400155,105.46719759314944
124.80707340564703,105.69415427060578
126.0503757043511,105.94981624337689
127.27891009816241,106.14313435267601
128.96013927211172,106.20703504583896
130.056978074597,106.23938663745727
131.2950038393809,106.20560182869833
133.23159022492268,106.31477113161483
134.69581645569252,106.40815585791432
137.02230214632092,106.36268990190098
138.81987351889435,106.54860872474154
140.82350993506287,106.72708095446214
144.1007190299452,107.04304827854719
146.0486939140624,106.92537433945213
148.657837896034,107.0139831040868
150.25303483335608,106.9408795204196
151.96614456023627,106.97729996001709
154.53527270506987,106.7632521471628
156.29482169944492,106.68869252235201
158.9608827823512,106.34220523961783
160.831981054364,106.14886519136365
162.8616557782891,105.99862744040614
166.0079816563578,105.63036057129501
168.22200851798547,105.54358618816534
171.71874348608753,105.23767611956944
174.18668244882372,105.09224438305901
176.67563562900804,104.84570013869462
180.30364452458895,104.50898790200434
182.72231424551603,104.35465669636379
186.3212041656286,104.04923867401018
188.6604286883568,103.76493092598328
190.9112094595558,103.50898287108787
194.16705506485164,103.21694892871419
196.25329280442963,103.11307948861122
199.34725198424033,103.02406646220231
201.32535563743645,102.96824491890973
203.19811456785894,102.93822768993124
205.79141672332796,102.92524244948213
207.407078685435,102.90289693034559
208.84133543151293,102.89746655387698
210.7455243205735,102.93294498737556
211.8846417220771,102.87650464628379
213.56014293003454,102.96017957697846
214.69256697056534,102.96880831214851
215.8806261637695,102.99664517739585
217.81271304872075,103.17818196974488
219.22593336539256,103.23504584318687
221.69224453681272,103.13797864116385
223.5446691206588,102.9524582073947
225.53448848868442,102.71046729025548
228.7190597773676,102.33968927438224
230.83808545878213,102.00391035568805
234.02000268331395,101.56385779453238
235.98980019004316,101.2919238945776
237.87008370059002,101.080093072068
240.39482412418909,100.9151800376528
242.02711117360664,100.77310030306023
244.33300513510488,100.68810233214415
245.8307932773783,100.4890720965579
247.22200729113842,100.3679895501796
249.2280172712034,100.25300115519873
250.4869934537714,100.23866399155388
251.72298804535632,100.2644196894823
253.51923082213767,100.39699692419924
254.64015193588426,100.49155090781662
255.89235745154997,100.52128803675129
256.470729300785,100.60223796338464
257.05110660830024,100.76305668350824
257.2465267134811,100.85440036122282
257.404388202759,100.99056747939174
257.5800047345106,101.10870627685038
257.71950449292115,101.18570971150115
257.8912540763636,101.24702104022478
258.0212419212019,101.2778977681192
258.0939064157981,101.30657302755395
258.1020778184052,101.32288202367458
258.0353674840273,101.34686636001237
257.90205742706576,101.36651246212222
257.6782287222219,101.38902420960775
257.5345298031134,101.40415865273349
257.22384679910124,101.453624055838
256.92266766376076,101.49453081284011
256.571757828095,101.49316785373237
255.97879314202362,101.47054207882206
255.62510053915537,101.43428310514837
255.08401812795938,101.4562420852985
254.7214205113338,101.43492860008791
254.3784466734084,101.40302502766089
253.77536258151156,101.36335654097226
253.30728221497526,101.37232736787047
252.49205141461243,101.39396212604395
251.87022496796357,101.3824259818597
251.12301643610067,101.39121808328265
249.87341452201605,101.39077415919263
248.98707551564672,101.39896543403871
247.63264902030272,101.49434988119089
246.6540122627693,101.5424997727967
245.60982972419237,101.61386101461265
243.7487653277248,101.79656176682639
242.3170093377621,101.95251118879877
239.96587365874277,102.19276107856648
238.31550748702554,102.3428267325402
236.57758211607677,102.4896227541546
233.9447405622844,102.68935970166847
232.17515286347577,102.80580735099753
229.44872347397086,102.98227041362486
227.55133010746653,103.08282773694907
225.5555469042573,103.16178979722655
222.3728704050508,103.23339995431134
220.06049103663747,103.24016362453946
217.76524341162772,103.2495895997136
214.17878886704972,103.32184973759641
211.8160705135998,103.3091542149753
208.45823997056422,103.2922184570567
206.34171529960088,103.30227693340433
204.26430139030157,103.29980629974304
201.13623258301973,103.38333113199657
199.01995758202526,103.42269539327935
195.93315317561087,103.44357293948353
193.93025514459148,103.48596784503815
191.9978982447995,103.48687446652414
189.1828914096789,103.49118570154836
187.30033761162298,103.4685437860732
184.57554430133732,103.41605498460761
182.74702966312603,103.31136498368589
180.96726876317518,103.25401557623991
178.4682088446778,103.16363559199353
176.867271933429,103.14504076356049
174.69065076261606,103.25991565812316
173.37588014422533,103.42606853172488
172.22611857476386,103.70961512749443
170.6875428542621,104.5143421916258
169.849833129848,105.25168972747298
169.11748696110106,106.6066321354443
169.04956932225755,107.52562334301572
169.26134857598726,108.32785158728545
170.18600277453228,109.64924670093791
171.12157732124555,110.5493464251045
