177.37107408592558,70.7078570192844
176.87652837797754,69.2640521694427
176.75802852062185,69.08087557486338
176.6542309791305,68.58237060480927
176.63231075655568,68.37968925846972
176.61320261914156,68.07148855577404
176.6255408396896,67.999997408555
176.69411149776067,67.809470120698
176.7727819065292,67.38239066531828
176.79838346777555,66.6073527005593
177.1776614727672,66.05469406168196
177.7849754764939,65.62292279970437
179.04093466443234,65.17963127352618
179.75696538969635,64.8634922549029
180.46634266968536,65.06164127704575
181.31312446794848,65.42671719780506
181.69464532622158,65.66935357848574
181.98860484665232,65.81588455188675
182.15600887761448,65.74751200661277
182.32410617340824,65.55122481036682
182.62103079761758,64.87026336876951
182.7055868320915,64.5230835242172
182.83937001824577,64.13737293297446
183.04294869716495,64.3272713470538
183.16131808730375,64.39024385053668
183.2505468105616,64.29127433340825
183.2083168440233,64.06588102641446
183.06678506884808,63.70657320350172
182.72580537087993,63.0078933910213
182.53180942470354,62.57850885916654
182.32175130042063,61.36377954779023
182.12216861736988,59.923655038602114
181.82147540318675,57.74575351677948
180.9624193593218,54.75340792775536
180.60126409528797,53.60544502252669
180.2014503494743,51.62405522696321
179.75704500528857,50.7585145711392
179.17353605701516,49.71392674920431
177.8614580404614,47.37764935607594
176.95245645975842,45.68337518802366
175.65535296744991,42.98164813789151
174.953056681039,41.611831698060385
174.23479570350278,40.01506998257573
172.7146415082022,36.79337832928173
171.40908726278042,34.49151470503471
169.04689555918696,31.51265123565829
168.08948438081438,30.387879826620797
167.32349976910152,29.756201376414218
166.90010734503275,29.150209184516072
166.8608192820374,28.79679312030057
166.91221763165967,28.693808319126468
166.85668424522885,28.716334221878093
166.642617340676,28.765613550063144
166.41425243935748,28.886426046478398
166.27814994939544,28.917671805946227
166.08108077588165,28.935475242727293
166.828844617752,29.18395206193172
167.90114440351533,29.219604848320813
168.60977843144258,28.909580853489068
168.5903771701268,29.01661719622298
168.49289130423327,29.214268282174714
168.2421576313174,29.40981436702375
168.18615208136845,29.48287567328118
168.24346003675032,29.401788599974935
168.25408745743832,29.15308884403833
168.2428745727762,29.089007133454388
168.1472875070066,28.9202756304079
168.08169604873638,28.828342424213908
168.08476684176517,28.737417377367493
168.1345125366825,28.716199101241273
168.2042038939213,28.72540455859646
168.35384319544653,28.815429708189548
168.7357187175799,28.91449960219518
169.5042899376905,29.04433118024332
169.73696951372807,29.104379639226195
169.90224563224288,29.142331045772735
170.02323746398966,29.206023467631233
169.98500919541294,29.213452115827657
169.8362517389025,29.164701555494837
169.7054338482156,29.055586827266687
169.60000006190296,28.94112708405678
169.49110764187228,28.815623473348538
169.4387358051569,28.72768110670075
169.25333231430827,28.6326420721974
169.16586113766604,28.60526603873815
169.11908093644803,28.585392338712573
168.93756324513677,28.467337235490902
168.4850424785837,28.18974006896981
167.06405575469415,27.734306578073046
165.67389443525968,27.577562487130095
163.9341071572259,27.65479177830595
160.56943354685137,27.932351446458213
158.37194286552722,28.249337639388763
156.59854340421455,28.63825144131146
154.4958304394794,28.97181172647528
153.46458164218606,29.060573723000005
152.11166814090723,28.958124058104005
151.09701478053043,28.80750392972444
149.85467194617848,28.749536009984133
147.45528014711545,28.756556292825323
145.53615561329318,28.73475717042104
142.3459992172792,28.777219606614857
140.01861851151355,28.917599138282036
137.61837838391978,29.093765412151946
134.34104896812966,29.64491885090903
132.8107549125249,29.775129009101434
130.4925209932935,29.807975630983513
129.11957160963888,29.71306711225518
128.09492397174677,29.652699295191667
126.57421772731341,29.59351453456157
125.79366835335242,29.781597968460872
125.44267043012388,30.304894517210272
125.95046517394502,30.94546931690637
128.0654295155339,32.37806045015124
132.10296820500915,34.84004176329889
133.53494297489522,36.05415102616644
134.11859089659023,37.214896180173966
133.7737622146597,37.98713685439626
133.33524850870683,39.13184304826603
132.2002055997334,41.344942114523214
131.4939831344928,43.04864534736725
130.9480192303692,45.67741065406074
130.78531171413664,47.06683230715516
130.6314156153959,48.59849855777541
130.32096394475505,51.044262377709295
129.94909843670928,52.30846709752291
129.47544998977276,54.09298937619387
128.94658564011195,54.80909389720149
128.38198630117688,55.11197398592742
127.52798030998821,54.59131473727183
126.89086329683475,53.583042990213684
126.17783013476634,52.72940913408163
125.34029044325561,51.95808730373831
124.99241924233107,52.4762872044542
124.28808125854073,53.377347197692146
123.71598425537695,53.88602079035986
123.03524263310575,54.04800399288566
122.11148159721083,53.565868654903745
121.74010669630927,53.684445460548595
121.45461286961117,55.83305731731714
121.11639968987703,57.16273146902703
120.59886719566833,58.29325475123602
119.7226571383095,59.78294353341225
119.18798861491561,60.79322438568421
118.39264117865748,62.67267877393316
117.79509965472536,64.13331566819653
117.06544077085297,65.88263983010539
115.00253501488407,67.80929284824373
113.0749804178613,68.41682965574773
109.91067412740674,69.26770261854435
107.66643425889812,70.17392781215334
105.44025144865745,71.91642858570358
102.08998522793235,74.29095644190288
100.24305570771912,75.9789327538415
98.16257264078442,77.78139421668887
97.12441429276524,77.98439558247424
96.39182522938997,78.32919900939919
95.69431759086906,79.27035780142826
95.23565200379701,79.95552580897386
93.73544418913505,80.53569492683111
91.75368536566509,80.98424280643918
89.01121073142023,81.28157616947485
84.11324695396571,81.00582934563054
80.91558728280464,80.07092025255513
78.3196307577978,79.16509621912792
75.72501184287073,78.23218527493819
74.67850249289397,77.97224706586869
73.65419308482258,78.2800270716104
73.07351433962769,78.89436662580903
72.27956227561651,79.68729670763665
70.47338693340076,80.46777943503233
69.1758972176853,80.86874547539425
67.07333404755177,81.11362279015398
65.69800324377526,81.22840466816989
64.41408786194145,81.27248745668219
62.73934330204824,80.6912890444967
61.808615033359786,79.93782329401017
60.758421275989605,78.35430452043667
60.18330792826279,77.16159709252796
59.60988095174454,75.91425423128136
58.6310155886345,74.34642258726736
57.585417418023,73.35208925284522
55.91574993340933,72.01738625801593
54.679909931567096,71.26030961457451
53.40165402286061,70.5373268211227
51.558909621295726,69.62755494146985
50.173202527212226,69.07555804220334
48.10292626737689,68.57570196060549
46.56866681292715,68.46489902375043
45.00536633430269,68.56220100273575
42.512980939954105,68.92552953170838
40.87550663547299,69.26365778821108
39.39636946003739,69.78915451580673
37.168360812639406,70.338107073214
35.54032748096108,70.63890467103121
32.879366393708835,71.01992651549989
31.169747713685865,71.37041517762539
29.585757405358095,71.71472340136789
27.92344663294378,72.31931006975395
27.240810795815264,72.66716891616144
26.435861657195915,72.96712551002578
25.622233301183797,72.95316439525494
24.229887770835745,73.24466128950493
23.15480294494634,73.61086662782128
22.11785070345266,74.10027349287208
20.50054856130697,74.75036449650563
19.565507398652272,75.26284475097793
18.74921596460223,75.76448990538049
17.30878284567791,76.40360864101469
16.04746957055545,76.74162706316963
13.662958419295876,77.53377039476177
11.919353840089599,77.92976509708528
10.2159175511471,78.20274301609717
7.960457476492508,77.9443636015628
6.565540607816814,77.69529078123205
4.1429935375900016,77.19362509545985
2.1774939230730865,76.65862114945195
0.013115748190870136,76.41967065892217
356.73459672066633,76.15850055432493
354.7380244418151,75.76108594186289
352.48451739751056,75.39336427629941
351.38631871218524,75.03480338219596
350.6030659084876,74.62402674238386
349.7780783610924,74.12674474197719
349.17391548535124,73.87017765557312
348.51698888099287,73.69730197257219
347.25333211051253,73.41284876104623
346.23800206148303,73.23101153919404
344.4616835969541,72.99036645436546
343.2858111387031,72.87948234841303
341.5134476408328,72.55260121355089
340.3766334582178,72.47505549726534
339.24183320678276,72.34372848126645
337.5059757755628,71.84302623044391
336.38052346806523,71.55998059493673
335.3290862438836,71.21626206428441
333.80088413877803,70.9479506971513
332.8481875234546,70.89859536021326
331.5127416593939,70.85936002194012
330.53033350285796,70.82418113375623
329.41059931472876,70.75041153999454
327.453968916712,70.65135519013823
326.0509395758573,70.3953616926996
324.22876857897177,70.39985193950605
323.29891915248356,70.51497018500066
322.47941795099644,70.53783408363435
321.5117329528391,70.53978917634599
320.91924908320914,70.64520268356233
320.2098365333506,71.2215539341075
319.86564914274015,71.6790188779785
319.7276413910654,72.1501209005685
319.4761029793311,72.72003076872856
319.37004044082244,73.11216282966662
318.8765315959922,73.52333118628471
318.29054362734314,73.79698006786637
317.7045520983343,74.09928865204732
316.82004640794037,74.28558183983894
316.426030757189,74.36749802226507
315.77435758681133,74.23434625738491
315.3618382079163,74.2019251693092
314.8293302613853,74.21151536833949
313.99062884082105,74.00270177979534
313.2970760669723,73.83062712571113
312.0116725515975,73.27803750429845
311.02011197067986,72.87828665848942
309.8397198351296,72.4464474888091
308.06147109813423,71.96093640238702
306.8412050866831,71.31746938846015
305.6977776745088,70.41182209096954
304.038580574769,68.8685275831154
302.8404959528499,67.54728149188935
300.8748909204012,65.28887440898737
299.57777948116234,63.765436502150166
298.4147036891991,62.28907511191067
297.1057939614846,60.02937459901695
296.34692416973235,58.23174620889232
295.61903510894433,55.83556813646201
295.2929025111267,54.72191735453705
294.9388528701814,54.18024683281758
294.54290794792087,54.295176084860316
294.39431372095555,54.774795055345955
294.041165979751,55.31167990777668
293.8302124352669,55.586759074960405
293.63364466754746,56.337553580640446
293.14615137421737,58.53133212582033
292.88038054990443,60.02776599748988
292.611757560595,62.603899602574614
292.4786998818019,64.65394173474627
292.13694566590345,66.74102560046252
291.7027831706985,69.31766094440198
291.240573996654,69.97362611790251
291.0942502782449,70.49426773011503
291.2927226270033,70.46287632271302
291.4964622380788,70.54712947823194
291.9237571471326,71.47222494984857
291.9997228331764,71.88965958257904
292.1992991954026,72.76527000631641
292.4330854105444,73.43311570675839
292.5862804301629,74.39706751652582
292.71399559378904,75.40563874782134
292.48801222156897,76.01890606989078
291.4601975081273,75.99710169180193
290.60578244558474,75.43463745407816
289.9790865572587,74.96347794290836
289.556833079207,74.52202681612549
289.31987497143024,74.16248931683533
289.01571800827077,73.94856069358366
288.209343217158,73.81511658352026
287.2156250026617,73.86491511597521
285.2211868156993,73.96405732779701
283.2517243385923,73.92523719250013
280.956276555647,74.10649472653763
277.37700801026403,74.04036877438956
275.12031838938054,74.22571772750564
272.8315549727155,74.41919386910709
271.92700358323066,74.78656419895593
271.3612933976758,75.00013930123194
270.0700142419379,76.07999714584574
269.2940802240713,76.69700674003518
267.8308058790835,77.60768455981263
267.0775972713106,77.84888701660923
266.6412268396973,78.05877243856123
266.68090497774546,77.96093824469501
266.74918400410326,78.43174997523872
266.8019046611912,78.91484342247026
266.4118156082392,79.1463395092048
265.8705283199407,79.32844432434888
264.7737907239755,79.3486314905582
264.0323153722496,79.20015505449098
262.7282311924886,78.87291575259572
261.7220526889235,78.388705937322
260.5459755489486,77.73835884825385
258.77559032021924,76.77804190370897
257.4787189594639,76.16108793380926
255.17316598233828,75.25625168752767
253.489656777618,74.85944447312463
251.71120087283487,74.56358409141731
249.1694760556229,74.49383116676948
247.49819303858362,74.32593522795727
245.95812572066717,73.92106613452258
243.8379110913807,73.14251356414235
242.6681508603715,72.58977311107445
241.09883009933444,72.07157723561625
240.21781285445473,71.66436527478542
239.51840894564776,71.10346809645569
238.80793605029973,70.4269264935743
238.5946745114957,70.28959498020734
238.311492242915,69.79891841839448
238.14023988026855,69.31004991611903
238.09360247823855,68.80904886104541
238.2912548819932,67.63054156303865
238.86848498505185,66.23340463118831
240.47661428145418,63.24542661767539
241.4722103399139,60.87661517606585
242.16923007622435,58.76203290645521
242.12876542984355,56.49737781184569
241.87339593294735,55.97201572583683
240.9944092138243,56.068658948659845
240.53394426883946,56.069475373296264
240.3350312943372,56.023771180228486
240.02965949334836,55.743280993611485
239.96870165981727,55.609961309125524
240.0116788596289,55.75747600001024
240.5082731056771,56.15033760260844
241.1772509983388,56.2769791631893
242.50130947289847,57.09489619659077
243.52616898347856,57.94322780210769
244.4402193732128,59.038465228865846
244.6106251712364,59.50653485324561
244.5999139194891,59.50339390663411
244.64962492324435,59.47632852281268
244.79102649072394,59.60522897333966
245.01254659620446,59.90852977569264
245.10130469661615,60.567767801518
245.09439000416702,61.06105080867338
245.0735945164626,61.37496969347632
244.980505082011,61.45286140144182
244.8955222916117,61.45102365312222
244.51725157722038,61.19967281527961
244.1698005995283,60.80763522316445
243.65587122317993,60.16787971008627
243.46343885970683,59.6648601125537
243.30458395786917,59.34138152382617
243.2528177327304,59.39889456268993
243.0011794836733,59.44444560562876
242.657603931201,59.470165345298916
242.56030489446857,59.43947463055911
242.43635033474706,59.470025139718956
242.34531117132366,59.56345641809446
242.3548610101182,59.677366752532976
242.43669699999623,59.73695935827264
242.54085891832324,59.76347552978992
242.70723915441232,59.80449020854936
242.8718585645733,59.832808030097084
242.99807376422592,59.84846108608568
243.18357470946592,59.84986191065629
243.3006852201426,59.829403172135066
243.44800295959274,59.77847512706939
243.55892176232226,59.738446215263686
243.62525977783864,59.66695608361235
243.72226367140573,59.583340493239795
243.7688561059891,59.462770931961
243.80084329289735,59.358035454118564
243.81838766910317,59.2360368074697
243.82360242041133,59.179807615477486
243.88911621264816,59.18880770413243
243.93525021453232,59.20418222064232
243.96702540247273,59.22833609811377
243.99999776280777,59.21301621169724
244.07461167811982,59.271650948199294
244.15742804290306,59.2913977833942
244.2552445825645,59.340945054375425
244.3434684548362,59.36560971443931
244.59328201608935,59.36529542611842
244.80750953480697,59.40360711752197
245.01687548944415,59.44308943859191
245.1598634355379,59.427625947351416
245.2408622097454,59.40054751023361
245.28074663093435,59.435478407444165
245.31681362684822,59.44667588847972
245.4381115480044,59.459208001073954
245.71908745695663,59.42404676571972
245.8993927487177,59.391171682502936
246.17351414412394,59.32674680646794
246.29437871610023,59.25803915290459
246.37433481770142,59.20748722701486
246.48311364541146,59.19529517283615
246.54597867209606,59.18447241662645
246.59470470983524,59.16644298472181
246.65110880888275,59.13735827830209
246.6538601585175,59.10167229851986
246.65409855479692,59.042323628014486
246.63923247610697,59.03330084925684
246.67297130500282,59.07475653466251
246.66766659244536,59.14237010216856
246.6701873030763,59.19005195784416
246.72026331016787,59.204864206920064
246.7793687820335,59.163115639584284
246.8378422528032,59.11750403884532
246.84635220815005,59.11177778639835
246.83616149085145,59.152793303796116
246.83545609844566,59.13851238409485
246.84688620366916,59.10646813649166
246.92428122861685,59.14190669934696
246.99041742032284,59.18393651126708
247.00660225075973,59.20479562564816
247.01620306274452,59.13684859521565
247.0488140047401,59.025324418171365
247.03558022665865,58.897930643532035
246.9064304426036,58.39025527563939
246.8701540231672,57.98564080218514
246.98870506261352,57.5888645782098
247.04601414391476,57.54223168742029
247.10575946983585,57.51401802048969
247.15520139255696,57.56801935072139
247.19843551122756,57.657766281978645
247.26165882503722,57.796679348681074
247.34116225617575,57.82805116384858
247.41437956451685,57.820044765122354
247.48095228302668,57.763827087748375
247.5339459768494,57.77648860658486
247.61651290789425,57.86392810112471
247.67837452848912,58.12920621106927
247.66607633949386,58.77248108233903
247.52679999508933,59.701434754803614
247.48393250122567,60.618344714097184
247.36014263822238,61.84432384517231
247.13227176655414,62.59035954675248
246.82434873003487,63.216733500463974
246.65223142686315,63.74625959918944
246.78411081680463,63.82261628698787
247.14621771226737,63.864179768673125
247.62983871846748,64.09915604631895
248.26895651685732,64.37996882628008
249.40790001002836,64.85942622627712
250.2244086139904,65.33226252736875
251.34551138056818,66.32399630099464
251.65317372931207,67.39857220027378
252.07740301450508,68.61967464851655
252.67333183183942,70.25565899212239
253.40375214052517,71.14771385668215
254.537343946048,71.73727217189645
256.7247416531784,72.59854798623482
258.32015903750187,73.18712334577009
260.42597224311925,74.02889450088094
261.50584665755787,74.52299397999904
262.20435295635906,74.8305217228514
263.05073110610476,74.70008276863123
263.7453878137802,74.47640513585569
265.23808275143915,74.07909971780484
266.4580114506041,74.2413335677082
267.6079730453614,74.4569502903237
269.32296531262546,74.91225010122872
270.3406753418193,75.15076420389693
271.47091515573743,75.24222809319895
272.0592164168472,75.20211453421288
272.9902583701882,75.1354062825939
275.4329054066305,75.21448412320322
277.05165154680526,75.38638501316835
278.8477939642992,75.69823644239185
279.6516502306151,76.05408204298
280.3400523075453,76.30676055409535
281.10784208616093,76.53540711052246
281.70036800688234,76.76827285939797
282.99824004129164,77.27834925299692
284.8225346243119,77.80863263576978
287.1634966028792,78.46653738147202
291.4051307894035,79.46277927142668
294.1659020235383,80.02076906240005
297.92532300528285,80.43765629423243
299.6835150693267,80.68751042278824
300.8360023193407,80.91893358603292
302.89885515348993,81.26585199040167
304.8302205386447,81.14860457804888
307.08273560851353,81.21039311117336
310.65678500284537,80.87407209613895
312.92054508506783,80.79337135818989
315.58843285620287,80.62484065169775
316.99885450368697,80.55419092428437
318.2075089369921,80.37566353030186
320.31967857878755,79.36492925813845
322.0143698610314,78.85278629395069
324.70918463344503,78.392789461787
326.5589149082978,78.52851596091564
328.40830539053013,78.70940429636252
330.2586055269141,78.47141284459181
331.91900021902654,78.52723169847779
335.027416989559,78.26853591612952
336.38036723851735,78.26857427009622
337.4905993559163,78.12508474185171
338.5505313343015,77.87379533740332
338.46179124710994,77.82367159622382
337.60518902418175,78.04548949468487
336.964207983085,77.94951260120843
336.6042950633408,77.82358500981049
336.8362869373883,77.51873735233151
337.518372496683,77.23784880133759
338.8028513945405,77.07491336077527
339.80157712265634,76.88853007456822
340.79113821780584,76.76673235774368
342.20689436649616,76.59514352167862
343.09564953244984,76.39810867853538
344.36611009080366,76.11513396368679
345.2531255769826,75.88736127200369
346.1445022185087,75.70050149329585
347.8126098077634,75.25006494116582
349.12582133812714,74.9674754461829
350.5031144203655,74.70509377018868
352.7269960865696,74.36784741152746
354.20572239225146,74.24089231938837
356.4179261827902,73.56277681370506
357.8979128460793,73.30405510679273
359.65967119596456,73.45937910321932
2.3568167807186455,73.72886659926773
4.217211611258335,74.0564322362653
7.088043999631253,74.36917375616837
9.038571332574321,74.67544259059557
11.031093053061284,75.06606221197703
14.114911098768033,75.7176476006368
16.319359194509076,76.17892473271951
19.43997394601024,76.8409551734399
21.49528084578347,77.01465431086831
23.651185422355724,77.33675220360553
27.01494577433033,77.80391698983044
29.1282035924672,78.07748910022417
32.02707448242603,78.70645716109041
33.702331160590916,79.1013431756418
35.08933752471037,79.16066968946816
36.840021576735836,79.00454260984199
37.77109769211242,79.36457436808014
39.399320405822635,79.57554564749877
40.75167389689199,79.66642035266902
42.39700389907847,79.55674401052254
44.92460660037918,79.38390369483122
46.5483822746605,79.45513359678694
48.89327873951004,79.64573330524875
50.419301749183774,79.69041175271698
51.98141946358328,79.6439176587188
54.21315360517818,79.72352521983727
55.22433008777216,79.79139648639895
56.6692630000684,80.19112488045573
57.77857390102746,80.47698461117983
59.190952774631526,80.75928809038697
61.77998508864138,81.08069281740855
64.01934691996001,81.19963157556137
66.48006794442719,81.22206117023828
70.27331802284937,81.42390063548386
72.74740321913302,81.40189471278697
76.37373252391485,81.4738065363335
78.70936216762935,81.7194921678039
81.02968747093388,81.91923803478095
84.16031679818344,81.63031725325861
85.97977804331607,81.00929012433066
88.38696549760257,80.15132982773393
89.7683960444435,79.77170967878902
91.07813584361776,79.40624474610016
93.21412983486046,79.05284801158992
94.85966545784865,78.9506783077955
97.31993237831274,78.88992209083597
98.94233731695935,78.8000112271862
100.50108434872506,78.83746884420906
102.60532821033652,78.96310647238118
103.8246197139702,79.05212959321781
105.54283340549763,79.41149755068676
106.74574087158233,79.5625538997961
107.86754801585768,79.6244066877882
109.40405428877764,79.54633065402878
110.40059874250325,79.39552775640975
111.94790832028873,78.92698512718059
113.02461221031561,78.66262306296102
114.16526029074238,78.39273726590481
116.16283789910261,77.88595085744389
117.52825926431316,77.83689695583641
119.72465077704331,77.65466598478234
121.10946807397352,77.58214236515276
122.40468594556816,77.4779696262886
124.02497142818906,77.50935344280197
124.95380815578507,77.55983773778487
125.9999023131561,77.47646837464968
127.61225653576734,77.45278313568818
128.8834488912297,77.33355049642414
130.94151208801364,77.23845066932256
132.39375322715904,77.33317532234209
133.7629117318191,77.34733740486706
135.7620702840023,77.86962610435364
137.30691439420045,78.23218584497388
139.93419730993702,78.95233453013675
141.88965059687425,79.67951472885844
143.8662291264314,80.69745791004897
146.9640202995994,82.30221534782157
149.14200234410845,83.04610622578426
152.57790861643366,82.91943700222808
154.67059693855197,82.32133983740533
156.5684445874211,81.72612792852743
158.75949866270824,80.87880377229149
159.7700736662983,80.66953613016456
160.56399478531733,80.7329830090119
160.881427127133,80.90826945651195
160.989441988217,81.16214977513589
161.4060262133248,81.79990619807333
161.83700372214756,82.28475623432469
162.68509030283636,82.8691314257876
163.23036532261415,83.17139853280891
163.7751287307296,83.42574816391304
164.31409297190365,83.4477141149542
164.62494614501128,83.57030034345837
164.6874543875537,83.50377626803402
164.8067675981482,83.48271461072324
164.89264940287285,83.31702062709833
164.91626125745728,83.04544518615594
164.92100671364585,82.82862754342888
165.04734290301988,82.70910634823798
165.25779412824303,82.7593635351841
165.79606413261413,82.98931382000366
166.71709823965335,83.18581132694003
167.35487774333612,83.26346866720698
167.97451909883637,83.37204049930311
168.8614739559965,83.32121389652967
169.48875133363111,83.47571687657877
170.3758705282649,83.54516144112813
170.9984562625373,83.53997984900752
171.59837786294798,83.57121233968955
172.50174796752762,83.64170650390494
173.05767541112675,83.78297257695006
173.90862512929763,84.02743966103316
174.39461060045775,84.01684941694089
174.77989596022104,83.8831488399676
175.22976207001827,83.54600068529844
175.46429517979814,83.17284697034418
175.79311367092478,82.72680193608464
175.98744193005552,82.47801748925099
176.29226158968254,82.38316283153479
176.76422756084744,82.39786664067033
176.96189430067076,82.54615819952906
177.00679336372173,82.88136943536406
176.83956409043333,83.18788672887112
176.80036039548477,83.70398458397253
177.40949034103812,84.27779052007062
177.75314958575922,84.31238434845058
177.72773926488176,84.33857002826873
177.51659710906853,84.4715638069754
177.0076678768649,84.49797432768221
176.46672853683424,84.57156614233452
176.1544810172231,84.48407396941899
175.78596860118753,84.21864581151661
175.55581841626912,84.01828465925814
175.29010536880824,83.75512122853287
174.7174475550531,83.44346420148284
174.17385951625988,83.34628656465232
173.84162879358254,83.43497078020827
173.5108840647353,83.44159372123032
173.54684079073888,83.43795758020264
173.54008861370036,83.4350017663388
173.61009098847313,83.36075605862953
173.66195277632582,83.18222255198948
173.65390170396572,83.00187822003015
173.6078994204377,82.92853764039239
173.5863656338143,82.81546931103591
173.60754871738308,82.71723287524358
173.6547673245919,82.68784058353623
173.74313704882803,82.66764570726305
173.78079651120447,82.66799110329609
173.82711025499103,82.7069386425769
173.83890888930398,82.73407087006115
173.83751407723787,82.75022649620891
173.80252978500178,82.77484953335271
173.7560437780164,82.78276225055734
173.66705302213322,82.78212667598095
173.57870832841778,82.78006207390321
173.5054381185397,82.80999648968195
173.4145963567811,82.844205565323
173.3555359583593,82.8835456496203
173.30041691839014,82.91922551004139
173.26499763390308,82.91167116676493
173.2564849910404,82.93459176954191
173.28709876952314,82.95338093362801
173.29757078400357,82.95678545893074
173.2921432064911,82.96163525715095
173.26334589352416,82.93835525026768
173.21722210833693,82.93369270112935
173.14294054492885,82.91338030502443
173.11584221609147,82.9121708238348
173.12229792110367,82.91361587937209
173.21888144464648,82.86944677774733
173.33278559096894,82.82673617542699
173.7573455874013,82.30754171274062
174.01452133506444,81.73715947376624
174.3262731625768,81.16879013166847
174.72959497291467,81.00702223745746
174.7791876920713,80.9226430586683
174.7956644270181,80.89627929759145
174.7944183330748,80.8982369682694
174.7894480526305,80.9399851633545
174.83461930094936,80.97946555212428
174.8742288702905,80.96589875343977
174.9908807251009,80.8761544765241
175.09797390640549,80.69097943363137
175.22365622307402,80.46188092780898
175.5156641523903,79.91574300402708
175.68280116965317,79.66389672998008
175.95140236200376,79.49573194653615
176.24388537965024,79.33646612412335
176.44922833951324,79.16313771674443
176.636498837837,79.03351521477725
176.68330602286335,78.98070538717901
176.69055466532754,78.90238933922198
176.6376601293685,78.77503843884257
176.60228433316303,78.69858079696925
176.5400864519518,78.58677614763045
176.4708349977337,78.53009074796333
176.31311244904816,78.45394604005327
175.77645143731084,78.41233278615461
175.28998099008157,78.37823390101188
175.54622067008407,78.1486213238766
176.45657425341767,77.03809317081594
177.43271673938312,74.75207121894587
177.54813728228058,73.59290947225065
177.487138433348,72.95971180714696
177.55475471242266,72.01049699097004
177.62305470035548,70.86579783898075
177.84686727109172,69.49292148257864
178.2754144164142,67.46315369936411
178.5374355985765,66.16273154348349
178.82741049207107,64.14391790572785
178.9840611145296,63.139796529375815
179.09975718753088,62.20055418187786
179.0878395239518,60.571952973222224
179.09953977924556,59.72353484981774
179.17088263645587,58.314047495446616
179.32233979892416,57.306925125388666
179.64473898649354,56.33032514572733
180.3426606255717,55.023536344248285
180.88180137562662,54.73041613078975
181.72310589159812,54.13691776025802
182.17102388213587,53.70077922047809
182.54756798282003,53.310152145889745
183.00507207501786,52.81948616832623
183.3559228108033,52.81726189500041
184.11900774304638,52.93566312196882
184.76461556774905,53.1006516032373
185.42718120747497,53.31839356674691
186.4441653867018,53.65792631807326
187.0609521283266,54.129403389152955
187.6637935480173,54.847926232717874
187.8846297771469,55.34316078849716
187.9860529518274,55.796047754665175
187.85922092231374,56.2304960970817
187.61089915952613,56.48330822745526
187.08647258542607,56.97317828843261
186.7635877467883,57.44570782299327
186.45741635867375,57.89425613060082
186.008880570767,58.624995755426724
185.6244806040138,58.97596635785033
185.20736810731546,59.28023834830324
184.260317166508,59.79509934279651
183.44917682702632,60.319492095770876
181.8962878312434,61.30580700651507
180.84599123275612,61.89412159594093
179.84984189488745,62.21932588920046
178.5324508602069,62.721564518501125
177.84846746508768,63.3080916465088
176.73492303985716,64.22782268359865
175.95627305931217,64.9637313273874
174.9191647891095,65.78153274959416
173.06267449407343,66.7488813864034
171.67640639501113,67.15020971514114
169.47611405618056,67.4132587089487
167.78092551034072,67.30358217503324
166.04145540793402,67.30712436645238
163.5170587149516,67.76259780471146
161.9189617131894,68.42347253191953
159.6164992444557,69.02876951602315
158.02986852521704,69.08432360559634
156.43031254934033,69.27830068419806
153.82557403194866,69.91143018737768
152.07598749725284,70.20824749299955
149.67327687075746,70.47236895711484
148.1551969475725,70.60034982613698
146.76359386114933,70.67658538538632
144.64041694008088,70.96627251990392
143.263567587528,70.92257959324675
141.3429013845353,70.68510820609937
139.95680670203592,70.33704877152228
138.66135295557723,70.19317408385916
137.4286099405034,70.90589124921841
136.8799774470035,71.23395883586187
136.32096785022676,71.88353401149394
136.06974429828148,72.06530976099076
135.76644367881664,71.97250006160888
134.96507900598954,71.59260510571883
134.39100796503544,71.00730553382847
133.73546538629702,70.68298323569866
132.88837885187343,71.39599775337663
132.22998554437174,71.84891054017416
131.46167871173958,72.12103736796742
131.0981093178989,72.47899969586979
130.84838356953253,72.78274309717601
130.71472554029052,73.08710019099829
130.737106503513,73.26356037709101
130.78958874300753,73.56070859981597
130.77971176124015,73.71144479586573
130.7790789464869,73.78866703032149
130.80442311071803,73.90019940776693
130.8931791363923,73.9576855925572
131.14090060791747,73.97127914057852
131.2218795730832,74.36070434062222
130.9352060865601,75.18407125552261
130.31358750905656,76.58700702663978
129.86059811906233,77.37185348144752
129.13453084106766,78.79337627484882
128.55575104742945,79.61486953387814
127.76414815323557,80.50350752835841
126.37266099960829,81.87365943721312
125.66647867401463,83.05848348988803
125.26815043141765,84.86132797455163
125.27352362984956,85.86934858780822
125.60513592863998,86.60091503416842
126.33190415781542,87.34660961228475
126.9905366856817,87.59633255196044
127.9151202315405,87.69727516368181
128.4317993174892,87.66800251291885
128.80931241144964,87.44807904532017
129.38137322573962,86.48999344396486
129.94801465094346,85.55779714395963
130.5884067216217,84.37319529577682
131.61233990383244,82.80723953611889
132.21395638513542,82.07560429667002
133.26495101328595,81.49939494548263
133.9942174000411,81.11731921327451
134.77113993889765,80.72965865591728
136.10430650454202,80.12500434877488
137.19974914152033,79.58352915186282
139.10050007296164,78.44198016445922
140.5355948109533,77.67065524547232
142.11911667609246,77.12323691348237
144.48221819947963,76.56793035909297
146.03278948395658,76.30044756610904
148.3320430014889,76.01430555025196
149.76384758010607,75.96533154858302
151.20368121535196,76.04593022641947
153.50075906843836,76.09669330742481
155.1650194383834,76.07547255738142
158.11778899668377,75.96125775185277
160.414567414005,75.63920631923183
162.95817951506112,75.04921506089283
166.97614304651907,74.19811907547768
169.57220358393494,73.62112076243774
171.93958917870373,73.10744649067752
175.1296768195531,72.39214256216462
176.9347080353138,72.10566214207847
179.06820095026671,71.7085800501419
180.19400231778795,71.3980574813597
181.74181464470172,70.89525684297169
182.7572860610461,70.6357058707512
183.92101500767274,70.54419100923295
185.85516088699188,70.61106957330138
187.13150191786303,70.79969803845992
188.2579382561376,70.88566119052912
189.82409506934437,70.70955627247494
190.66235558479053,70.50462612591876
191.5702369625245,70.31712951556511
191.8981149075289,70.18554535278462
192.0169243786147,69.98776375237566
192.13708160101865,69.84755309726839
192.29515389751214,69.84102700456297
193.09108994775173,69.87073529022928
193.62585444260765,70.20264532779844
194.1985714581838,70.68028516993563
194.89552789205442,71.11725073934241
195.36262992507682,70.94411890106335
196.12688110494778,70.13915152227528
196.79175815406273,69.41567743441641
197.67582224903902,68.59135884166032
199.14648308840043,67.38831790775015
200.14573409024274,66.48335520784971
201.6241889734984,65.50229228918067
202.54821383583152,65.02418850569885
203.40126344970736,64.67525038975076
204.66582607161843,64.27536111052021
205.51547678314205,64.04370760775676
206.82771807983892,63.790985136855646
207.69621192669786,63.72318514137354
208.60235607680184,63.63527793175983
210.13661744441495,63.408861246742696
211.10307025563816,63.075782689309634
211.93385080615212,62.81167655977947
212.7444426032491,62.529265714354864
212.89769615188146,62.467773162690264
212.79526593718373,62.436891862592645
212.79168871449474,62.38316385735074
212.8192987358388,62.30392866746208
212.9672434747498,62.18604223149884
213.16728766326096,62.1264881448523
213.4559052004531,62.10758857959131
213.63969027982048,62.12757020280661
213.88074347721533,62.104558264598325
214.06581901126194,62.03036711129471
214.0765372696528,62.04691233149715
214.07708395721843,62.09067833811895
214.1489243763008,62.08117694342161
214.55758661982017,62.165490190524906
215.97143499626853,62.22142973957471
217.44952077741968,62.38845600574592
220.26576398962936,62.322547387203855
222.20664658678356,62.233646174196224
223.9349366124926,62.07464317726433
225.89183404001082,61.455943998146054
226.68114699097742,60.59211301532305
227.74224989427424,59.25045365470425
228.35346776693694,58.30049370519589
229.03660774487383,57.95486630629067
230.22640004161508,57.8542420178366
231.1982336335072,57.70568712946597
232.77835581369106,57.54042673669457
233.7271128973232,57.3142384756837
234.61461506399462,57.18494227902502
235.82366694523066,57.1985941268198
236.7166026949863,57.41488383150942
238.16387968860437,58.05566018710082
239.02757947549412,58.80321326323768
239.64771520447664,59.689856823489556
240.63413783163008,60.91141191280226
241.3534541042276,61.590613134259726
242.50205892690465,62.34185098786344
243.3000588472111,62.63396695321349
244.29720443679622,62.86830604438076
245.5074919344625,63.056689671839194
245.9166888388196,63.08331790857268
246.37428635521223,63.084095323263035
246.67156816574004,63.13071031347593
246.96978574411688,63.149706195807084
247.86256857705197,63.07133223241668
248.12550488461434,63.16020680678295
248.24514652057582,63.22322290324402
248.41895091688292,63.49224443666729
248.60074006390914,63.78527763055641
248.7847643124187,63.9070854565337
248.82079026106317,64.01971482831291
248.70968052931573,64.17108116156959
248.45349469303926,64.48100278253705
248.04076876629682,64.44850085011645
247.43082079356702,64.74165467007069
247.23813535807358,64.97471083258856
247.10677618573516,65.1249677713297
246.99258166984524,65.2509060848306
246.81946169282384,65.31058464512574
246.05769495885042,65.66648298871348
244.88088445237833,66.21827864417477
243.59858943816099,66.37626351332479
241.54400707388646,66.33661270100905
240.3365706978606,66.19720330239731
238.79642624091733,66.1961840479512
237.9488963377144,65.97878643557152
237.31725525925293,65.53860911033496
236.64373147125892,64.83027883970702
236.375212185305,64.4259962085108
236.34318247249516,64.36227234324417
236.3505698645218,64.3263347220599
236.32686749578377,64.29284759060133
236.19296575831333,64.31070632531537
236.02266787345272,64.35139630138656
235.82608346870046,64.36000071243555
235.43314698865447,64.34976957731902
235.2134448553396,64.45597082266467
235.04810627691936,64.53438005172195
235.0106428020906,64.56831198819316
235.03448119226965,64.5410455903799
235.21713584790882,64.52905590558197
235.36970224659592,64.5243854856651
235.57147086950624,64.573856127953
235.65525113264738,64.61360050863117
235.72778550904388,64.69014816584102
235.80479648989257,64.82050695088975
235.833100909671,64.87071048538039
235.88604783867845,64.9218780025683
235.91216694551628,64.93135178591383
235.94842822677748,64.90744360999096
236.01021621324296,64.90889862771733
236.06947328968388,64.94523359794002
236.1731882536617,65.02835883137905
236.25267873154226,65.06453553725152
236.30767775719335,65.09612393493464
236.3350432097837,65.14762572343517
236.33393647700086,65.15853385155957
236.2961647852558,65.21109364100627
236.28605642972354,65.22298194350066
236.32115719952384,65.22509849010399
236.41305637855652,65.20299184010891
236.45843519565335,65.17352543717018
236.52430736302156,65.14630587865668
236.57150285258658,65.12228592348083
236.60315881431234,65.07668184338588
236.66853885505228,64.99462540627732
236.71991587230994,64.97251612921347
236.80364806732874,64.94228911328526
236.85399170650146,64.92267592089713
236.87847245599397,64.89773897312624
236.8505979212353,64.820336733494
236.7790878531164,64.74797326668356
236.7360831138019,64.66627639995365
236.70130962998468,64.60219968298335
236.71537456917704,64.590640423619
236.77054245878298,64.62587049108606
236.8006724900306,64.64090075266566
236.82338975077363,64.64314279541807
236.82666942794253,64.6235586444844
236.8050617595574,64.6117779956604
236.7959205123791,64.62708510907152
236.7951942118266,64.59457061701498
236.80613274458665,64.57032636387383
236.85881717521482,64.52212078913551
236.9163407486525,64.52030369949676
236.97769679340888,64.5295781597062
236.99279954875996,64.53495864008792
236.9770794152272,64.56818257845586
236.9607689509595,64.58262047501388
236.9681294176367,64.57730795298436
236.9784928735172,64.5980889647955
236.97953602729342,64.6108810442696
236.9844668833426,64.62904221956863
236.99561518649386,64.66836871582804
237.0008390461694,64.69852422880066
236.96314207167313,64.77972504196417
236.93014985691812,64.81272063235733
236.89655281353333,64.8464969149886
236.8779083593349,64.89691242358073
236.89981234298517,64.9355281395111
236.95351706637354,65.02301448933623
236.96974183798477,65.07913898182845
236.96506309184522,65.13207021677707
236.93712925750177,65.20154822321135
236.90682708962163,65.26109289025983
236.87178273874625,65.2832414577899
236.85104587430726,65.3230642033954
236.833453443902,65.36112332933058
236.83427827669405,65.42358530209327
236.84197070457532,65.47246512800722
236.86149980933365,65.51847485735097
236.88784262003682,65.5944399207615
236.91273503947593,65.67126843409031
236.95460972290113,65.86803555072895
236.94244906113732,66.17929172796843
236.77393603090883,67.00067450704114
235.87223660829173,68.36252925896488
234.85996431933467,70.48489147776533
233.15987089861795,73.60674921931982
231.97148620339215,74.82623782215389
230.89912598656693,75.49634935638937
229.63303813416027,75.7995973095737
229.14948147249567,75.74698779283348
228.83349677736157,75.77054035470856
228.78092386339983,75.85297359435982
228.59760518594436,76.40255303193813
228.19604966391367,77.39469961455073
227.68884162245763,78.3000486684868
226.18458701491005,79.72527545126009
224.58617114311267,81.44225892104137
223.00006215958607,83.66483471541797
220.85327979498715,86.43801676594475
219.7295616960904,87.59928334520711
218.45036522084146,88.15457633598955
217.79892289395625,88.14249747236774
217.2322331124323,87.88882534984754
216.35452774678308,87.33355987276771
215.80492827819918,87.0720593629536
214.97169307032178,87.14893539617007
214.41469744798337,87.29682813323103
213.70084922445974,87.44265373219991
211.94486206960173,87.66966771048354
210.3031627256952,88.09932849018634
208.20572036230328,88.65910152243434
204.47123939090363,89.27512066069232
201.72170190076156,89.33209674873783
197.50631149886857,88.88618141492863
194.81621395232537,88.33714133710662
192.31696445323192,87.70009729903785
188.724133162669,86.71606008175779
186.61821451688905,86.21343298306131
183.87758325900217,85.72969356686505
182.31170652532163,85.59837796424273
180.87135942215616,85.57637361782149
178.9999767214492,85.6131092137251
177.90476895495138,85.72988389650034
176.5071362351808,86.00960184324428
175.8094781149902,86.09018469304715
175.26992026909153,86.14355336699424
174.7465935092058,86.2036092577783
174.62258466809305,86.14879825330983
174.10023172852118,86.07233005280985
173.6449472063074,85.87461613486245
173.1491593727446,85.68534908971178
172.5175002060629,85.54220355931142
172.20023768790634,85.48728478802487
171.9249772211199,85.24930276048742
171.77583933312394,85.14535208642826
171.6867768874436,85.02480830356919
171.63153942638013,84.68628114632085
171.56870525060802,84.35900034487476
171.4729131770443,84.05370280774179
171.30910400735706,83.97302428107463
171.03771451963792,83.87317188015895
170.4848491641198,83.6842510462686
170.25113278565775,83.7004099356975
170.04491457073428,83.73245608592164
169.8378949155104,83.75473988380995
169.79953622122764,83.74505871501003
169.8046440751124,83.64692422387932
169.8502999769481,83.51842221668284
169.87283990776922,83.42762008314907
169.88589563531974,83.3354966970222
169.8815889007071,83.28769783849468
169.8920739400652,83.19166686994907
169.96486464964326,83.10185566468743
170.0832542483186,82.99196819257817
170.20893600570014,82.87549055183062
170.34634976641374,82.82011845393586
170.56288734834456,82.84095200523197
170.76012580894255,82.88425477375752
170.9471479183967,82.94246081458559
171.1915347188314,82.98928596468642
171.3255782949834,83.01269319278009
171.52221784675154,83.01793576634583
171.6133812432386,83.01852537566958
171.76592150748718,83.00427297293722
171.89439996210757,83.00689668768604
171.97986674582734,83.02735242803371
172.07006190941618,83.02780558740126
172.1314163149976,83.03427927841807
172.1862004002301,83.04585239935035
172.229729173906,83.06515297891809
172.22790527844538,83.05295014929402
172.20534745907977,83.00041378706022
172.19037036299883,82.92559733592311
172.17437775130787,82.88167028874139
172.17818016646387,82.84766817307629
172.20003406569603,82.8027144071262
172.25382982967164,82.75780887018499
172.3322449439222,82.7245696356774
172.38803201457878,82.7230852555829
172.46548777969903,82.74601831984815
172.50979660877047,82.76465333433772
172.5519923678319,82.79685323274417
172.5881439391918,82.85574093733203
172.59268735292932,82.87087262315568
172.5858458793298,82.89088211372034
172.59291866779415,82.89810274695364
172.59801995231672,82.89534103766898
172.61668452581355,82.89644765219332
172.59596409036638,82.89578706777999
172.55842447087903,82.88000511485131
172.51815233505155,82.88334571158592
172.49437961574796,82.90259141193822
172.48480083290175,82.9108027516517
172.48335334435646,82.90456616208698
172.4794519909057,82.88285761525736
172.4489106486695,82.86279995126073
172.40297253595617,82.83848987122768
172.29291831198637,82.80322812635652
172.116693442353,82.76682322898407
170.93098996477977,82.87059140034374
169.785415021304,82.9223652672498
168.34565324906038,82.86386982463726
166.49439089778312,82.54262785802304
165.66151575056435,82.24830707246753
165.29642045655498,81.85593314730842
165.5991336818655,81.74575254689721
166.27231168496004,81.50296872137213
167.4423204915314,81.29303281358779
168.17528394690135,81.21082375765404
170.33410398581069,81.37259793749854
172.3188503628864,81.32608933683925
174.30629461621933,81.29458368090803
176.35315529739904,81.28716927277547
177.18576750180088,81.20530860978782
177.6530137434588,81.04126489478513
177.8306372492333,81.03210616454456
177.78986436847245,81.08094991021753
177.62221895539312,81.13417933577941
177.42694341858507,81.17171047033476
177.2031737561711,81.24053650820855
176.99625657757724,81.34633979420116
176.91495567475454,81.40940769343806
176.79444436531557,81.48028717480734
176.75945779658636,81.51372491764774
176.74208948997293,81.51979321025665
176.72280806278576,81.46576121440701
176.7179462733152,81.40133881383616
176.74082771017552,81.37562396264192
176.76385562657816,81.38242249878428
176.779318594267,81.42329605935657
176.73683044408833,81.50802614351177
176.67377116562596,81.57656799111062
176.61659040902893,81.6746147826856
176.61128079056616,81.69667782486287
176.62868578634863,81.66407835376883
176.63574800100292,81.62201276854123
176.62461839258216,81.61699901432263
176.6057858702415,81.6399266752521
176.61511476799612,81.67619245675303
176.63815768897166,81.7198243216937
176.68345942777518,81.81330350312238
176.7011000744353,81.85957387692591
176.6818879607887,81.90560889937694
176.58143547763137,81.88121410083028
176.46941150540573,81.85658143616206
176.29754386481744,81.80307723849089
176.12988928787408,81.7150764802245
175.94144027916457,81.69328062539853
175.77747412156825,81.72206120352875
175.62690042072657,81.80034960890778
175.33583528734871,81.98247487440527
175.2070533170625,82.01031251240079
175.04057668441112,82.01169372789192
174.83245140433291,82.00965273792059
174.65004204427308,82.0012776367279
174.5054733276417,82.0112024844208
174.34637916219256,82.02374593132343
174.25168251587147,82.02673027562068
174.07856342435636,82.12443764476328
173.9796949821969,82.27716012316982
173.95657137875423,82.5310369956245
174.16240269997314,82.68973312031474
174.37788331538152,82.82501708471871
174.4290571989384,83.04119114847708
174.31990961040043,83.19868498208236
174.03130424852705,83.79195179132012
173.86898324801882,84.23788719577784
173.73006020411583,84.78119768973562
173.4143406649685,85.38114740324298
172.5362793225892,85.5770546787151
172.09576925251417,85.47571218410104
170.42420933133235,84.88308918695702
169.30535069559434,84.37888515587552
167.62890578844767,83.28796695178632
166.72755972540403,82.43576015951464
165.80879606939604,81.53590142729814
165.595569786404,81.19901420820861
165.50308076239003,80.93952495397048
165.71847478330068,80.6755944959359
165.86334373402218,80.36776328512792
166.0003441829786,79.97317432822305
166.04538754600605,79.58879769657408
166.0555817009941,79.29322390818399
165.9265980617508,78.87136661950412
165.81612325221005,78.63291606776757
165.75634867719458,78.46207634216319
165.70938390283678,78.3122834560924
165.72063183051438,78.2033645542962
165.77698928346348,78.13837359802226
165.8450161359123,78.13731320062281
165.92809366293724,78.15225404663808
166.03998229665885,78.2004262959738
166.09437691807,78.21751641605626
166.15307709454552,78.23882102540576
166.17162134426977,78.25212324667632
166.1781948129645,78.25661995243601
166.17922115100242,78.29895878364253
166.2008309460923,78.33053256471395
166.25391545744978,78.35530886818252
166.2796777451377,78.37811344225044
166.2930485402317,78.39674289715865
166.2844359758787,78.42712313592415
166.2633388562046,78.45098351811416
166.23903202570168,78.46449535834319
166.2271663687912,78.45274673390652
166.2304087634245,78.43452834493283
166.29415476027458,78.38440340541209
166.38123954008122,78.33033436360111
166.49242095079686,78.26124613342208
166.54835705923512,78.21954841929917
166.5802848017148,78.20112687805515
166.58763899587925,78.16758478338556
166.57788616633115,78.15085960877072
166.57410094019548,78.16979757818952
166.5998668088696,78.20444711926086
166.6589352372376,78.18504361825308
166.73151278749367,78.18147739933312
166.77546073594658,78.15807538578564
166.81038117828166,78.11720728888157
166.8085808829526,78.06249497056633
166.8211572572241,77.97299844014292
166.8441485162396,77.7289490554705
166.9103300034106,77.52760065264137
167.02498237978676,77.28737184015748
167.1998732172899,76.87547928774735
167.29203848445437,76.75919378301059
167.41577570002744,76.57620331680769
167.440309386523,76.49881033485563
167.46114981314076,76.41932063969269
167.4120754296099,76.34409846866106
167.34411669044107,76.32447106560181
167.30288950014574,76.26158818303132
167.3102576290448,76.21041996591816
167.34626214213492,76.16848267316016
167.42947986975508,76.1285716297164
167.47289708786073,76.10694181886159
167.52147763803666,76.11334026069555
167.52396352532412,76.13154155329619
167.51378683420427,76.14978009812297
167.46510126447416,76.14634577047784
167.41488784090387,76.13459733104925
167.33549080430367,76.0341057522256
167.27814452755638,75.9308297726968
167.21774777795767,75.77916367771928
167.07884095191153,75.3308772920382
166.88078545578952,74.85419302335403
166.44323301986526,73.83720350394285
166.11570265838944,72.73082739594287
165.92547359861715,71.46185796678257
165.70961123386877,70.26704346675793
165.68228667997985,69.65423882925022
165.65087588912917,68.39830809652729
165.71826273700648,67.64510511330916
165.78573117562084,67.14246787005114
166.01076146348842,66.42669961144175
166.18451890028922,65.95177931972438
166.36133856205066,65.44698654552819
166.70352629964665,64.80037126253191
166.94835299690834,64.41200859295225
167.34086434078068,63.91598905984078
167.66101045823189,63.73570321644449
167.8645601904065,63.66687556111085
168.0864490797135,63.7494101795706
168.17364390110671,63.762307805319026
168.2644622001863,63.76456536359664
168.31972267083378,63.77064450642192
168.3613287503841,63.78867733373174
168.4714334484979,63.805508962300635
168.536446367963,63.772093434007985
168.68819833796945,63.702980078139944
168.74043975694286,63.65383612487038
168.7693578655704,63.61634359059627
168.76693120659178,63.58750058699539
168.77023429865503,63.600184367705936
168.80815338711605,63.62229386169162
168.86779201924296,63.671098766154586
168.91357455833045,63.726637093429645
169.00467852860902,63.82851724005346
169.08298346869057,63.893345795565665
169.25804369841563,63.953251823485914
169.37913242551886,63.972516422106246
169.43600328096724,63.99218594014175
169.49242219647414,64.02606455297794
169.5044027282713,64.0444367871357
169.50275503778727,64.07379870044886
169.50669482891385,64.11470645124626
169.51166948357576,64.12733182813422
169.50947045293694,64.14211876874758
169.4904159491738,64.14855746590868
169.46158932311315,64.1386872014985
169.4048803701251,64.13786006386911
169.36974220674995,64.19535365665989
169.31092270230246,64.25429386188618
169.28317469576177,64.23240615367506
169.27717200767984,64.19683355794331
169.31649494575674,64.1821308494597
169.36802290696937,64.15728142591944
169.44879463691024,64.1276341863852
169.48422196881873,64.11171962890656
169.4972943204532,64.09396995602128
169.51073459155003,64.08824560653903
169.50315483335547,64.0880984919475
169.50795154674947,64.11385835086732
169.51872455796126,64.13090794936915
169.53196737777512,64.11771031317892
169.51691043297805,64.10182521610149
169.49860466158074,64.11194423437831
169.46336492080994,64.11144857002213
169.44512271186076,64.1210107328524
169.439422162014,64.12280594661875
169.4663738953596,64.13732719478499
169.48242289664,64.15560988073868
169.4906397015114,64.17696541864501
169.48049801009142,64.18621681105796
169.4483049022089,64.18956302587293
169.36259267425586,64.11341426669289
169.33134377434905,64.06731944744426
169.32336960375397,64.0188199117244
169.35891209147033,63.973064774916416
169.42515704099367,63.94795758883681
169.52732952311774,63.91721862795668
169.55667046989984,63.90115273209894
169.56954156403543,63.85990086920962
169.56021883694459,63.83545224179376
169.53803650615757,63.828427164613636
169.49605358865574,63.8209701000597
169.47609935425544,63.81918769327516
169.4663080830781,63.79863739913495
169.4923317330273,63.800738862910805
169.50504253981327,63.81278714410243
169.49916359646303,63.82927487767311
169.46486983634207,63.83574847821988
169.4392940582767,63.83917342889504
169.42588690769279,63.847168905727884
169.43625497198744,63.85461423140792
169.43696604693136,63.83381227672888
169.41609282799092,63.809602371891884
169.38188167497682,63.78048202457522
169.3496354995714,63.73037918283343
169.3353700929889,63.715115092708565
169.34987658697628,63.70670181012408
169.35438111670385,63.67250199668957
169.3574980875526,63.65119592045352
169.34696161669535,63.626703378630154
169.33465285794657,63.59617298647687
169.33255148080192,63.502270336754634
169.38823762557314,63.38495096067357
169.6021039585149,63.08197219973447
170.23561966212014,62.53583197266224
170.80270215321403,62.283367849519564
171.90634424412553,61.83691239350196
172.76632064329772,61.5141022326935
173.60121096977048,61.174757077317665
174.77644100467433,60.577149431764155
175.47346516235112,60.07287126339317
176.3647437312071,59.19687755375186
176.86163550829676,58.45073228568171
177.3388050142787,57.63178845387074
177.97132375007516,56.802920475438036
178.39049965572966,56.41897452676716
178.64470181376547,56.18744437476962
178.9354499907929,56.1466866078218
178.95124029660968,56.21591132903812
179.0139951741234,56.4430321150142
178.99229771873684,56.4787571292651
178.98060138629032,56.501929895294076
178.96057005493546,56.486665471364006
178.93703456197156,56.46245330214051
178.98135070887142,56.44186534393208
179.09340357254544,56.38766970904433
179.22062265756122,56.36688983856513
179.49978599755926,56.334241934374624
179.72854643091978,56.33409228897121
180.25277748511914,56.34107782954246
180.8184886665984,56.19080723108644
181.43291371213328,55.97085960970706
182.81212194339935,55.40913070664781
183.97935383573835,55.032518033051176
185.73334791883298,54.66402566219043
186.86627179783207,54.4788683883805
187.99953851884754,54.24854843944211
189.6685016301754,53.88307027710047
190.9208300924999,53.634600455945254
192.827688755527,53.41399639321036
194.29909480591292,53.44721367873615
195.9288818453782,53.41344922355805
198.29061302978937,53.212563370702846
199.72714289241276,52.98395045812829
201.85291603158436,52.85257865992001
203.22724031730817,52.82374459067921
204.61078560736777,52.808106333388324
206.66971364389372,52.93457171477569
207.9563495272573,53.03064859844013
209.6238711096031,53.208488555024445
210.5645009728934,53.274478884051696
211.46362558070413,53.34942452851995
212.8006239911379,53.47307042487642
213.73947682525366,53.56608401191995
214.64714410092088,53.632200896896315
215.89662062084292,53.547450525107735
216.633004359803,53.52337058245395
