190.71362716560986,86.60548157184657
190.64083197882502,86.7240732366247
190.61011824613604,86.85545582781658
190.5472067058209,86.91693305236743
190.41526624625612,86.98207940978972
190.13854682970586,87.0328474414369
189.94477120753396,86.81214352031724
189.64109362492636,86.7907673282736
189.4844778482827,86.76594340066768
189.4628327006082,86.72323583308132
189.3911806981238,86.6695973109039
189.30501526026836,86.51207968343283
189.19747606513624,86.40298144900949
189.09716390151442,85.96522133608124
189.1048032644511,85.359078451155
189.22075792181377,83.53374213650281
189.55403420176802,82.00428131777778
190.47492477480083,79.712467178509
191.14307024338075,78.34851673186414
191.56180418144137,77.38235191867881
192.24605735592715,76.04712619096175
192.97773176884425,75.21662915967455
194.21955903846882,74.16587846607078
195.2571717033747,73.42167111131762
196.18938693808806,72.94770688614076
197.8129445955112,72.06464458993568
198.8210273363978,71.84303310347373
199.59344392562275,71.81199054245661
199.7074087887411,71.4914410508574
199.7048999169079,70.77033304114413
199.85386780809688,69.88485500418687
199.985478837957,69.39854053737201
200.05281705472368,69.01997999990034
200.16416414672818,68.72740703229752
200.19806559834964,68.37030887165659
200.29465867859932,68.13194725758025
200.3260192769721,68.10751041693757
200.3767423742323,68.02066924681061
200.5283989281447,68.19741020176082
200.77708606766527,68.57999641128947
201.50682532072864,69.63476391764763
202.39084872538822,70.98350884540848
203.55466005644737,72.82399244667138
205.94796874833284,76.2173254455497
207.75565798421476,78.69668362043582
210.97795888370047,82.47318769642516
213.34641766474508,84.7636537541802
215.8211393022038,86.5519901874712
218.8216784804797,88.65620388103275
220.53959066425472,89.20585117454704
222.67894073962498,89.71115784901963
223.61485610420934,89.67593226260908
224.6618309991823,89.6073633277114
225.79925090670497,89.72251819042647
226.5893593011665,89.64314167532727
227.87464252949533,89.50345990086241
228.96933163329442,89.33216142232871
229.98419106441668,89.33364165599066
231.96023752216047,88.8850436745351
233.33182350037322,88.97834293974476
235.5241767193591,88.77883259572107
236.85603108657597,88.62939859425575
238.10976568868594,88.2991742554432
240.3013330721062,88.20179783991256
241.79313068165456,88.08996954712656
244.04216603788586,87.55842207670518
245.4867127456885,87.41830425812708
247.234904093833,86.89067376407691
248.85445360105064,86.73594954225376
250.8074948315835,86.46228666579407
252.29185584543788,85.86913519569347
253.3508027626961,85.67141495619387
254.43733274082666,85.61513852500602
256.2085700276982,85.17421233671195
257.1854691171117,85.34303445105702
258.1849553206499,84.87166938876867
259.6549112198411,84.85587453293932
260.7190215479513,84.54259887124097
262.2718883723072,84.68353934815038
263.3002833361509,84.37139008797068
264.1607780974024,84.47114999408069
265.637606871145,84.24041251934929
266.3532608359043,84.37495606543476
266.9242975682922,84.30927856047171
266.9566436530986,84.41715860533137
267.08922959969607,84.52460102511303
267.1965844382092,84.55501106396349
266.9842217492916,85.06352273264484
266.37010108651396,85.12585303226348
265.72021780133787,85.52659269426181
264.34118995931334,85.38883175508357
260.9239429629745,85.35588179762753
257.77129034530213,85.33717190899036
251.75574622547316,84.10331953048969
246.57283185521118,83.40139870128218
240.06225557854833,82.59449095559994
229.8218227128428,81.08378918796087
224.14709251326428,80.00583492159525
217.81405871825405,79.55731317831645
214.44911136222413,79.70912697740177
212.02732944825564,79.87475082554944
208.87633299064407,80.3002152495551
207.0986506494155,80.90497949285985
203.1039778363441,81.66386249581562
200.5893372139028,81.56471072001042
198.1550911590995,81.30129957298777
194.64481745561383,81.27129676684666
192.0821003739577,81.23023633889697
188.82584822462488,80.6515073869552
184.41005700611782,79.92203434904835
181.65428560608882,79.5409430213576
177.9150594996549,79.07233737026601
175.10819662084725,79.39354368910782
172.87486851676258,79.37652754154364
170.5607408041921,79.72710023761279
169.45660299294647,80.15463078323755
168.7515586206632,80.30379139525533
168.24886201187292,80.8155044937893
167.81415856383694,81.13426508510139
167.28290266519173,81.2955786858322
166.70164843408273,81.53968336190587
166.00306281827025,81.70103190034251
165.40236218845956,81.89219177359782
164.8694964323638,82.10109984007488
164.1743086306848,82.42506588593923
163.66555521124525,82.64861648188219
162.51266229972111,83.59433047052585
160.11722266389154,84.44728809766062
156.54507316878855,85.15725250300368
148.72757044017197,86.06084331339544
142.87714618157875,86.2113078705155
133.90224033289658,86.00939574295141
128.94382545432205,85.85921784127441
124.66510337906502,85.83801222587107
119.58517707159669,85.79222729909081
116.40633631495416,85.6410673717828
111.39192124742488,85.13967065665868
107.74950285746446,84.2620794189654
104.49377536564192,83.18705448017172
100.11130524760551,81.58272889999799
97.68998049517208,80.29355379459655
94.66473621764297,79.33047958508604
92.83302163350535,78.57863203465935
90.9072507440532,77.94920304947233
87.45462084163546,77.31773630006637
84.84981274321783,76.41379234851841
82.60455369681029,75.87927367948562
79.89135112796032,75.11732951715612
78.51010799905193,74.53520232038849
76.91481833160466,73.1522885359882
75.6046379599716,72.4661301590335
74.0915563571838,71.97993938813433
71.68042904055204,71.51240261467592
69.88019570669269,71.05747690286955
67.44869304485924,71.12673068937538
65.50017730829319,71.57820309327832
63.25760803345432,71.91412252162118
59.193851686681626,73.06572439238758
56.39560462904514,74.33599957379914
52.7994248441547,75.60772211266324
50.69387715176322,76.58789305791338
49.021091611347885,76.68243134483629
46.50057920833095,77.30082145023717
44.86417189564972,77.23458096703442
43.055075646680024,77.60021470924713
40.9825611736276,76.92801712265457
39.58342081990372,77.57279053472801
37.99532532054002,76.87748335752158
37.08993112847318,77.55659843523291
36.522355764759965,77.12519330377154
35.58906069728849,77.46230200485341
35.15170288177731,77.09553324190021
34.424089740274695,77.5740381628174
34.11828501409474,77.43987171947587
33.60304593472193,77.84073597222391
33.090743948160764,77.42516422467472
32.55602865422205,77.1681509336367
31.402581251275194,77.3550442895621
30.996603872972315,77.2048896198913
30.264932000435493,77.31972527400698
29.554280424188363,76.59465655464989
28.936405408475537,76.85927984350627
28.24940885259369,76.13501957407254
28.264196552949073,75.65557925927587
28.41617322307988,75.05297163100275
29.304212602027434,73.64732960833184
29.335139041229837,73.50261791189325
29.567607689501415,71.84362221632955
29.324258289086202,71.8794839962364
29.51827499889211,70.89775765111148
29.472422326733806,70.86556547577506
29.11702229588508,70.57312946794627
28.22833216751667,70.26763390148469
27.33240834213342,69.99873525398667
26.401327278120363,70.03363369938337
24.737037497449535,70.75856253126668
23.42401157389881,70.92353102960072
20.208551492319742,72.93561122827226
17.78491533073793,73.77336852256458
15.225521320756314,75.1805070099839
12.321425117585306,76.97227778837808
10.744333005678783,78.37017234478463
9.436093334916961,79.15284912221163
7.447408494487036,80.5104209016868
6.501239248132521,80.36794547911776
5.552746183509697,81.14700742943246
5.291729081733905,81.00443573729147
4.403772834951781,81.67966609732431
3.9530096771687795,81.11716495011775
3.3582995960686333,81.39338056470689
2.614273067254004,81.57029618257506
2.114207192002823,81.61196239633783
1.7068293163455337,82.08169280437586
0.9552619077885822,82.25285409188574
0.36053787230133594,82.6894394784134
359.9469541956777,83.2157297244231
0.10265567014050703,83.77792104281119
0.7064534079001987,84.16158576127899
2.537198821322278,84.54983324124055
4.715634046455591,85.02539949792339
8.945846450541268,84.58248016420644
13.059093875230218,84.90203945756195
17.20925796359535,85.47139122250518
23.45537188367271,86.17191386255314
26.983280738671965,86.93516350690409
31.88857347768794,87.5166886359594
34.49991655051625,87.88164698679329
37.19742877442488,88.13830725956883
39.58211708538062,88.38409598426351
41.038597069942426,88.49490311073492
42.569577089870904,88.3520310373052
44.02851194419159,88.4535764210186
45.5571199417665,88.39340629109613
48.13202025118653,88.81772299215054
50.5649084458627,89.00795926995922
55.09447852724796,89.26370240072377
58.01458036945127,89.52370102111215
60.53281851447625,89.53453604186333
63.22778459759513,89.81665500205514
64.78877504274287,89.93568724328505
67.15523972857822,89.7851100021068
68.63156130060008,90.03014328119853
69.66819032571533,90.24990418308442
71.11866431456716,90.25907419606148
71.93311860814856,90.26536702076228
73.24107030459295,90.26782604243691
74.51659169372694,90.12432517591168
75.68920300340471,90.29498154792324
78.1312944598618,91.12559472224234
80.04696205334284,91.45956740842402
82.50240908610355,91.57805093324532
87.31968494301869,90.79742858032641
90.71416824193221,91.04029434715845
95.66596825624153,91.01631922081357
98.38129665034525,91.14664283910513
101.11000480129044,90.99073531385218
104.8963947964439,90.87865247290027
107.45629064526138,90.83624517947673
111.18823482516741,90.54061726381245
113.56904988241342,90.28477845420001
116.24708732243175,89.99191024270591
120.2019874182805,89.40840564082097
122.57273737292198,89.25472026610242
125.43752191491407,89.02896293053392
126.89268766785034,88.63962293072385
128.37728190595138,88.00170047723962
130.2824294108136,87.14389459759299
131.72368258113985,86.45683562005063
133.70792092547677,85.59837707493774
135.23541914287824,84.95288843503631
136.8660876675981,84.20408740812599
139.0575598197032,83.5423262847275
141.1428299694708,83.14728008744859
144.22651468652356,82.35184710097131
146.70817855255382,82.01253805265088
148.92530397308886,81.88766672373059
151.80387537533812,82.32016316194559
153.77629184911598,82.25805354745529
155.72139438465237,82.29751029673129
158.79121103218623,82.41913565146447
160.85786588311387,82.43340202187656
163.7847115239366,82.57518171405627
165.83684216513646,82.72158476173797
167.7319070212492,82.9223639041832
170.20364139994626,83.4722349830088
171.83763068038792,83.36221023829053
173.99475173545417,83.26058230717248
175.41703691565928,82.91604979262665
176.72070141224643,82.67148706011514
178.70571828086375,82.4204046781524
180.38500178562134,81.96786531304551
182.5265656275807,81.89480661752756
183.9605898268142,81.85999490344521
185.46363701007917,81.81493245519361
187.6579912194375,81.87277825642832
188.9340078815402,81.96761967927783
190.9768861354432,82.11008429574827
192.25943348405502,82.35856085884056
193.53583688012165,83.03296918675635
195.23164599992987,84.14788547677811
195.7788849678258,84.7568162524215
195.72529560095242,84.99112154786803
195.42263680921076,85.1488811125607
195.2487158951751,85.32334177226835
195.05879226161358,85.77997469171855
194.81640913452358,86.17824884839456
194.34370465394647,87.09909997231487
193.81580562856362,87.43386322315845
192.93384771544146,87.50724535007441
190.95395131752602,87.85180381013164
189.48494790600907,87.22798035336217
187.29512933009696,86.78932013675538
185.9794987123919,86.18205402610094
184.82688478165,85.82017186897885
183.66956719876876,85.76431112303158
183.15726191495008,85.49205234816316
182.86019098128094,85.63004637813475
182.56890180375808,85.92685986590965
182.33173077004798,86.0729493402244
182.3387135601124,86.28974468887144
182.33307377898302,86.33383842568475
182.00426716926495,86.57438146248441
181.58282743977009,86.64320360684643
181.07025162790663,86.52436750708874
179.35905332489457,86.76068021882419
178.37488258491115,86.4598824525975
177.47011743350743,86.56661315315566
176.5432851415593,86.72528113575181
176.34624273314435,86.64088769445603
176.1921109766333,86.77778502539057
176.0547582043721,86.80363416382589
175.97926804495407,86.9064092366467
174.96631117707952,87.59628858551692
174.18966986870112,87.58246257466399
171.9988231163587,87.95275494938441
169.8587296463547,88.06511155504832
166.64505989224335,88.60895225046747
161.09071844336037,88.91311679441435
158.3330710717826,89.39166911256041
154.93678676707236,89.44531770313208
153.27088538332046,89.69079629000754
151.47371029362557,89.93454913065058
148.88051896074194,90.2654755378411
147.10066731295092,90.19667050538904
144.9690919375603,90.42046804637317
143.59573476013315,90.54563769859459
142.87635766926886,90.33032689343413
142.51219694975205,90.24263937667583
142.79080004458035,90.0765653423956
143.55797787969084,89.96769962749339
144.730772307081,89.9175178577002
146.14931942417707,89.76582447842722
149.99821718396885,89.50936037730789
154.99910073395037,89.62386330680366
160.7767781925029,90.57813169465132
167.41422153963225,92.25085187181219
171.13060212867487,92.94954748363246
174.55964913154344,93.4005147199007
176.37895001746034,93.50387604741748
178.01920986327957,93.2943832029744
180.50007677207478,93.16990996266071
182.61766079608734,93.36216534251331
186.4792383403179,93.88386953650968
188.55641632450477,93.92314407136416
190.37386589740078,93.80608257908324
192.7488780641673,93.70621869134352
194.22099923463648,93.77875232087237
196.34037140603238,93.86221965268012
197.8470089149696,93.97346441489226
199.61206562480237,93.93989697612788
202.02939285184507,93.53778953613164
203.42272397926487,93.37473424974094
204.74621021938864,92.82961535439048
205.40300859957398,92.60543207631679
205.93640198087223,92.40471419375697
206.73898532066295,92.05718202430705
206.9636247013139,91.90721758667391
207.14899600929508,91.60543116777436
207.40770737512133,91.56360987357637
207.88143920065238,91.45950306616317
208.50585653941795,91.44683905757296
208.9617132956093,91.4110177470732
209.59555283753866,91.29547857725206
209.87785645184925,91.37756632288301
210.08475251675355,91.32158751673606
210.45275014869955,91.0938179703277
210.6002930996389,90.95818051992715
211.05077021655057,90.49032578272731
211.97381020683272,89.76291344891219
212.73571195040375,89.13671288609395
213.97044833073858,87.97663140248481
215.02582836003404,86.78193304458622
215.3900153672556,86.33095545431745
216.17488256491168,85.07451217238984
216.19699649662735,84.09765731954083
215.9551042317624,82.06294043976465
215.27405201176336,80.23763634412784
214.96252587153583,78.11807895868156
214.58186714227838,75.49722491393719
214.85023230338754,73.49476101693529
215.38554401963387,71.34649748212334
215.73111063957725,70.05006216585596
216.40012586748668,69.1213691085157
217.6617430894429,67.99838815534574
219.1972534307368,67.62069379008672
221.52808716783915,67.65900104748448
223.1541839448553,67.74385603013648
224.49331854277102,67.9610604906512
226.01745172575664,67.72912768150506
227.00121249206364,67.30992085553571
228.38120676039316,66.99896794852413
229.7742147668893,66.87252130893
231.5349164104838,67.06191905850778
234.1582471663101,67.87210885254476
235.81829396458,68.82119284710178
238.44114333983063,70.13722552006328
240.43488464968596,71.09462034937165
242.49613784411287,72.20497487313018
245.6255405426346,73.13427897729657
247.43249600183884,73.75606929299772
249.51499795088188,74.29566405256752
252.48262652817272,75.49751490346176
254.54916661158597,76.06416366246808
256.79882267534214,76.89184513526143
258.2747555642549,77.44126824949862
259.61815921793277,78.24810845096256
262.97845556849154,79.39943022237267
264.794484393069,81.23876286893879
267.17595842282617,84.0220208531554
268.19529482652604,85.43908751234528
269.19119115784224,85.47687668568587
269.7079624048544,85.87479717213071
270.30116921429567,85.95579161752745
271.3490877860552,86.59010814754892
271.55040394322066,87.16109452790167
271.54133364374457,86.9505950270767
270.89302121002635,87.11419288412502
270.4480450308254,86.7221255563712
269.962794423221,86.62480139213346
269.947521769669,86.6082861450378
269.9436804703884,86.66155561721547
269.56340044572164,87.2480895120495
269.4170798699861,87.02402178472347
269.0167937696977,87.26344318289377
268.8325195568909,87.053148029976
268.53087017274265,87.03935438962849
267.87548936038706,87.15861926624254
267.5540582233343,87.10448575445842
267.1614564015193,87.12695475207317
266.78630311210304,86.50346967050672
265.98974631606507,86.10725716551384
264.11190016339503,83.8096223045283
261.9271270750836,82.19308298309305
259.2048411874375,80.19787053568757
255.61843279266185,78.19687303747378
253.04336480427833,76.88723781919725
248.86244565870055,75.2531220407898
246.129970423698,74.22706107833605
242.44394952153937,73.48033972824649
237.44776423212423,72.93362179751242
233.30648558035068,72.22298406180566
228.12828775058708,71.06195282951266
225.5544311716826,70.61120086978869
223.0269037529682,69.74491691696298
220.0233296955748,68.93610111731546
218.05543405698663,68.63993281164514
216.09038519438317,68.76627634330144
215.03605340277576,69.18711350005034
214.15106627078617,69.37057270124927
212.9689529782699,69.66634243347036
211.65232281323128,69.93141431057973
209.04171190976217,69.2911804172194
207.47549649345808,68.66084449381532
206.02639944875432,67.7590709337827
204.72771199885912,67.02809092669108
204.48764795253592,67.25973419952228
204.33235136778535,67.68428447847585
204.23672294534913,67.90991187660146
204.24121046401706,68.03054675839205
204.33949856444508,68.31070662893869
204.34597615655963,68.49326936301074
204.30474261370932,68.73054381969379
204.08142143986512,69.14740431559659
203.83583831776355,69.35526639221362
203.43502636001938,69.78009950244353
203.06455706285888,70.10007507178774
202.86309497781204,70.36062305359712
202.39145929052873,71.2538791661149
201.86563447257458,71.54697207870746
200.09629746657907,72.403542478643
199.40223567461874,72.78569512911733
198.8933868656131,73.487522046818
198.48164128060165,74.54693569137083
198.2060726482932,75.33061689045525
197.39819593752998,76.2318982234201
196.34146832926209,76.77344181396039
194.76865358851143,77.25204459463659
192.92715662280855,77.821273124305
191.8940304081762,78.45841474737087
191.11453368006866,79.38120873810908
190.82597775279905,80.18465537833336
190.51988178856217,80.74246265176761
190.47382400960262,81.08208909670496
190.2466557557348,81.55239103071659
190.79774289840483,81.72267857913211
191.44304882444317,82.1145763797439
193.03454829024656,82.18645661882007
198.0580294603934,82.8162285786059
202.4040939448639,83.27264432101654
210.09339891718645,84.07001873109405
215.39702604457392,85.00933037878843
220.36167426558944,85.7562204066502
226.86513368840605,86.5898905735069
230.62041171884687,86.63801387201006
233.29074468792675,87.01749991693436
236.1127573798999,87.42206249227259
237.55967371956154,87.43370719466142
239.0553659272164,87.63652731751533
239.99131452037346,87.50833356793808
241.30190077358975,87.21975165208784
242.1899527083344,87.35840246935541
243.2855536683338,87.40128445653603
245.0831129749317,87.63880981497273
246.51354427558587,87.63233550289833
248.02092351133396,87.68996600750086
249.72486938206396,87.88880994974467
250.78870671927604,87.89602505631302
252.10966544804631,88.07300040979264
253.122932500655,88.08867437557802
254.1918467819393,88.15017008555215
255.46242707644018,88.37163323380818
256.2961125202253,88.47492883377248
258.2358794697172,88.80474498174699
260.31549000042514,88.65043882830788
262.2524494968279,89.12973966162292
265.008146780022,89.13364764931762
266.36990763132513,89.23294906201781
267.3816461918186,89.15047241521577
267.6517404273111,89.00603859428374
267.78554672989446,88.80246547757581
268.6352801296558,88.76257532475195
269.76608209996874,88.56117432804699
271.7616667548527,88.47206641742652
272.96325492774537,88.42745429816533
274.0586877595823,88.47609544040998
276.1563984854047,88.61807915803622
277.5724429739594,88.58827355498423
279.2602155003375,88.59102393242992
280.28825977333054,88.39173474285577
281.11653211412136,88.28894369062021
282.28335996375085,88.35137145726395
283.04120850349693,88.22975428926688
284.3209140446994,88.21130347497886
285.21632895235325,88.35696757117131
286.1142148367555,88.29431283070039
287.43036325137416,88.63552835871582
288.1335005795303,88.75267031001606
289.0919689980757,88.78999461131654
289.54846125424433,88.58975622459343
290.0228062072404,88.4678570423922
290.63645949688544,88.8853002351637
291.23390708209524,88.76510330899616
291.69593196254607,88.81548572211364
292.1067399921374,88.8364525753582
292.3889477614951,88.94043940398817
292.8411884639861,89.1206388186663
293.17801554766,89.05130373745355
293.3140877058093,89.25557684965437
293.4984533357512,89.23497043036764
293.56153767864765,89.28213554419125
293.58602554301547,89.33764971134298
293.5130484243117,89.58716486199228
293.5364214193803,89.4696468318466
293.2947905348248,89.57115997147888
293.1947692466922,89.49913232650853
292.3062086698108,89.05644048302736
291.52104244834624,88.99597245781125
290.58681620872017,88.75881015254018
288.04721778456314,88.0639778066351
286.20087428500983,87.57433154008481
282.41996384277684,86.18483363740606
279.6703046552532,85.53182874067515
276.77843815199446,84.69792268999909
272.7565787618656,83.7092328816158
270.8244835304663,83.41117899372871
268.61086804182116,83.37070441077006
267.69273003080184,83.45670098908244
266.51846125277143,83.545222819633
265.1265312995984,83.63170098123348
263.8870364830599,83.7157601531246
263.01042202693264,83.55514558187411
262.48066986644864,83.15097037407654
262.8695029300236,82.87157307884253
264.9578604951278,82.40279030002581
267.3540533041472,81.68288296256254
269.7310224836069,81.26054732167546
272.4045437969454,81.01013611565196
273.51855119742777,80.63834538249458
274.47015682948955,80.18114198669508
274.91861186461006,79.7557622272877
275.2427190818321,79.54530939468877
275.5979826438743,79.61233038792906
276.0020520022456,79.69954970452852
276.2784620958991,79.80141083577173
276.503914921233,79.77552887123788
276.6805772184171,79.74482383083432
276.7974502569954,79.65548780846386
276.7752373037914,79.69812622658179
276.8092997054455,79.55622535193766
276.79863329566706,79.4832430330116
276.7909075178606,79.39100701060148
276.67726232754865,79.36982317697367
276.3865942691176,79.38479301534093
275.22768231901495,79.5011937771845
273.6847818754895,79.29300625555508
270.85448469210394,79.33351527109998
263.89647543504054,78.87588373591123
257.92918996835897,78.11010621457949
250.52286301358566,77.35536391532862
238.00514792112642,75.61282553695399
229.5138682651156,74.5183219417056
216.77732456185782,74.0795761836058
209.2018287296577,74.83798921552369
199.4309530942934,76.71434996508307
193.70620225482688,77.87955330982516
188.66050570098915,78.60827819015745
182.49054859864006,79.3473695121106
179.2473987633399,80.22204866354039
175.3742940636646,81.27917890082469
173.25308756336696,81.54364600121424
171.05062068199913,82.08101966038389
168.61499718852787,82.7125528169734
167.25195816819308,83.08868482779593
166.53749019243713,83.18930348928878
166.28012483195474,83.60308839203695
166.52857031243042,83.52471069582651
166.5785938810495,83.78928780015931
166.60297396472217,83.81790608031643
166.6063281938416,83.84445177182253
166.60209006926334,83.89226952575328
166.6386065137263,83.8172272245082
166.56334608802158,83.91774775637893
166.5560698934666,83.94294466346666
166.6133170420982,83.84401117994044
166.84044647200204,83.60828566045471
167.07495466627674,83.38179229810014
167.13924884668526,83.37947645196658
167.21103559738393,83.35681024634677
167.33474113962092,83.19350789415486
167.58720818759852,82.9157094196
167.75895683213506,82.72571120675788
167.96393294594924,82.65574158620608
168.20510705422654,82.45389683697184
168.33513984771847,82.34345094776225
168.4679569327671,82.20432056796571
168.6243096808163,82.1050504479571
169.06648143300472,81.8084026779685
169.4061570752496,81.46747199808671
169.83734858025653,80.94124923699418
170.60311774087353,80.0015255576793
171.11172469562757,79.5642617389311
171.766169733717,79.06085980322409
171.99070154354726,79.00597119542098
172.39740489484268,78.8294530230773
172.61489157603262,78.845802434323
172.74156450072428,78.8868623857437
172.97054459868764,78.84134604376455
173.0762823121816,78.89650047556587
173.18201603468074,78.87853975379136
173.45524221676362,78.74337399550797
173.63074682905955,78.72852800133788
174.0343033973089,78.62892037641475
175.10994779162866,78.33413854100341
176.7800768742182,77.85501185064142
180.60758175484557,77.5653424448131
183.13974885618188,77.49550538165683
185.28837287766376,77.56673429846892
188.34362734404414,77.69919340298219
189.56119661985372,77.82491499978077
190.30943921551741,78.00888106156145
190.9219366922992,77.95271669521739
191.2473788081928,77.9626111916743
191.4654301942938,77.9745271679729
191.72245994016404,77.99893030637864
191.8418800463485,78.16940725269693
191.8681464054023,78.53229744002192
192.01487824222184,78.58407510764351
192.04338223385733,78.70926030181266
192.1032252583071,78.75786983104793
192.1374083492235,79.10790296594321
192.1490409478732,79.25037421279583
192.15509531313862,79.343254956366
192.04681229863917,79.62439473875338
191.99344170510014,79.79342602070943
191.77141046001717,80.24953860467625
191.7543486219909,80.43990566918303
191.7606686696767,80.5685505763508
191.60169364236714,80.78767531763557
191.59658754035812,80.83342763824142
191.59115152111468,80.95252580012834
191.6006718416393,81.26434186410489
191.6743280594865,81.34900292328966
191.72718059593177,81.52741407576659
191.77535468274314,81.61885884947769
191.81900844962576,81.68661717763547
191.80414258682632,81.92786146694013
191.78252753066607,82.118286453412
191.39780361308277,82.43778785652137
190.7214654015097,82.4843656056808
189.14310477152986,82.3289742536536
186.20273017084295,81.90860373963073
184.145072235805,82.02727271842848
181.68393463758295,82.18331954941398
180.0743815410901,82.36823467596172
178.70634977055474,82.50415085288303
177.10664831010556,82.78649761240528
175.98501592363573,83.14144362651243
174.94339667731148,83.3999573284884
174.33491607390297,83.57880185186032
173.71946084254617,83.76037674200663
173.4305486060591,83.90371304277288
173.30310192317916,84.07287277974666
173.24370070247448,84.1558182675018
173.2263304484291,84.15872521408177
173.17260702152106,84.16680354926345
173.152464569511,84.17810344879672
173.19990909329093,84.15507049690292
173.24486035656136,84.20118520042264
173.43240651160687,84.25562164013247
173.51092732551257,84.2631626824802
173.66976437513128,84.15044627291151
173.91506824757298,83.94732725196178
174.16737175030568,83.90353196822798
174.83440692691187,83.78250314747189
175.65352087426962,83.62607160930335
177.3885388847337,83.29716150157208
179.18605662464734,83.32616065347545
181.02081740408244,83.74066962625142
184.67266911072576,84.25310351858322
187.01660493325633,84.6180090162893
191.91319700694936,84.21152400170004
196.2179813668143,84.19859720306063
199.9565156805228,84.25962793492872
204.92125071598886,84.14463324990258
208.07919694321333,84.12813802170017
212.5008203363249,84.30515758866551
215.3232906143375,84.5904646278451
218.12634052627234,84.63535351544637
222.3402615007796,85.09405791384867
225.0452973652191,85.17625246925768
228.47182769871714,85.52076525612178
230.28413194342377,85.71077154549157
231.90671992518367,85.63038822421869
234.23378963174997,85.71262303265728
235.65324615983437,85.60260963739641
237.25527743880653,85.93867920198988
238.28099637175535,85.88544569569655
239.3193536885362,85.91618105237993
240.50500864197005,86.1052558980762
241.10077098870883,86.00482179149161
241.5146494148995,85.94714186381323
241.60545257700713,85.43352727208752
241.65377543866984,85.26586430409702
241.82746447622742,84.83616263909998
241.81569684042088,84.96803216173419
242.0656833541411,84.87498371632228
242.24472695444913,84.44286265744
242.3255596230352,84.18829863046783
242.42619166011318,83.20074073706148
242.4775425555947,82.69384709593956
242.50492338012702,82.04571406997475
242.79197618888935,81.00550283812524
243.17697952120167,80.40375985347066
244.4823141979664,79.44859873118094
245.50229368892252,78.9323240131182
246.462888022676,78.15196218887003
247.63979450530837,77.60708398126918
247.9308248260456,77.47531359517315
247.9408943816781,77.3051196729888
247.7588740645162,77.18092028714094
247.6168388549895,77.01095972625475
247.69662788381652,76.86243192864649
247.90876331876495,76.74335428260204
248.58374011563802,76.8139353487586
248.9448778885137,76.86495327749513
249.06000095413035,76.91444943044236
249.1662994389509,76.82234191169408
249.19814142689472,76.69589149235468
249.216785260408,76.57324609438442
249.23671439410026,76.50959139956218
249.31301075242223,76.48432122916333
249.42929108793376,76.6084451465574
249.49795850920287,76.6634357915548
249.64566183664405,76.92385505249405
249.80147947717765,77.16453456750246
250.10173287028454,77.58273985075544
250.61064158821557,78.6349337009998
251.20283747550675,79.3816130783785
252.4273080357509,80.27873037410416
253.55188719223798,80.91572259521637
254.69450999978056,81.59234874054144
256.07867954672395,82.2904971560382
256.54723725184783,82.65555962541006
256.53081782613356,82.906992048432
256.2279208412833,82.99023752995589
255.90024129981774,82.97671721235793
255.79153075206108,83.00148416612932
255.80311313227782,83.1445205169008
255.85921577817578,83.37585546383912
255.9928270745736,83.56750876382121
255.9626367388878,83.71791180771683
256.1237578710058,83.75734520913456
256.2228374187773,83.82949783601347
256.42048295104917,83.94441137331357
257.09231006485027,84.19822791268217
257.221320064392,84.37818599695258
257.2712451755998,84.68503205814021
257.2054293085542,84.77022000589855
257.03601374947726,84.89972750798832
256.7815539359535,84.92171150345288
256.41540891416474,84.96316867677838
256.03458096193714,85.0516711220296
255.94681618069313,85.13475899657494
255.80485923147174,85.30654784875706
255.69169308028603,85.42683941474675
255.64355018409384,85.69105827611807
256.61582501479467,86.18785308689617
258.2003529592154,86.51131301091618
260.41703605873903,86.53845096771481
264.3373043440392,86.78013587714838
266.9030525144105,86.72213209534942
270.1451669713441,86.60397660312677
272.13546204319414,86.59542831252604
273.587108342083,86.59510944414097
275.07124064264474,86.61289590189072
275.7269010669987,86.73480428912303
277.1813032819959,87.04279026332576
278.56300232430806,87.71533034128454
280.3330723718191,87.84851180542054
282.84832630570224,87.88541711372635
284.5716617385801,87.74579951877597
286.09178554786615,88.02503749044412
287.76991995926915,87.87452571586071
288.05364022032256,87.51106571340264
288.1991404620161,87.30001163878659
288.2148095158458,87.1671946618952
288.4572301207354,87.19225097634133
288.5865115194985,87.29897800834813
288.06971240210027,87.56955545335478
285.81135393334944,88.35947403223877
282.93619811660824,88.75680456154582
279.7911115131908,89.26740778026898
274.43575885103854,89.0459737755857
270.9940326345461,88.82098799087986
266.7283537630708,88.5461909675148
264.70897119845006,88.91648521230071
262.7706327725431,89.89895999783336
260.8099810175291,91.0832661506129
258.90383709299533,91.48774791471749
256.1565228183272,91.46767115300622
253.5345333668979,91.26253763570517
250.68709627712173,91.15549907478807
247.10299298036432,90.85207258980545
245.00186949388768,90.79474295041753
242.917272399189,90.50557944989274
241.6741445793116,90.49465684017241
240.89089310888676,90.62260387601842
239.87984295890294,90.49182114061352
239.36436283733164,90.5276662333635
239.10280160441334,90.50825996023063
238.98439249520726,90.44436533227629
238.84929453547812,90.45688368075011
238.7687837878129,90.34202754964593
238.7785389998914,90.26511663666857
238.98028968366506,90.19847647222103
239.10741395706302,90.16675208905623
239.13263977101744,90.13663907241427
239.17970190322322,90.0808087657941
239.1779416531177,90.06938748632307
239.1449178938848,90.0534217239543
239.16323648618678,89.98818418809938
239.175204842287,89.94583986719452
239.27371744946618,89.8682316288086
239.362825527396,89.8415082435243
239.52353825519765,89.76562686248593
239.85048722849194,89.67494576013567
240.22929156597985,89.5630941742908
240.81340700828684,89.27290184847362
241.1975523523438,89.0805092930195
241.5621614100748,88.86932932248453
241.88659021361028,88.43317597694805
241.96276645877896,88.099896922566
241.95580591882003,87.8756005239222
242.14149638245584,87.65306150505445
242.7383722549078,87.26356745935321
244.28613217007177,86.7518290874389
245.96760850792987,85.97654673153166
247.96709429493103,85.95091597642406
249.0424664614465,86.10449943924272
249.6769817053379,86.10895145751441
249.76100987814968,86.15537146637945
249.7152680137371,86.03090348455208
249.56437202565974,85.97823438354152
249.1604114198346,86.14582864502871
248.8955828704524,86.27544113107484
248.36981175537397,86.64073198495899
247.84155030616807,86.87751974240233
247.12784464371117,86.79610711067818
246.58966196618678,86.7904397617303
246.03691235524795,86.82435345152399
245.0207962780244,86.7492372113417
243.7787040925397,86.90680851203224
242.25535532498657,86.80489861148095
239.77191701955095,86.32238203605101
238.08060645529667,86.14876497337143
235.56638685639533,85.8297650596395
233.88621377670324,85.70860696453603
232.49640862255924,85.65039015859303
230.81254409943742,85.66255952571716
229.9776753617852,85.79777606282059
229.90073491582262,85.86603449386669
230.1259984860348,86.01369676211523
230.74456884092135,86.32167090355347
231.79288604909814,86.37390773824
232.3538451079011,86.35149379694194
233.70751945479026,86.18669662470562
234.98168301089802,86.11794811501159
236.31662846708497,86.18324900479486
238.21394751557747,86.27898700355301
239.17634470629702,86.34351833204092
240.30126799326797,86.33579985096085
240.94727654593027,86.24754655850386
241.44060235423615,86.16139365666132
242.46376326668832,85.77303880505065
243.06859338558638,85.66413092561025
243.89379887810549,85.64083639409218
244.33543092496382,85.65271486359947
244.5916021880588,85.6957083761784
244.78598479673414,85.67274039924557
244.79721028898877,85.6301155079851
244.78003409488912,85.59813759643275
244.70964919424094,85.51479924731964
244.5706203613014,85.4454224256044
244.13071725641578,85.39950348349167
243.57061322911952,85.35977628776584
242.54294298011035,85.37779331518004
241.7048106269578,85.39697108690521
240.51013675060042,85.48551824891112
238.14516001209478,85.5415074355178
236.24095589931642,85.55552355542872
234.04006095464584,85.36335394661323
230.9185079148543,85.01225093104193
228.63336908878887,84.8524940365125
225.3905714680346,84.56327923449551
223.28039589268593,84.47708069588275
221.03805243426513,84.46033389841368
217.99431283800854,84.29238513474341
216.1935422089088,83.98873805741148
214.11902428510575,83.6908528601595
212.96186675308581,83.41327166701419
211.91743678514877,83.10637484557607
210.46615957891066,83.13640194163266
209.51866443722872,82.99472212287213
208.05557248372932,82.80172611113676
206.74815118296755,82.67112851447152
205.27446292565966,82.34090414199771
201.92739784586178,81.95027150078062
198.83314682403937,81.34726292391903
195.0506293337398,80.43479035384078
192.85377897406195,80.3323365929841
191.1112046855575,80.34707662101641
189.1895119832966,80.1505637632802
188.41902286529015,79.93194673089849
187.85903594546787,79.97345197612212
187.6550473052768,80.04145170474891
187.58482440122594,79.91099996623605
187.53805238688724,79.43730968249429
187.44512081244955,79.07973322419171
187.31237940996903,78.75533922715474
187.31476878171378,78.66286315324744
187.26311949663076,78.64569778025792
187.0153711679954,78.56568482944051
186.5954997327561,78.59101743682648
185.90029517670254,78.56119684553086
184.61468424374186,78.68657263972554
183.02922893998294,78.75844734592019
179.57742531620883,78.9455077551965
176.90319391432652,78.93837811253121
174.47408484243903,78.87474952653628
171.14019273725538,79.15485981480502
169.42804112632845,79.42623004266248
167.4311512934688,79.98971672362897
166.57617496232962,80.23498197693911
165.69491281139594,80.53791146677369
164.236929694805,80.62781649513478
163.07850413384583,80.75342223768995
161.39025650547825,80.86761691211728
158.02295155285427,80.79543329097186
155.27467690374777,80.68979414357928
151.14021467981237,80.88443065489187
148.82735131916718,81.12162219180502
146.40961689863977,81.49238929861914
145.5516054806859,81.82767021758119
145.0887661821542,82.15236984990125
144.88987972167496,82.51775280653898
144.89557999948136,82.5673406629856
144.79984523332814,82.69967562049352
144.41214770770267,82.87165791928157
144.08619721821768,82.81098416424138
143.56372026462395,82.9981060043909
143.15084775488026,83.16954146870694
142.68595413943615,83.31540404054495
141.43538123893273,83.3807995640369
140.5559507742533,83.33831110175092
139.00054787735118,83.51944842763871
138.07499415202736,83.38569633471226
137.1430598283223,83.43396935460449
136.02775369277467,83.58119879592988
135.3929376097153,83.53344657863062
134.51213934008027,83.28444140748402
134.09937855229376,83.14940679585949
133.80724132470914,83.09104026594336
133.6292370732219,82.91634184691922
133.3327999102002,82.84785180364321
133.04953105589374,82.69182060334742
132.7447027956717,82.64564129155976
132.57892339756137,82.5856256893
132.25662242766862,82.43361790710254
132.02391156378093,82.39564872402475
131.78288894061726,82.38603910848612
131.56363605124824,82.41581960339309
131.3246625942782,82.40388478216884
131.0400168540362,82.31803479848881
130.8859573744894,82.36637319292275
130.7116848836958,82.3998918863917
130.52677839265337,82.44506987261401
130.41168316568087,82.47102165297193
130.28877917277816,82.46673906354563
130.21106421180735,82.49024683690881
130.15093404824074,82.51970730440584
130.10553014109286,82.58320239833918
130.0618163341921,82.63853640015554
130.05199595452422,82.63243191850097
130.00191540364813,82.74569048932601
129.9411248283577,82.88441333954084
129.91008266399925,82.91590235895492
129.8351477412902,82.95845683463058
129.76191481543742,82.97906987223301
129.68791727992806,82.99713086311138
129.59659857062556,83.05266911257877
129.56988179839092,83.05917591941021
129.5016684537375,83.09256081611862
129.36979406772292,83.09129297625547
129.20145578950735,83.05254841053944
129.06092261720207,83.01133278619935
128.87444447496722,82.95727661078591
128.74688460043603,82.92202509934204
128.54497651203536,82.7627407236964
128.41030886561194,82.66222952009423
128.31959320200917,82.63203526560628
128.28577487321388,82.56532874999212
128.27215866625875,82.54082781164416
128.24631311307817,82.50278650423805
128.1918237355058,82.48424454124567
128.11362224478765,82.47372812895324
128.04713550730392,82.43736759759362
127.99967659122528,82.46418675475066
127.95823917389136,82.47566546232237
127.93323741387951,82.47885775328616
127.89061541850816,82.4784286054339
127.84162401685583,82.44747646386045
127.77452628651861,82.45771444994794
127.60969570857964,82.490303942982
127.39433915051444,82.50681146978079
126.96694341423854,82.43807610070189
125.95282861098437,82.24911682460935
125.01219487037406,82.10443664806876
123.15727918813204,81.8668286911024
121.73993327573567,81.52968334661932
120.4133979687989,81.03709744712924
118.60078176163626,80.34611665859208
117.68119776270537,79.8319746650544
116.43759799004364,79.11463479197923
115.79336091402192,78.54984443567618
115.14928823276965,78.03724722092274
114.4547681738095,77.11552251135188
114.12812160649358,76.68242496116972
113.92457756883188,76.32899798634813
113.8304900722679,75.89733977473038
113.93656988545413,75.75407455453524
114.0891098596142,75.48045439979693
114.09007888766322,75.4268089169787
114.04739766982718,75.33245484870658
113.94304740824079,75.2685949425183
113.89512996291955,75.26877407255904
113.87219298930597,75.25498981536373
113.85591436739693,75.27139058471272
113.89267554121366,75.27271918463009
114.01636410184102,75.36537166198657
114.06554987690433,75.42636280573687
114.1719037936727,75.4721317974665
114.19448429185374,75.5282359917829
114.22338544671743,75.55422623181823
114.27008088937208,75.66470722815727
114.33804910789844,75.77685110603953
114.45031629689794,75.86898343070908
114.47515731698081,75.96099720147268
114.50847548943082,76.00711941446373
114.59322200005683,76.03224132842345
114.66316445753898,76.07946683175231
114.7395481529636,76.11172017377112
114.75871701119581,76.19382735282414
114.7577528779252,76.25636222936694
114.77627671344968,76.25808672512989
114.77635796115686,76.32729270243301
114.79402247687203,76.38091021643106
114.81260125389244,76.40613459369379
114.82579074233635,76.40532026625479
114.87216311586273,76.39545121880697
114.88263033800956,76.41584320144253
114.88982043465504,76.4186734402037
114.90295495925767,76.43535241574183
114.9074326748469,76.47762177999829
114.93591680180643,76.49997521993257
114.94929750632011,76.51470791078194
114.95733371896249,76.53063163885116
114.97814538527616,76.49989960881229
114.98954836381287,76.50776620067988
115.04097686241704,76.49495151939585
115.09442689134048,76.5038347189883
115.1134744005494,76.52378803253083
115.1576986813903,76.51319455775874
115.18542484763928,76.55796985526246
115.24107670810572,76.5686960774229
115.28134275642853,76.57234700259517
115.29247139131377,76.6043163991066
115.33070791942086,76.60786341826812
115.36290558523996,76.6148031665054
115.41571148183208,76.66810355678632
115.47407384691797,76.69759637370964
115.49722693219047,76.72313568341242
115.5044357364809,76.76027711797323
115.48866349925486,76.75454526738483
115.36962953717429,76.65799935748991
115.28063309262235,76.56771986734789
115.17624425951719,76.54058402873986
114.73876600655859,76.37723848200463
114.00828526171163,76.17963679143196
112.08897630142677,75.61031993436067
110.77671839456885,75.13504496612637
109.7288889120169,74.62485029484444
108.9063906880516,74.01674582722765
108.5921823486375,73.7602599594245
108.30290038626674,73.24986726063594
108.01398118868623,72.99962957912058
107.63662362062426,72.61335707567767
106.97584350037921,72.0264352185957
106.66609723652542,71.79121997870276
106.43060352694003,71.59906553161676
106.26225262084925,71.43718444369185
106.17460718900584,71.41110113583004
106.26524240228679,71.47022665864017
106.40636338660454,71.55658903870558
106.6837330991942,71.94423697294314
107.26452347432928,72.74089190089512
107.57478133449018,73.74620363058456
108.25903154495069,75.19165341727512
108.92530777888834,76.95464088309798
109.62264966186503,78.40885205586085
110.81661937366515,80.56692902792562
111.43564170241227,81.61759029754259
112.29140406317791,82.86781031368376
112.7970033659981,83.45628520002764
113.42115129210157,83.66653395227921
114.56261201461197,83.74215755702267
115.31994450043929,84.0473879257862
116.27878058714774,84.36599063082572
116.84230964269764,84.51042851831424
117.40342425409888,84.62991386544385
118.05245611253224,84.92473013532074
118.481175378622,85.0121941631972
118.52057334661082,85.39481514149509
118.43377288312985,85.3699638638806
118.22798099510094,85.4919847738302
118.11701991897233,85.46724363424254
118.198327305437,85.60990004104687
118.78942927534965,85.73520349717705
119.12641271863289,85.88489447066041
119.34238254585563,85.89781314527967
119.72170154726668,85.91133777880829
119.99016419720198,85.9977807235235
120.46594801739013,85.9410739085504
120.94437193599796,86.03153489363363
121.268712979015,85.99229816307879
121.4956088982506,86.02319920661448
121.54993339025785,85.99492440866813
121.64326131839167,85.87476657942739
121.78639027684726,85.85177327230545
122.05718644236156,85.81202090306583
123.08553247497926,85.53013845567784
124.44658454981592,85.52821295429972
126.60991854429611,85.46430785101187
130.9738612336751,85.79488541942237
134.56867972636397,86.29080237643835
140.55835389572462,87.00774378919482
145.1931097896952,87.51120113665286
149.5513204221637,87.90323611094676
155.43048562831322,88.98704557605974
158.6353376846851,89.40536186175525
162.99580370564004,89.57270843978245
164.79494590285694,89.39974845430861
165.7783395130533,89.29356096615517
167.09135267935497,88.8851998793427
167.4240478301619,88.74328784619652
168.09210455159007,88.51700903460913
168.82937427547148,88.28270526418717
169.38644411034016,88.20265805777592
170.95539612972047,88.00254578871213
172.41515500976487,87.99695137498827
174.23705261766122,88.21270198991077
175.17555150669796,88.20881399118946
176.0607658124541,88.0578419383353
177.10166978411678,87.97534271358131
177.8445935069836,88.03437812403597
178.71306973771084,88.08416954795824
179.0965485603486,88.14034878215028
179.6535740881177,88.06690188813099
180.17147082142927,88.11566784730043
180.503484245164,88.18670099182508
180.91704126267356,88.22674619606384
181.58871143516996,88.21297764805347
182.1505114391804,88.27814888228335
182.8521452173175,88.43377149625125
183.29395019246414,88.41123579501033
183.6163326950132,88.38956069419093
184.13794233354398,88.2636972791883
184.41044819698868,88.2249653602551
184.97143255066362,88.29377540101547
185.4107920455118,88.43868695177358
185.72476596134106,88.41939241959203
186.31309170863298,88.25155834000775
186.67191276722946,88.17849152544868
187.51154602165724,88.009945174258
188.37348480546035,88.02685129878222
189.97763548631372,88.21260424812375
193.52447555424155,88.82881865222606
195.28404341073102,89.16981969066046
197.38096776693374,89.24579148308214
198.44750247221813,89.1152318925753
199.378780434438,89.01216418509004
200.39445676437654,88.89457727943571
200.76017667566012,88.92191577519259
200.9622512018259,88.76218275708071
200.86208322664285,88.73907459892436
200.77986354136797,88.67842528425261
200.75407141071494,88.5106648736794
200.74706453984172,88.44644604978018
200.71822804446842,88.39928468819413
200.41050174269108,88.22591953018498
199.93553697271847,88.09371590487683
199.22237436321214,87.87893724467753
198.39698539310584,87.77231335070603
197.06724848504217,87.50616164017966
195.9541438237984,87.41270247551854
194.48701205013788,87.13136339234045
192.62125171839585,86.6778539233302
191.42528243373806,86.49707418233321
190.53903036168202,86.42115651639219
189.83828340863434,86.34338697303245
189.61151342420433,86.44249524873592
189.73957732798902,86.66003255950761
189.71810853987515,86.80732780328826
189.66488152692395,86.92311456699434
189.67962045035094,86.92153431728683
189.56801457897885,86.93093116485083
189.47497446725527,86.92098601361924
189.47818829169188,86.97184730284508
189.47857571102793,87.02541206502
189.33869266768752,87.05764799108708
188.97581739714684,86.987920601329
187.62331948937234,86.7208290864831
186.0505377523085,86.25148022056342
184.38157681289744,85.65071333108862
182.21975570932136,84.88700949602317
180.97663687250545,84.68894012543021
180.0260376016536,84.59965379178173
179.40593949463963,84.5524726819104
179.012294958507,84.45169432671523
178.22608673307215,84.19993854767932
177.76911489972974,84.02076163292661
177.44430115806338,83.73387794543449
177.26591552826073,83.59212031127045
177.31045055728245,83.52173272998192
177.41524757237343,83.4178128216937
177.44326907305825,83.3213796979678
177.53592468276926,83.09878061492599
177.7123806464438,82.88575969312846
177.79473312276068,82.72509771661052
178.14191762046366,82.35980924592712
178.28604762865126,82.20213407771142
178.5013964551094,81.91766169650732
178.95599745010983,81.34221823318808
179.30599067868948,80.95315576768245
180.51535874474814,80.30348136905289
181.7502391845776,79.80757386030577
182.96443956576556,79.46474693162381
185.07903365371362,78.93869508344049
186.03227594831728,78.85429587318737
187.4580568731236,78.40817939825274
188.4700133024803,78.18975568887848
189.24101529924533,78.08842062427797
190.81307865506474,77.58024610472155
191.65872151953488,77.52788145106346
192.73828950663358,77.17367631619072
193.63966181463928,76.93325130846195
194.30169085333196,77.04687874533289
195.0549023851377,76.97618800955394
195.07895268673667,76.94301281700282
195.1612519799708,76.66441267124559
195.2096220331877,76.34634769899714
195.1068176631269,76.21769400712586
195.15374390389576,75.99557491804451
195.14591425113287,75.9098138653784
195.12618067418134,75.88337067235491
195.2275814207154,75.68927069046732
195.28028939372103,75.65855536827883
195.38798308789663,75.60371640171098
195.5400886889439,75.54755780230172
195.69781313296238,75.54273680036735
196.05976456125487,75.54420651681029
196.48483715237327,75.65758738341404
197.47730797105731,75.98634296700628
198.54189419097935,76.48425679879877
199.91098604408936,77.08715246739403
202.30586077584775,78.04516460813447
203.91583716367782,78.56393498877492
206.21087059890098,79.35888760319686
207.35174380693593,79.93873019681844
208.47254446959872,80.70119867683698
209.9552807595812,81.5565178736557
210.5461084071564,82.18379740664295
211.09332123448323,82.7172726244771
211.23314728416474,83.09023844640221
211.3212252638493,83.45974519841653
211.48021177644165,83.91609994820936
211.5435615364217,84.12196936882982
211.59707233496775,84.20010328891635
211.77307341381805,84.3855070467003
212.10690670351642,84.58995677178928
213.05160266453117,85.0877023376688
214.21415987273787,85.51971263031612
216.37863067742035,86.08950310553084
218.2024999040792,86.58829085928289
220.13299229819336,87.2195171543336
223.7045809937802,87.764609539666
226.1231213084381,88.1063568832222
230.0374903198974,88.3297104762274
232.38803361750857,88.47460898937672
234.7850411077111,88.40882407252003
237.70903028062423,88.65731183209
239.6791650950559,88.49033281296968
242.60644795366954,88.73437532429143
244.46247193384318,88.55895662369373
246.28714826431838,88.51446712939271
248.9617696824066,88.47684461495025
250.90762105922812,88.24607405075456
253.35441332385113,88.13872414822704
254.88400848817298,87.73396170858263
256.07316678115893,87.7742007237597
258.13114877790576,87.27307040604424
259.3430970945818,87.0750318391463
260.47079060900097,86.7356945381796
262.41196148041604,86.35504099107905
263.82851027438994,86.49817449668238
266.2177374893897,86.16007482604677
267.66281958843666,86.06059335097746
269.1216771249677,85.93989669173148
271.15966996553664,85.85106558214409
273.0577424812036,85.5255634215398
276.13814646907963,85.2132288884326
278.1507493994357,85.0520949922244
280.10793379263646,84.85445199176712
283.12220619653306,84.56639239659589
285.0694160906643,84.26822566901406
287.3736579214848,83.81951485201198
288.6830359098435,83.37285441043099
289.9338995491857,83.05648362654075
292.0900017171291,82.78181772888722
293.4823835197162,82.84890922131835
295.8473473913087,82.54607891042082
297.19757418852026,82.589058776778
298.64628206189764,82.32105716867711
300.6096184788427,82.55085657176492
302.09464386705434,82.3310224732064
304.0893176216035,82.6843251318282
305.61516641371935,82.54476942294309
306.68121528264993,82.62331296115707
308.2625360528406,82.46577090793943
309.11794319467015,82.51045617234492
310.1964531777287,82.45826970088348
310.71325719735387,82.83672658862844
311.24861952279036,82.89156630737527
311.99947542548176,82.78319389180734
312.55667024524934,83.11435251854758
313.0338986868446,83.54890108635125
313.2832739250713,84.48666130283178
313.54411190419745,84.95668672141261
313.62789436749654,85.99523752006495
313.454587171359,86.55911261569831
313.227361872438,87.27381680891838
313.57629583851,87.58810668330925
313.84705325087793,87.73886755266345
313.8759056974535,88.11270935943111
313.7716291835568,88.07312764858139
313.72968562997437,88.02026887625257
313.68444733301135,88.03917119191152
313.7664457529865,88.02177382703306
314.223061862004,88.08897571732739
314.6281111099852,87.85438252427676
314.6139792234247,87.9107770637068
314.8108106244955,87.63355806342526
314.8761940860227,87.56463960515582
315.14418638172594,87.53775862772628
315.63336081687874,87.45236507267086
315.8212463666255,87.39678357126122
316.21180614394035,87.18140939020027
316.3426598065023,87.18513580095204
316.8867817742713,87.03954762200549
317.19150113332194,87.11423138299847
317.4992074416797,87.23020047682917
318.1053409232513,86.90726699724875
318.33694423680265,87.03321020617557
318.68204910415744,86.8735631955089
318.79546794634655,87.04310941553693
319.0060454385762,87.08732793820927
319.3153019467011,87.06760501930404
319.4877690738383,87.11181823292652
319.71633108902495,87.01930161642251
320.3643534473895,87.06204994634064
321.0275941394694,87.05272680728169
322.1545608838544,87.06779141505122
323.2046816057215,86.95886178482658
324.2135964531567,86.87355419078959
326.0191055399947,86.68940370187597
327.35699130128114,86.5782542803337
329.741634689481,86.67880224793319
331.50357593322406,86.40072857579631
333.34272293905815,86.38116965667489
336.51647213318324,86.57852835601852
338.56273516230453,86.75387410194027
341.8197787886028,86.49604506030484
343.65461780556234,86.6442507430804
345.47508586072695,86.32356200569149
347.6673524159502,86.5052299057268
348.8682117332424,86.68323543780907
350.3585467259252,86.56519840060557
351.2606242372033,86.57475462163433
352.18412680393004,86.70641351831381
353.05528151027704,86.99189963187699
353.60044515943537,86.82853102529792
354.0674116112202,87.18665706109648
354.33973824899175,87.24593735932204
354.38331575845774,87.25398357805925
354.68433485178906,87.21195271956869
355.0495572808933,87.22973301929984
355.34235818560285,87.34817885422972
355.4875363293316,87.2058140830004
355.3787288531588,87.41192965663726
355.5703288894373,87.49956343045113
355.5154201053838,87.66323570953176
355.5284495140034,87.58456884431243
355.48178444384143,87.70487564836677
355.47003649085406,87.47828440791852
355.2719093755233,87.62761427900284
355.1991949264559,87.59672312335505
354.94477951429644,87.71408693440442
354.3284889096608,87.30847348725622
354.13197777881936,87.46596435303752
353.52303428876695,87.09799251020262
352.86180261589993,87.52310468334828
352.4278563584046,87.34846597356804
351.62818653541547,87.22957904463878
351.03788187580886,86.97242651899519
350.1180096361352,87.18586485748881
349.68975281516805,87.07232835645122
349.31153441984486,86.9825658498577
348.79319345468525,86.95528404335867
348.3658573098588,86.7716898133566
347.60371644475845,86.81490118531053
347.1417520858396,86.75333899031654
346.5381202010269,86.80954648614455
345.15487286632407,86.74908112252368
343.76978954680845,86.86861493685218
339.6949761476327,87.42222963392204
336.88885578873555,87.32290453672223
333.80571919783085,87.15581369801271
329.45821370834824,86.75716162478071
326.31753811276275,86.860804382629
321.57439181670395,86.75579652816798
319.65026258254215,86.43555890371898
317.4571288293399,86.35419656934698
