179.65239696698845,85.7102360304597
181.79655138883226,85.00498223464238
183.58205138531093,85.37033011789214
184.64493982438356,85.69463154772448
185.75560682915355,85.96372118090021
185.97513125800396,85.93401426055796
185.80528117363664,85.9040268639907
185.72291149305303,85.85516909508401
185.59049271421463,85.81429336592949
185.62858738021765,85.82008968935008
185.69834437815996,85.74609535774049
185.85527212485704,85.66973257599733
185.92702247823988,85.61877934593579
185.76950102858456,85.66074574391273
185.38666360851238,85.68618532911378
184.52094293672883,85.76359831553204
183.83477604184552,85.85672637682148
182.6489434104924,86.05653349172631
181.76431200089118,86.09343582506337
180.90047937948907,86.14796288865968
179.71110966292758,86.06180716776164
178.98417049210394,85.96788955402619
178.22742230368573,85.99186851469058
178.07650771586282,86.0517270268542
178.14806863059985,86.14149525611579
178.31445428980322,86.34661139772686
178.5673523765371,86.4153028710652
179.06165345507236,86.40040675973245
179.2899732483232,86.32034324043354
179.45072517693634,86.20381863077172
179.5507621084417,86.05178368131058
179.55779916015896,85.98148901690281
179.47873061188918,85.8888637206756
179.40954764110413,85.86207225947906
179.31084777229535,85.83100242508647
179.20375784082458,85.82372295456508
179.09120271724228,85.81347568118697
178.79240402683237,85.83672763822238
178.237300101345,85.91851991120862
177.41936727236802,86.0149320777312
175.45648394102216,86.0255992740546
173.71319469334395,85.92702132067222
170.6484668212889,85.66092685934963
168.66899700557803,85.45002950833727
166.85908494956314,85.33143188844778
164.6304949809624,85.30056099800781
163.3530278521371,85.49048755603188
162.16685945512296,85.78130497296912
160.36507211894747,86.16778468655853
159.06044837268405,86.38610616743362
156.84655543169038,86.42179242737502
155.2201397173165,86.39596078174226
153.4509834126412,86.30654833095014
150.6217289250094,86.17087325011974
148.5312031711261,86.06024407335016
145.12483465778882,85.88416584485611
142.58551791372133,85.76724956509008
140.04421839219447,85.57344533594909
136.58139870152922,85.11777613538922
134.4534810731183,84.84085392641477
131.72842424795746,84.61078468236173
130.19403922797346,84.52643602104078
128.9091822900991,84.48232657994133
127.31026017995212,84.55324223631881
126.34891348317112,84.66272562508436
125.01452196573177,84.8108873733187
124.17294063044984,84.79713522623666
123.29594930245199,84.76018145909714
121.95823601463988,84.6321623983585
121.13204054100515,84.5817521083462
119.95697339097799,84.65173243429926
119.26482949341847,84.74893221100395
118.5403195113878,84.91794699905779
117.62085360765286,85.44123806482455
117.13919708408324,85.85433409324219
116.68264748801732,86.09270925440711
116.49468885234721,86.21128739638435
116.54476525993627,86.15575078720917
117.02321970917319,86.0286421153832
117.70435825918693,85.87709000358669
118.45391679005161,85.86565048613335
119.15040410189317,85.92795629292925
119.273930128718,85.95235449849497
118.70753874791095,86.18434966674607
118.04021893265596,86.2814664099659
117.2065442770932,86.4324799623136
115.8999037682069,86.68841264100993
115.18757099284123,86.8733561756474
114.29968002084884,87.21056793196645
113.80865438197827,87.4396205952924
113.49699961518945,87.58113920943227
113.35387719532822,87.88930468044893
113.42370872187873,88.03899757570149
114.04586476593701,88.19683137731526
115.002832376542,88.12044590923372
116.55436759713474,88.11691325116765
119.55771818614843,87.96452962272271
122.12612337266425,87.87339172305808
126.16557919106873,87.49779181156234
128.78914716929847,87.2530117502233
131.28229543271516,86.97023966446007
135.05731040623454,86.53641619112699
137.69653279469594,86.36398651874505
142.00480135216606,86.20800357777335
145.6648824851102,85.94876087954722
150.05847397550534,85.51108945844021
157.02971035098983,85.5302593130804
160.75291202412672,85.54860601802069
164.8074504755472,85.34195046572427
166.77572279515374,85.10282743475855
168.4402445271309,84.87520794709108
170.57982615015874,84.79031141767655
171.8388365325775,84.86079118400112
173.50009971749625,84.83399345523071
174.39800770274275,84.79355285659905
175.21338648310402,84.74852527521278
176.2875690753328,84.66465672839118
176.92137674254286,84.65613089901372
177.4738447863794,84.72952377111714
178.21628582945442,84.82764221677107
178.73223460581912,84.9156951383527
179.49319081222052,85.06798954994656
179.92922838869865,85.1172311517485
180.23130219863083,85.17405137209184
180.1821406488058,85.28559739049928
179.6630141369888,85.39094206694925
178.3489532504556,85.50820032208142
177.37222631286943,85.60350672092275
176.38854635175707,85.64933271290599
175.01952947733082,85.39977664750324
174.231770586784,85.10850397405834
173.35259404238892,84.78344880020404
172.98681873691544,84.62946095334198
172.80427234967308,84.56070036781183
172.76904016615828,84.60446437575631
172.7498959786293,84.68581288759026
172.81997089937005,84.85033682064866
172.94308634750365,84.96104291539223
173.14138916188926,85.03945941747264
173.5425792380883,85.08341840261102
173.80462172679202,85.01698510493523
174.15479293723936,84.86611416208642
174.3206352773246,84.70742006491048
174.60780706442284,84.59386112179213
175.42213953196497,84.24481154829539
176.2613707023509,83.90407174775606
177.2486128498833,83.56896349821996
178.73712640725444,83.31306930187296
179.69716637620263,83.19045596014648
180.79480029347752,83.05530455422667
181.38749133178905,83.03512526326494
181.792585620355,83.00666501942084
182.29582534313303,83.01578071308255
182.41189105694522,82.99186802402843
182.6698193142271,82.96752631168306
182.85089163165884,82.95895771931981
183.03450587865768,82.96195628660676
183.36362388756265,83.01625181061276
183.64705691150627,83.07058298634458
183.99011077252754,83.156619143722
184.16960427747054,83.20793759856234
184.29767784700738,83.25584441276628
184.41680255294605,83.35565098387654
184.31331100936848,83.56180672783653
183.69679461895078,84.22460012901179
183.1039416525161,84.62737530375703
182.3344028038059,85.02437497648253
180.6599041076828,85.50173933245031
179.09952582249787,85.8113664206301
176.99080222134094,85.65806121730857
175.97249642396824,85.46784797831046
175.14087241498456,85.45520033274744
174.53763729492516,85.55503745119422
174.51520701487613,85.63865168082066
174.54526057771537,85.72073469498335
174.64641672396013,85.79499396329155
174.82210671922013,85.8350926536848
175.09469664305047,85.82533778959223
175.2315900621042,85.79023192955465
175.43518056808693,85.80582990144384
175.48664658554316,85.98794018046817
175.50484443503416,86.21285527353238
175.49737079817444,86.44929164629039
175.52185132721,86.512467947429
175.6221344087088,86.53247914357442
175.6912366543637,86.50925418530727
175.72990991819793,86.47389273103755
175.73201124330654,86.40567474475561
175.66888493268974,86.34679526316063
175.60133855295348,86.30906129145028
175.5106972718432,86.30503573743978
175.50335977258604,86.31748615825016
175.54471310100104,86.31536461638305
175.64078485497433,86.28020222857579
175.7331705277325,86.25929683505859
175.85072449858674,86.16977042780825
175.87449541133722,86.13192880666168
175.8152036863164,86.1049657283564
175.75866097882025,86.11394096221677
175.72932175004064,86.11759103069109
175.7430251581871,86.1073224034567
175.81150873117105,86.08492471440444
175.97255915677917,86.02854767280178
176.07043592370715,85.98387789204786
176.15609649266807,85.9305726188258
176.30548443982022,85.86666470637745
176.41699564786742,85.83229362132776
176.59187306979868,85.79429022459664
176.7261191458971,85.73790259818887
176.86829520911064,85.68702253431637
177.12911481954794,85.56993827044096
177.2519740045441,85.52703018826996
177.45749925691703,85.43982406871052
177.6130149565192,85.3961415951011
177.73986148571535,85.3299198726336
177.9632261219492,85.25875952843029
178.1660577589572,85.2039897962776
178.4543918168291,85.1270519443585
178.5948402419729,85.04459972817318
178.7014631526457,84.95195454019203
178.87528158648752,84.81640364612454
178.95387467626887,84.75070272831263
179.066617581291,84.69460556998096
179.29538056263897,84.59537703526632
179.43015066803267,84.5820903302429
179.7210114821031,84.71502845630414
179.92982006853947,85.04450393840182
180.11579246626565,85.4459390795704
180.43971991899582,85.85211107399492
180.68964421063512,85.98100197010118
180.9818052068353,85.96700265296255
181.20354235546085,85.85693442645429
181.4728288372195,85.76512926339585
182.09309493607333,85.56723603948676
182.68739960825755,85.47961506109814
183.98877723673917,85.30987530611984
185.14685538440125,85.22252971056197
186.3527643604383,85.12625546956819
188.38958258750802,84.84776999911922
189.64109903175716,84.64895126935033
191.45533468390235,84.25980248898473
192.65176272543889,84.03689002381208
193.81704698740612,83.85005444833118
195.60926210746194,83.5929841958918
196.9724733596548,83.44861743368227
198.78245057563873,83.24185022326188
199.84876156726017,83.06908391194528
200.74793871770714,82.86888979338528
201.9763921677081,82.58017325223742
202.78381011792564,82.41549208650804
204.01420935689225,82.41523827096034
204.8942523200437,82.51382340491337
205.88872370824552,82.66268361212249
207.4376598338567,82.958709677697
208.3996410153338,83.21579377371344
209.38360771281373,83.4545314132298
210.98676481059502,83.70478807867039
212.03555147065262,83.71450470106734
213.59878716751751,83.68375407946476
214.6511446631025,83.59698237244905
215.6521419639291,83.49808923683996
216.98784790648185,83.35359200486391
217.86450549481464,83.27777723252294
219.21100447843887,83.20769773889144
220.19348470086143,83.26697476744165
221.14055185613384,83.33995514003007
222.49691892916314,83.47134809206932
223.3202804553382,83.55829555068013
224.4442518997281,83.61771579289602
225.11269698690398,83.67531400560296
225.72681847783485,83.79214940589605
226.47651055078035,84.01497888397626
226.91352481094268,84.24580121875329
227.59207567906498,84.62400895772043
228.11157564198828,84.72464322107751
228.6747292549108,84.7925733217359
229.61491254910874,84.76544044825894
230.258431795186,84.7699391760841
231.15268534173978,84.81938392079996
231.63607560270972,84.88144071538255
232.03971694143993,84.9118201115162
232.58796446849342,84.96973487983543
232.93948368728778,84.98541503272848
233.55783208577296,84.9731406098163
234.0501027010269,84.98336278200507
234.529883504645,85.00050896799594
235.38470062651197,85.025334973588
235.89007856164488,85.09764829922314
236.65154117953284,85.24649630891138
237.1298990983874,85.33169709780555
237.6111594938917,85.46124656202936
238.40769455019205,85.58918598398361
238.93933589060947,85.66192567918148
239.3489661332603,85.64905190264658
239.8855472596752,85.56915975773428
240.08375025696338,85.52253299114167
240.5758961234344,85.34075992314462
241.0375183835778,85.20500077316231
241.57872124024263,85.11366589892134
242.43892312208496,85.0059682525058
242.9570413241186,84.95754473753094
243.65275823920067,84.89360618996893
244.08203761393406,84.87441224828044
244.53994832624625,84.88342256282255
245.38275786680663,84.91508188176013
246.11383683574158,84.97530061365838
247.10321138901105,84.99885641974655
247.65985735188013,85.06940614829736
248.0032437652547,85.12005616911664
248.4187193926593,85.12885897772277
248.75359822330523,85.16595184987628
249.4789564790919,85.11204336989609
250.03291770210768,85.03759605210688
250.62722978609685,84.91622831698874
251.5584026133115,84.67820101932253
252.21276468951856,84.55212315423859
253.54943899228078,84.44975385422494
254.66056488888972,84.55629629035126
255.90694843028416,84.7084825707144
258.10892105900655,84.95292506876025
259.80173669801786,85.21660332980707
262.5629478904008,85.75587636469977
264.4553452138433,86.09406378115746
266.18942436283004,86.43224739035071
268.5472256460537,86.90843926133455
269.90071597935366,87.16105940717591
271.78506104447075,87.41937773859952
272.93832100599377,87.49477063799065
274.11919603782223,87.39043843704236
276.1867457765759,86.97397111858115
277.689342046021,86.71334240975145
279.09561616948247,86.5638023759316
280.9358707434145,86.24261715568193
281.90018889317156,86.04874795479999
282.9239603477314,85.9716703029436
283.43969058428786,85.98019569452401
283.9805522050516,86.11641807039855
285.05344750194774,86.47875404372701
286.102733373887,86.78389037364381
288.18384500703564,87.19647244093981
289.67542136778553,87.46920268218575
291.0334551887919,87.67948540473259
292.75940050859776,87.90014738961591
293.71269740148995,87.9599797926543
294.999720853044,88.00554810656935
295.9727651093409,87.90105367002586
297.1029618666267,87.73439801443674
299.04646840622314,87.5392471222708
300.4097216475707,87.44666272457314
302.3625054189454,87.3336077321787
303.6069065447033,87.25463328227907
304.895889154964,87.13446165749805
306.9371841644466,87.11470834943849
308.2143387863914,87.22748934288433
309.58780358408546,87.39153448980021
310.0472327989936,87.46637294759879
310.17369955805805,87.48281998836042
310.0090164796809,87.491511162288
310.02069644893413,87.52974690849678
310.0511964350767,87.59272163593253
310.04981034703786,87.61652307905425
309.9877012201346,87.5978019509733
309.64856863393425,87.5623878816684
309.16764635119546,87.51003357800015
308.6868699515326,87.58891691342393
307.9951034142902,87.71087737864661
307.510172265607,87.80654332436958
306.73201408631326,87.86746993621574
306.2064262569958,87.87292215539968
305.5583169293675,87.80794251146119
304.27647057834605,87.8115676981489
302.8985875266227,87.77102611227383
299.6155409573564,87.92825377928648
296.2934610997166,88.13324378776836
292.6597726213087,88.45263137004434
287.67674003759294,88.76490541955519
284.71725686494926,88.6940463511137
280.42350836824767,88.8651098164735
277.3498702355744,88.92006082198746
274.3029671025847,89.03034574475492
269.5845661816181,89.21306208672628
266.6422072501259,89.21667030520013
262.47525687403515,89.06007742282696
259.91618068718026,88.88638931526582
257.5135764414722,88.77737418963689
254.05756050917316,88.61669978683321
251.80634298932108,88.54348107922604
248.40911870500634,88.39924840122426
246.14623309560795,88.25223005832031
244.05702369867987,87.96027849868894
241.2021484392946,87.47880968577596
239.38544080125047,87.31088830228049
237.6151204410838,87.2253565575742
235.05762652977768,87.2860843733768
233.46270869240158,87.41916740331203
231.34657042858706,87.65584575871
230.14952592961203,87.79542837624858
228.99104538980006,87.90915089712146
227.24463741536368,87.94941054898928
226.02474217550156,87.84733106572477
224.09625793411618,87.74286639961569
222.67959112733763,87.70508675234018
221.2245309707522,87.67818743374092
219.0965542918212,87.7455459032593
217.67259833453684,87.78362574793276
215.53812031364583,87.88213466873012
214.2438564040604,87.97117468307836
213.03865946445922,88.04824640780096
211.4016057911565,88.18362561179929
210.41601714011293,88.25847874611806
209.11103442473276,88.33049971699582
208.23320217442853,88.40419063997385
207.32628269680487,88.45269175660458
205.97065278015936,88.51177790937612
205.01586671942277,88.57726268082507
203.53432776312252,88.67725781485527
202.54628784817265,88.71204643702534
201.51822502337916,88.70117599650054
200.04678136513218,88.57611829604052
199.12393783657757,88.47425723018327
198.35708260283263,88.25934833028292
197.98548955844922,87.47368138945033
198.33823657165405,86.76451841748634
198.76881053575926,85.97044732279956
198.5208214798803,85.69040293530563
197.91351452585496,85.54440553996096
196.50501400270667,85.58730100897603
195.39944156587558,85.62006856516902
193.85492974352474,85.58743224205983
192.93984650809793,85.5586100802342
191.6730793282815,85.51331043615865
190.85199202354372,85.53492651069409
190.0607126583913,85.59377405428086
188.6955057074522,85.73196102754359
187.7399737392609,85.85045769649226
186.74051862040196,85.98844679744545
185.22045811622002,86.1472916507837
184.24283299324662,86.23010062126009
182.83523074558317,86.24079763456498
181.95249878072923,86.2498611136489
181.10915926098642,86.20952668617652
179.97389794718336,86.04826424499049
179.3083680574306,85.90204873633594
178.5248093610773,85.64706200578556
178.15048207379698,85.47319145378326
177.83026473747412,85.31925902597744
177.4080259599037,85.23037051807974
177.047094822601,85.29140479347406
176.29923379079366,85.40859349698447
175.6859223715661,85.47225828066527
175.05631666685775,85.50497542140234
174.0542697681585,85.52828001344622
173.41165192489575,85.5200435995068
172.40921569293502,85.5055432185494
171.74498694734143,85.49205707869751
171.04614759711208,85.4707362456928
169.87796901999246,85.53067053395989
169.02558086016526,85.57377956992777
167.77593017035542,85.71903650512226
166.91204928766402,85.84135760807521
166.12821299446216,85.95581031845163
164.9056677823987,86.08545216445945
164.1637438820685,86.17840671355363
163.12441514130097,86.22029537496033
162.48084176240042,86.22249336675793
161.8250448342322,86.1917041222308
160.7404471157003,86.15855456675072
160.01823889420876,86.15886166187869
158.83904052418873,86.23410231486147
158.01206908086323,86.27312171567206
157.20479970244077,86.35858522715539
155.94234699382875,86.47304525895267
155.10727445422935,86.5628045550975
154.21272781736073,86.66273463767115
152.70328436754193,86.90623424645521
151.63825675113316,87.05558789441713
150.58330160018036,87.25093752388699
148.8078418601576,87.45889687892287
147.01904901386078,87.5797694063494
145.81765038646483,87.65680533768233
144.6637804544169,87.72867723870425
143.0494367512557,87.83109245416904
142.01331870743468,87.81118760142547
141.07776629018494,87.83159384045992
139.7647274397896,87.88440766137919
138.9206693860919,87.92627137729211
137.8204455311913,88.00417953269867
137.24603621091293,88.04131266162317
136.87049399551086,88.02379145973816
136.83643791633148,88.03073744855726
136.98415195624995,87.95756482657544
137.38340080468572,87.76557426558695
137.58381016595686,87.60405939173843
137.64130795675212,87.40154500635464
137.4739388214636,87.27231482797295
137.06213431673837,87.17638790118896
136.3539006780209,87.05856583498282
135.995462605786,87.00656722745573
135.726024985198,86.94376447959326
135.51976742996098,86.85342431351295
135.40479236959877,86.791297559609
135.03786774270202,86.66378865638303
134.85549792128506,86.65371911503436
134.6381831293817,86.71306324140573
134.34399013999973,86.90141551517549
134.20851009041607,86.96468690740926
134.1280578954279,86.99593349873733
133.95945518899657,87.00692648428323
133.86082822557216,87.00575164563449
133.71229680005246,87.01366614800946
133.63514318124606,87.02467380976614
133.59343767197507,87.02158149984592
133.59911017811606,87.02842218551962
133.6577804394338,87.02932691142058
133.78207302918563,87.0174218121012
133.86012287671116,87.00740244549172
133.9396891329011,86.98383334857606
134.06866491551793,86.92955079216343
134.1149902482926,86.8731826812883
134.19340251689098,86.79211421466613
134.23495697294396,86.72807977208615
134.2619869976491,86.66776762277695
134.27930799772142,86.57982219258112
134.29882790278293,86.51812524924682
134.35784261922242,86.42470673119718
134.4032461838561,86.36713611914493
134.46588566570463,86.30972900407164
134.59979696246023,86.22912559097395
134.708698342233,86.2094574087838
134.8608081799021,86.18872160681484
134.98792104502283,86.1458152140844
135.12789820974453,86.10736286883589
135.49118848942985,86.05740748565512
135.9346852758474,86.05226156412212
136.67310735553656,86.06983157746772
137.3833668770472,86.09918445740797
138.27441885106467,86.06364558993691
140.00737750911952,85.94789608210097
141.4620452604329,85.88138712209967
143.77144635366173,85.71383658327964
145.24438916337084,85.56306310096431
146.60134904070847,85.38361395223657
148.11209407113012,85.14323900343501
148.7798286289898,85.02337560071547
149.22395249989512,84.92761181134506
149.75916781994582,84.87599546705526
150.05729940784272,84.89310645159063
150.44986921942245,84.91109130046893
150.7429190675331,84.9218545710888
151.03161888639207,84.91289068171255
151.56561493311793,84.96945401011446
151.9323762123829,85.02271009111682
152.38740424791976,85.07290436805907
152.8324612370881,85.16675376023124
153.2230269798676,85.19921335604978
153.9165598689296,85.23892829020377
154.38685865173065,85.25048806639326
155.2136735361148,85.24297726915827
155.76970444076565,85.3416306660937
156.37766360153003,85.44979284134762
157.394523289507,85.70550631453328
158.10351977706716,85.90641014788125
159.1091397646967,86.12724949990584
159.72995192226634,86.18109384269825
160.26545841534323,86.17860727532133
160.94878092754956,86.06854300650758
161.41252058594077,86.06141219476201
162.01567718197964,86.04117820492334
162.48423426458487,86.06884418227106
162.89212407499545,86.03057285917046
163.52002565147322,86.06955411985366
163.91631424665357,86.05071936763001
164.53016615085775,86.0678497862177
164.84131905113685,86.09750246079521
165.1105544568135,86.1133512664165
165.28149839759664,86.08960069429801
165.4381204721351,86.07634153627751
165.6986170318418,86.09714016565847
166.12153320955244,86.20905675274759
166.4996527180325,86.3387132843799
167.13482137175976,86.52016702209049
167.54606031580417,86.63781507905475
168.07877127102228,86.75069140463908
168.8623932301095,86.87642759401955
169.43691660067364,86.9012824331225
170.35189556729281,86.94629419401531
170.91808673882727,86.92986980269359
171.5347684694922,86.9313703759161
172.3627725108206,86.90887369521523
172.87236512492692,86.8848415023427
173.60505562326057,86.84829845423465
174.05288426287504,86.80158094568043
174.486126008297,86.7953089090561
175.1014651023177,86.77629375287164
175.51316377913122,86.76129475793697
176.07560103625522,86.75124288253869
176.33118791567082,86.74825234563912
176.64765052173146,86.76819522955068
176.93667324394482,86.85458552205722
177.1403222053679,86.88135029494269
177.3539073899364,86.96429418212878
177.47004097724573,87.01108391246001
177.5709460038754,87.06711944990272
177.71141852729173,87.11100575623287
177.8158457777671,87.12938558868761
177.9655590171524,87.09879035042012
178.04048957655863,87.07639578022922
178.10069470623256,87.0441907151644
178.12688304690684,87.02130851671139
178.11511714459553,87.00756212289338
178.05865771778113,86.98997371188445
177.92757729240662,86.95976127553769
177.82297495762,86.94157154524828
177.69957656462688,86.93562589836351
177.65572932729182,86.91205301547453
177.59928765582643,86.89331444172254
177.55745114573725,86.87494453817375
177.55231075372828,86.88316912848735
177.5541862127663,86.95283422688702
177.5467767942367,87.02388731145447
177.53068452495975,87.11203717141024
177.468227085548,87.22480856040465
177.4119622257986,87.29373820829919
177.3776377336539,87.33782313329662
177.35768647454893,87.2708488305876
177.28410676591042,87.15793269920161
177.2187340150271,87.08835439413325
177.12269300865628,87.03288757662051
177.02500696712846,86.93934221271084
176.9557277830709,86.79981631742103
176.89230900227437,86.65944949654752
176.80841072830532,86.43969634033259
176.73742805809084,86.3219600980991
176.69970179025643,86.23624306227961
176.58671511862715,86.20887559388049
176.4353123336867,86.21848728440298
176.12138406119948,86.25746124169629
175.83881611332578,86.23597045683886
175.42319084587487,86.25060755471068
175.14883114569633,86.23338221905229
174.78967644557673,86.19985304210007
174.28645188777114,86.1910076641908
173.95007539933542,86.17230183211774
173.65491315736224,86.14989546166053
173.17876524438228,86.09788396689743
172.82274275310164,86.04953917156807
172.32280615878688,85.96784008271875
171.993207756799,85.93633468415446
171.58987528237012,85.92359872546093
171.0174237466737,85.93209595241856
170.59197971309007,85.92467559826179
169.94707378699397,85.93908774289366
169.4875894047872,85.92935498978672
168.97115182192422,85.93399450314544
168.17538017109504,85.96445131451742
167.58510522628288,85.97436218902448
166.57408154517304,86.06355770344224
165.76820403031857,86.11515934727367
164.8661321222812,86.2166546357458
163.46154028942283,86.3219302703632
162.4730274148872,86.42322553355092
161.02912429098072,86.47433802657082
160.2163636516463,86.49190324369818
159.38563333967608,86.47191752505503
158.17161055711006,86.46288944514862
157.35121723432363,86.44938752931064
155.99474006372975,86.46135104197516
154.97209021777059,86.443234729409
153.9445560866886,86.46415774181956
152.3388434901698,86.50578956206034
151.28444859705886,86.54376236728564
149.79327970968353,86.57586325913512
148.86433374860061,86.62100719100354
147.87575278164067,86.64837802183986
146.43741425965035,86.69067269725748
145.39981627736094,86.7147200278182
143.77722252837975,86.72035988928202
142.65554337617223,86.75033118214853
141.55038649130597,86.78480134870378
139.940223694121,86.81915500355228
138.91820433521679,86.84610475025839
137.86467139517185,86.84848748813735
136.4182134514828,86.87692204255355
135.4547342254981,86.88121782685982
134.0595581359909,86.99276585728305
133.1248580393553,87.09725068994807
132.23746087516395,87.24079066591749
130.79486391042335,87.45889191703961
129.86206336821064,87.5773658600184
128.46476853188489,87.72922573264539
127.54586770187392,87.8077855104027
126.60504043044438,87.82872918733256
125.1000056070158,87.92227793306257
124.05766570030694,87.92064583058293
122.18825200648857,87.9177440414138
120.84659351349976,87.8422416515298
119.51051902363749,87.79718486273185
117.557311731028,87.78246540307653
116.2750331629912,87.8871890052743
114.40147076537284,87.94498758749867
113.25215708274939,87.91297124738625
112.22045081188821,87.95944234640515
110.76333482354731,87.99222521932991
109.98019314329521,87.93475402704605
109.03307603739032,87.74705103585649
108.56106218094538,87.56417643623278
108.22653587862574,87.39419955635697
107.89281823977079,87.13871427453951
107.67324593410864,87.05745433960291
107.21829931868196,87.0292869110482
106.8726541727528,86.97145086954792
106.44621457108478,86.88328868637007
105.79359331999508,86.75763932997532
105.41796380983196,86.69053048459492
105.14858388082271,86.65581032752955
104.76953570223746,86.50907706343204
104.5465125319358,86.40141164696963
104.12560842907924,86.20039411137336
103.86827212964646,86.08959153498897
103.51365172418842,85.97631906574335
102.98606181016629,85.85866235554076
102.62978500205718,85.84538405917145
101.95974388250124,85.75923233827514
101.50521831313172,85.66412726470216
100.97136673015085,85.59980861546636
100.09142094671479,85.55531984762999
99.42003022908314,85.57524585351699
98.37496642870519,85.6010871780513
97.60556458864232,85.65700157473518
96.76119545810947,85.7492113153879
95.44047381526411,85.79015577348275
94.55255049808531,85.78382119155938
93.30537107304977,85.66656505083628
92.42976213321579,85.58445439028542
91.5538179552029,85.46857976975814
90.3850535431763,85.29288295821407
89.67735324159216,85.15522742570897
88.84436036569856,84.9877051988822
88.44202682765832,84.93533939986429
88.16440692559895,84.86700918933025
87.971376960843,84.79654204529456
87.8983759858955,84.78362808775087
87.84183326142833,84.74943185162992
87.88183423942158,84.71802677075055
87.96244252111929,84.67804430560808
88.06038261282673,84.64644899654134
88.09738660902183,84.6062947890473
88.1199052724517,84.55686736933183
88.10647609055195,84.51858525295542
88.10412938892226,84.52713541985543
88.15010341124975,84.62074735247691
88.26699309998148,84.75238313269858
88.4882225943928,84.88701283751303
89.14366030432222,85.04398046326442
90.17014550701556,85.21020082204686
92.48436417170858,85.48024141466368
94.16477188541,85.6131902591839
95.69856747437473,85.61989810397974
97.46514853148865,85.51857024748622
98.47129431171517,85.32885131546143
99.94090310390673,85.14965089970457
100.92002677243364,85.06851059636743
101.86459758170427,85.0689355818131
102.91717656581332,84.93467174579348
103.50059290392632,84.7874874628701
104.24776430812405,84.66678104114521
104.88378221805799,84.57606821414763
105.93971597318993,84.58677491693659
108.24827228277792,84.88043235805513
110.1284065452676,85.07846975847403
112.83173875700281,85.39114029311179
114.26424011119893,85.91365447726812
115.50062640079688,86.18022638888215
117.03009981101431,85.93766907377598
117.77517472138669,85.74650520672984
118.74191082408595,85.46320426970318
119.45651446324163,85.34163951428667
120.2322554098011,85.26090649135762
121.61352472746438,85.22501437995318
122.61750665752012,85.18134262696852
124.20189751663177,85.24896021742325
125.25946824346791,85.31312276869662
126.24798650672888,85.40268921902188
127.70770031957471,85.53981135250274
128.5931475240114,85.63806615023448
129.46273012389378,85.66877401862021
130.72407163219916,85.72242664091081
131.51645973090302,85.67564529705452
132.60268318898903,85.69443481867775
133.2701434242248,85.73803556206931
133.89446911638572,85.85460421389676
134.82457949965297,85.94317055919429
135.52082500766323,86.01112622418671
136.69685297370725,85.9491587350918
137.55820049972974,85.92041547026501
138.50380883529974,85.86993307207607
140.19519842808106,85.84884675259913
141.43216005496782,85.82706613640504
143.20140606455115,85.89380092906202
144.22774926933795,85.9104171894134
145.22395984147684,85.91957234031786
146.55630683001374,85.95368187594386
147.4029225170605,85.96014894581455
148.79635658276533,86.00267151246791
149.80741149603375,86.00650354512442
150.92503844978538,86.07276737356702
152.512612766284,86.033585399861
153.52094402205657,85.98545070417879
154.73067304756128,85.94109381261146
155.44239428822726,85.98597798451226
156.05970813177217,86.12034320433082
156.87825871824035,86.29045970772451
157.42103926008798,86.37346930283928
158.19538047189985,86.4788218713245
158.70885753605606,86.51857302495968
159.2411884828034,86.57000175835623
160.0651270991171,86.65031302133988
160.56115937549745,86.63327343846117
161.2399760378242,86.54383200289156
161.67100906969503,86.49485794987989
162.0848495700331,86.44464691732551
162.7249968610519,86.30470133110967
163.0680733310164,86.2339332790995
163.4110604051263,86.19690191318035
163.8237688661671,86.1867732245677
164.16499396281833,86.19247615693914
164.7843414637926,86.10302351960345
165.30664890111902,86.05053966468878
165.9240377181968,85.96615198295956
166.99011776084427,85.87297634380484
167.68192408032255,85.81787457417593
168.67408568485723,85.8523158981389
169.27432121010438,85.90434551745929
169.85519883983613,85.97434154081729
170.70877758946042,86.11020172913938
171.21837391788023,86.19852215510133
171.94371889548455,86.17073556258615
172.36870468687746,86.16317935287103
172.73259082009517,86.11463304099138
173.29821975805743,86.15572891185245
173.50413308695474,86.20057236072066
173.5584079275854,86.21805181646526
173.59775898041482,86.18390107302709
173.66262718770042,86.14968237809502
173.91313647876996,86.14128013251687
174.15176017010162,86.11360936141462
174.40473199645214,86.06590114695315
174.70580254960396,85.98993787568013
174.91154735005333,85.96563052838074
175.38837864261833,86.01248146618893
175.7191147428988,86.04963351366416
176.44886967109622,86.12220118828216
176.89448505567267,86.12759147113523
177.3129285240071,86.13840515654068
177.94876179133584,86.15033155781782
178.3325131626113,86.15346927681482
178.6916008632637,86.12991193765201
179.31034695204667,86.12273562223434
179.71152500675865,86.0874977720982
180.21190759030102,85.99694960374003
180.57647983612853,85.8820389632458
180.82478248726716,85.75097577974698
181.20964414014009,85.63914485137231
181.40261238985866,85.57397864814158
181.7100817375859,85.5378204657941
181.86003093423233,85.49825060165466
181.99211690678825,85.44017709214108
182.1423374004346,85.35835006324278
182.24484062965945,85.3020201831198
182.32664584697696,85.25992900581554
182.34982547335048,85.24493563463923
182.33027903502028,85.23177376543676
182.2205227690257,85.20790721139122
182.1061939421055,85.17887070338443
181.9515644642969,85.12608765709403
181.8440069211998,85.07792689264002
181.69869520034814,85.00897081757712
181.5223115060863,84.89594303779597
181.39758091821514,84.83564344414638
181.22959712615128,84.78819919283657
181.19880808994014,84.76280298932977
181.23929422505148,84.75929804808558
181.59388622622424,84.88890401874787
182.21260962526546,85.07668203744292
183.14050302113873,85.28991863403049
184.92406072018204,85.70015555139828
186.02741208106113,85.85799191183011
187.56388517783398,85.80155111359825
188.43131620310905,85.67722375001223
189.1044948456245,85.56324848100628
189.86604786639762,85.41364523641984
190.44747267328745,85.2536642432743
191.5162288265282,85.02052619194957
192.18422619520106,84.92509967034073
192.93295620245144,84.86375991419577
194.10279308822354,84.80893303793121
194.94921789695917,84.8468008885356
196.17882764586344,84.93834181512435
197.01800796472097,85.05800025826414
198.29833422926197,85.2039574132244
199.1628307147107,85.31674855351216
199.96762373390465,85.39131892765862
201.04874856496093,85.44729884267944
201.72478519515653,85.43562223578897
202.28293548936998,85.36494093511803
202.97743305039748,85.2500182962
203.29431190272177,85.13086153771884
203.68883310519013,84.9272130373778
203.98494571019543,84.78715971972974
204.3295909021629,84.6473793987323
204.9080260549837,84.51162658573196
205.32946693988237,84.47391840418696
205.95602239350262,84.40582555120567
206.44907213796586,84.42347927208085
206.9411509232831,84.4094648610452
207.79684412122464,84.41077140531894
208.3778904789484,84.41530341618221
209.22624488961796,84.45101861188455
209.75210424804632,84.47723500384481
210.23104783192588,84.46244504172134
210.8654646630967,84.45438192754736
211.26718858349673,84.4242912288325
211.8237838705407,84.39169387628999
212.16624591506152,84.37277404642852
212.56425683248943,84.32864221055743
213.15818595727518,84.37189232556224
213.63815978773886,84.40500964949064
214.1583685475259,84.46711445934021
214.97219328671304,84.58494505355331
215.45592747098533,84.61572367779203
216.2096341619703,84.61458515944214
216.69794608089688,84.60510073040328
217.15657101128485,84.6106158128721
217.85252067580348,84.61641656546273
218.3558832297721,84.62660556402543
219.0893113555182,84.64415311535134
219.60978133415517,84.66261525094163
220.1346874378907,84.68385821864392
220.91765084811175,84.74779025203676
221.41271036230523,84.72533074173795
222.06448534791332,84.74061237374492
222.45784661474335,84.74880830452626
222.83920294905073,84.73516352940273
223.41267909417138,84.83349417292108
223.76460020435627,84.91004036434447
224.28781401765627,84.95606619585918
224.6301764497975,84.9852381206303
224.90183170364614,84.9683202401523
225.43157689667692,84.9375888261061
225.80184542862386,84.92822552377713
226.3472107614471,84.91567032170568
226.76792748258208,84.895852534901
227.18782435611615,84.89926111044237
227.87486105124393,84.93165532790329
228.32816512283728,84.93229627711601
228.96690126624753,84.91338984098523
229.3182769227887,84.896868535875
229.57395721370807,84.8549966963201
229.932502062816,84.81630346267215
230.3041641209399,84.81657094068495
230.6800430302347,84.78218145545091
231.2889932759179,84.78151021978654
231.6217547141029,84.79909006078499
232.18338935626565,84.79802593610601
232.53730777222881,84.79615959423025
232.82370824533658,84.79388722077093
233.28092620022284,84.84135682149258
233.62018586089914,84.85035709880533
234.0485255004518,84.84787841575165
234.32825298072072,84.81595536506289
234.61275667532885,84.76625819154054
235.03360706780387,84.76465606777117
235.3876916742435,84.76965483878817
235.91645590926993,84.78549651734734
236.2758909260057,84.80832143836122
236.69144386959573,84.82792201498647
237.23919753384422,84.8385927259304
237.61986362291643,84.87740221198158
238.1862817568418,84.9181932997598
238.65625815932444,84.93622608589688
239.12282091077634,84.9315756433453
239.84552829825566,84.94857810239196
240.2680141038178,84.96335733196743
240.65185780965982,84.95660836860907
240.7054159350927,84.92744807307065
240.71117618175592,84.91686094543907
240.5973757611344,84.91458463929484
240.29920161582322,84.91120721408222
239.57045543194607,84.83917807221324
239.0501832936304,84.69352360479427
238.42436435216024,84.40385011044224
237.2492855212425,84.00707144302537
236.3465204839296,83.81781685703675
234.87518326445328,83.62505575954437
233.90109903429592,83.59523087152365
232.93008919539963,83.57079473905681
231.76869338570714,83.60518083459232
231.31185424255466,83.58173383383115
231.15890631058426,83.62821590935202
231.09673302495577,83.68251090921622
230.88767726325173,83.67535491444576
230.34728487716052,83.59014147152084
229.8182311487337,83.49928886865591
229.31382301777845,83.44495073853425
228.46808978795184,83.3839601982231
227.90747036076817,83.37483426878497
227.06060688540322,83.42111529267069
226.23093052763556,83.4806528648401
226.2412659954445,83.47410978319121
225.06109047163068,83.6060109602539
224.39133622023985,83.67341650059282
223.46047017714596,83.71525803170596
222.9068138011379,83.75665209567266
222.3980121293128,83.7713841597635
221.73088932187142,83.73907450624938
221.25334430528065,83.68718048127013
220.42751760630506,83.67073997426138
219.82227130364157,83.66628670305704
219.22052143151865,83.6534389001142
218.29318502685425,83.62901250930496
217.6730115282647,83.61782584869196
217.06713666248126,83.6328541386092
216.0772761491564,83.65474591785735
215.39172718993694,83.68988477153205
214.4375506011947,83.83338697033712
213.84094389382977,83.94410170801724
212.83975899974558,84.08089504149699
212.17093018147756,84.14196529272792
211.54629355847115,84.19086832285961
210.60286100852767,84.24472464457804
209.9650509495786,84.25983698058563
209.36130839338415,84.30859435606236
208.48440790286,84.36894366956847
207.88257616807428,84.39930804078922
207.01467805614547,84.41793333535348
206.45824339678805,84.36641066591031
205.97693057111914,84.31999455083206
205.25973165924069,84.28719500370673
204.70464662563285,84.27388783021871
203.86750770102566,84.28935607448217
203.27059687327807,84.27652451547151
202.65083658365708,84.26618548943422
201.6806830233674,84.2245477053216
201.08411779585504,84.22727694858303
200.1988463473106,84.20369697073474
199.61303251285403,84.12897664656039
198.9937247690201,84.05240931524035
198.0458644840855,84.01849516979624
197.4463986657567,84.00608014954992
196.46029467212145,84.05539710799867
195.83096485561555,84.08523580888591
194.93186208729438,84.1038039728372
194.387431515175,84.11971617517281
193.85383927678453,84.13043294994675
193.1134288482517,84.1554406640214
192.65535242382552,84.15482379984017
192.19946878370956,84.16199186201854
191.56353891320992,84.18124465060362
191.0950616052374,84.14050336736508
190.6597878261886,84.18290610347658
189.97245621799533,84.20338982055125
189.53664158844572,84.18892525338082
188.85607562271593,84.21264478031402
188.4115841492512,84.24038469004434
187.74521414091552,84.33291318027361
187.30568353204993,84.36758582596543
186.83493727769067,84.43173274218314
186.14868390473458,84.50573680782429
185.6879966462868,84.5808517423962
185.265467022872,84.63056598241187
184.65727091108562,84.70847600344923
184.2923826589737,84.74255147584623
183.72488250536188,84.75813408666245
183.38354713595277,84.75767365304566
183.00725658075262,84.78769814896246
182.57597200159378,84.82838786756935
182.27610269606762,84.84357751740173
181.785961862341,84.87771603225323
181.5280500733329,84.8708347688949
181.25455841327246,84.87069019284444
180.87550712973723,84.86490977078455
180.58517426411834,84.88235731188615
180.1774860958275,84.89145683193479
179.94439809684567,84.91713671995522
179.71262182209526,84.92578800727121
179.36638843788566,84.93339232017941
179.1457628134082,84.92520785634619
178.84010931398944,84.91814660521783
178.66031619317775,84.91824319078746
178.46073391730516,84.9062653631334
178.18750036921384,84.8920363480684
177.99914697709923,84.89874567320956
177.72011142346744,84.85237000543941
177.57769171334914,84.84820111783745
177.38162020461866,84.82939688934445
177.1653152180331,84.81194001244562
177.0010581219852,84.80903316962258
176.74262234627437,84.8019881229668
176.5753946030411,84.7887994867002
176.37965601975682,84.78113266517371
176.16621631083981,84.79881666675378
176.0801903468285,84.83072033780975
176.03700927373075,84.86149024804224
175.97037455415727,84.92696746535205
175.88984993495467,84.94110732101642
175.587031268817,84.90416945637206
175.3239094194781,84.87297560284111
174.9581559492887,84.82980851631923
174.60909746453353,84.79842254368548
174.32223677040497,84.81477938653755
174.00486247036557,84.81541588231548
173.8019895519203,84.8327969607884
173.68471164228455,84.87310607108355
173.43724308567468,84.96295544217547
173.27091930179935,85.011342916707
172.931491233701,85.09198652110952
172.6934987747278,85.13931354033275
172.48748533411816,85.16903440461135
172.22837589555047,85.24120898792626
172.06383061661708,85.28868513426674
171.78900313529692,85.33999495278819
171.60825817486065,85.39412997886538
171.43269211370063,85.42802654975158
171.16355878532534,85.47935608596238
170.97762694597228,85.49643762946825
170.66328611574033,85.5676792093065
170.49265661488272,85.58818318875285
170.29030083106917,85.63778087565983
169.8613735837635,85.74852820312204
169.61288930310158,85.7859256760375
169.2507870956941,85.8237910716094
169.04661028000572,85.84002478109868
168.9120763645673,85.8744606721326
168.69587961414393,85.91319252781126
168.53697470340398,85.94980123565077
168.3701499739913,85.98170515686584
168.13645677356283,86.01639075216589
167.98590369545462,86.04677218849913
167.76500166510166,86.0919681374296
167.62025355049158,86.09137655207181
167.4742329972299,86.09991062505144
167.25775860864775,86.10467400566316
167.13838411752414,86.0885918679187
166.9123606464517,86.05646028576254
166.74074656535052,86.0261081945514
166.6034573330603,85.99473531654719
166.37145250890617,85.98072380304505
166.19291562124218,85.98867232528184
165.86991585878712,86.05432527800642
165.54264919643828,86.22537653984648
165.10539863604805,86.52775206512743
164.3939032325412,86.93729403266921
163.94612471103474,87.15520875515233
163.29419020349133,87.34308880050499
162.86207404355292,87.26181076711507
162.33335882821714,87.0429339484956
161.75687442823914,86.74641205671578
161.58638786201675,86.64473032538217
161.51878554006794,86.68478563698032
161.4295174624133,86.7246473471479
161.35066065654541,86.76271927381393
161.25457051813265,86.80759522696746
161.15090234028412,86.80447628087533
161.00915952452755,86.75188976718736
160.96032533464466,86.69427143519351
160.96212632187755,86.64155214138412
161.02351457184676,86.58572571081312
161.06893032913692,86.59322896066413
161.14032717689938,86.61349702307676
161.17643354011307,86.62179320832287
161.20150210946753,86.60278105820731
161.2315344884242,86.58415091750301
161.24467221093343,86.55744091256454
161.26088174977414,86.53302679509571
161.30195669406794,86.50534801716037
161.30448272552874,86.50618950902691
161.28811679361797,86.52531369426123
161.2526609500118,86.54208472837215
161.226559283379,86.55960264679646
161.18296756438784,86.55169824459027
161.16550843513463,86.52519624775091
161.15479170424925,86.46221677040336
161.16277357321985,86.42380823432147
161.17098491912128,86.39329048443608
161.1475589907738,86.32135083047307
161.1292028403435,86.27776300010062
161.076444224687,86.21819063933764
161.03310730128783,86.17732255670022
161.00562046501028,86.1446915140732
160.97880057601427,86.10735302477926
160.96876956199213,86.08038682667869
160.96619855460492,86.06059938013786
160.9708846391879,86.04237417128763
160.96441153642687,86.01756478461144
160.92006100336178,85.96781947053343
160.8790385359287,85.94557613034094
160.81527305690926,85.9293123113523
160.77630175122454,85.93514249033336
160.7495336980067,85.95235141632007
160.689679756591,85.95079355520195
160.65058598811032,85.96003737382331
160.6164468224876,85.97460310365965
160.55873616899063,85.99894288419186
160.52048128262823,86.02033094423689
160.44126654034278,86.06327784655596
160.38185814781082,86.10273752187011
160.31146272273008,86.16335786766969
160.16898675396035,86.2913031207472
160.0582612418662,86.37448039270555
159.8666521633397,86.48775300025171
159.71030365672513,86.56169785401643
159.5593572240111,86.61247834445325
159.3809037736698,86.66917987183952
159.26939813501875,86.71073214621819
159.1386242791178,86.74831879781705
159.0228478081344,86.78312171901406
158.91410082455917,86.80357028714481
158.71317752335437,86.84988998816834
158.5206377110433,86.88213222800114
158.12490372909647,86.94756988696977
157.7369116729121,86.99302272992153
157.39679040340283,87.01612836026258
156.93806157227533,87.06861359470493
156.6020438678623,87.07186122069498
156.24141372986355,87.0663491925152
156.07671819154518,87.03844149866069
155.95958718760056,87.03953555659722
155.8226347280421,87.04609141117132
155.7685375507948,87.04488168154718
155.6957906775301,86.99886265977909
155.66299592597557,86.96118087634204
155.60459709837124,86.91192742055324
155.49917523777404,86.8524944886801
155.42542396697345,86.8440784058446
155.2800024450973,86.82296570594691
155.18582285886038,86.81933995277583
155.0695211642271,86.79657077488314
154.92181682465596,86.76041230978672
154.82113280850302,86.7393455647654
154.7224559924219,86.71262348965739
154.5680852204933,86.66178439557895
154.47802226279038,86.63583540747355
154.33878892815034,86.58003070047702
154.2318174065955,86.51119394506671
154.13395249972774,86.45408057518186
153.98087760964913,86.36977424578764
153.89010505036327,86.32209399681174
153.73910309431466,86.24615560803007
153.60743265428886,86.1938619083538
153.47806736344646,86.13361112033208
153.3001062340807,86.07906535416147
153.15095434826745,86.03363136950821
152.92260592750694,85.97964973649981
152.77689046407252,85.94922193782554
152.59654034099958,85.91646720124236
152.379445152761,85.87364922818391
152.19942926857124,85.84237919029987
151.95707453085245,85.76120922865044
151.81909003839937,85.74865790500479
151.70363521944773,85.71989130406538
151.52900346664134,85.67949701776126
151.39625176656227,85.67135960758277
151.2057647230889,85.65963238867172
151.06406334862479,85.64670623010065
150.90818106114858,85.6432649598285
150.70311408963533,85.66816962665875
150.57364227018246,85.69826688094471
150.46601961618444,85.73379115632092
150.2499713678845,85.79702171224835
150.11512241326403,85.83195340601348
149.92285064109467,85.90013151597987
149.7699894348236,85.9278367184365
149.60854123742587,85.93321177682694
149.44489942023085,85.9284417880466
149.3333899707802,85.9097644109083
149.19705811412445,85.88942331869923
149.10355365081844,85.88852366949081
149.02778174259603,85.89134884022256
148.91410688418563,85.8981965249195
148.83699492067143,85.9095592668075
148.72483733253938,85.92202298365929
148.62927202340967,85.93372332143605
148.53768474122933,85.94793835747676
148.42998054330494,85.97580118648993
148.36088408184233,86.00090101867916
148.27663377037132,86.04570477277349
148.22623640511804,86.05220644106733
148.1786480711661,86.05322023567254
148.10776925345382,86.03809525143255
148.05989355578558,86.02882530471533
147.97309087902596,86.02158386840435
147.89467715494288,86.01373870325035
147.83025800206872,86.01434542052665
147.67425968187274,86.03756226582601
147.5823082510372,86.05535800529724
147.45006264984977,86.07560689788848
147.32771284126437,86.09679859649076
147.1820240196226,86.08756366816903
147.02613323008296,86.08688472803858
146.9075070527222,86.07593170487223
146.7165025171487,86.04937619264035
146.58180034560638,85.99663577819717
146.46900464635647,85.96992509958066
146.27789074740656,85.92164701132097
146.16837003142612,85.912372813933
145.95522231538632,85.9168409690969
145.80787633943015,85.90396528493913
145.61034891753764,85.89272440192087
145.2840186792464,85.86022638205718
144.97614950786453,85.84984000978427
144.53911559983348,85.8433994579588
144.26945753046795,85.83370401759953
143.9639964764056,85.82127486177393
143.41365059032,85.76554599020494
143.05309349315283,85.73770505751875
142.57814915416762,85.68421814319395
141.90685007798402,85.6124005315675
141.43538616665626,85.55653792828014
140.75370693573723,85.52274597583758
140.32777691940905,85.51306991702478
139.89792197138547,85.53442797950348
139.1689941231034,85.64002875940183
138.5555785412717,85.74677483498448
137.6542567183535,85.80889451789595
137.00569069225466,85.83848167683516
136.42758907804802,85.87019136294553
135.6304700801224,85.90403986828198
135.2137311444924,85.94825091715533
134.69406927555644,86.01424802392953
134.41826953012162,86.03723549847862
134.27671945983104,86.06096180999415
134.11749527844378,86.08722862025223
134.09466149166434,86.12057482156267
134.39556053274777,86.19352938187528
134.9615477036333,86.23886860272407
135.56400712634593,86.17393585101517
136.55506928417287,86.1229898628365
137.0430940219848,86.06850530539765
137.39564205915138,85.99082431476216
137.7926984927774,85.9012339260081
138.10097705854668,85.86154780347802
138.6676265638305,85.76735788599846
139.19623370832534,85.74522364991903
140.09356339274473,85.66049458177842
140.80444365191772,85.62971574473744
141.5279662768649,85.5799368689633
142.41675257688678,85.52324536554815
142.9650924014823,85.47266567105834
143.45312321144362,85.43106352418718
144.13281536943873,85.39836788044272
144.53023595326692,85.34601165407706
145.07778309573763,85.27367543414852
145.3458849407994,85.18798516608642
145.58317187879507,85.1091557062279
145.86820886183511,85.00623384803711
146.0202896925418,84.94995279321736
146.31527318085023,84.8615750782368
146.49958298086784,84.83296332950059
146.7258600515975,84.83516167852592
147.05457809843273,84.82091587420472
147.22514625201168,84.83376609989959
147.52073537458583,84.83284440324083
147.69666683757436,84.81212953385518
147.91118023352652,84.79279769212879
148.33401679577216,84.77261475586634
148.6507853073113,84.7653185588047
149.19799069879184,84.80688349034818
149.62237552987952,84.81893582710697
150.02216263222866,84.84713524179264
150.58033327039726,84.87359300889145
150.9633794769718,84.87485100668613
151.42049997941473,84.89472365415958
151.76851360366697,84.93524082377053
152.08453082584427,84.94193192036256
152.72126081362745,85.0144569303086
153.0836736890074,85.06857867052013
153.81208538923377,85.12632684901128
154.3100589081597,85.15441511465741
154.77365970621855,85.22163247912658
155.43430907829688,85.27224789222933
155.87427450523427,85.2935200424655
156.4530750432678,85.27426644301336
156.81938981669492,85.26620515980623
157.2619997984031,85.25108644500223
157.87709869305195,85.30889110815373
158.29418601967998,85.3205567316782
158.6697781465242,85.35257670182774
159.25014734588447,85.33178350114167
159.67096951291154,85.34775964930863
160.30867571987977,85.33831647234292
160.76349719748518,85.30071880128745
161.20630398876364,85.25635090356757
161.90857840856117,85.2202143403329
162.4365428106057,85.26012971087998
163.19894425009312,85.32485488589833
163.7002866788642,85.40197669116012
164.22165085244933,85.42630170867271
165.03074271152772,85.51141647217665
165.5501349613649,85.57486124592548
166.33393002440923,85.66932302572526
166.84936394690382,85.68633651980156
167.3533575757821,85.71927924899394
168.18905774882012,85.73893965772244
168.72408092541158,85.72601129267944
169.4653380416386,85.72091821192127
169.9431328077821,85.67933512993427
170.35457929249517,85.71289232601237
170.8941771617361,85.73819292760919
171.1805138575366,85.74757742223179
171.653042490319,85.77683886077791
171.86526964142917,85.77146890883373
172.12609873678744,85.74808059891262
172.36746863098855,85.71760763571143
172.51634463132092,85.67841400555722
172.71061231342878,85.61787974891236
172.80473676989584,85.56263785851843
172.87642000425237,85.51347950318119
172.92280435460202,85.42307159599709
172.9304865705992,85.34704043825515
172.89980311202606,85.28827257651055
172.831095096468,85.20420066545863
172.77407143214432,85.16751802576938
172.6648796212111,85.09391413894791
172.6279053297264,85.05100284022623
172.611085770227,85.01194737034736
172.64350131315985,85.00790188344456
172.70026539196434,85.04669598226725
172.75355767059528,85.11600158402221
172.76499851745965,85.16790059837524
172.7516342162693,85.21988323590126
172.69504747420493,85.30385667894791
172.64342438773167,85.35468942414978
172.56708694753365,85.44404469389147
172.49593672234943,85.48681348831505
172.44877438807586,85.50584660300217
172.39365546796947,85.55285977683526
172.37888213057738,85.57025981650418
172.40881694777036,85.61358078781866
172.4509414834223,85.64195851017301
172.48145535576995,85.67110895186295
172.49061620108424,85.72006761760602
172.4749868107736,85.75956948907881
172.4746170630029,85.83589029938311
172.510622328845,85.89281905654252
172.6140146055136,85.95054910926173
172.9236090448336,86.00214284732984
173.3851864551013,85.9778538104094
174.05990188306677,85.96505290010296
174.53426766774263,85.9433041332576
175.05122809047603,85.90993682963655
175.77197246167856,85.74603673851442
176.1865652452368,85.65904412663531
176.55727883089446,85.5940697996764
177.1279134483467,85.57863541727022
177.473427611185,85.6078760595053
177.9725080316986,85.70699839121568
178.33920143582202,85.78536835764677
178.7346151697186,85.82771809735092
179.3896891069792,85.91417394273802
179.78658654073644,85.93911310672685
180.45601396650264,85.9741603611461
180.93388243241642,86.00754267926942
181.4365867209038,85.99031351123385
182.19217461201552,85.95034345652911
182.72922405493807,85.9316963073492
183.48815619285787,85.81017027404194
183.97158922631323,85.78097395423478
184.42203871444943,85.7389308791152
185.05203867697432,85.70698518990139
185.43770222511048,85.71485387612452
185.93940568689538,85.70864092338358
186.18001865606448,85.68850069908503
186.30113441812395,85.66294487909346
186.51024323778245,85.65606998516941
186.64195664901266,85.63536308053882
186.78215731637692,85.62746670256072
186.94520941721967,85.61979777044105
187.04951635683693,85.62583448271066
187.08503660313383,85.64896767276282
187.0438249716793,85.62719563399331
186.9477019478382,85.5451308854673
186.72868942022302,85.34180368070379
186.42132817500982,85.16016183664041
185.34653566940864,84.6707294885239
184.4649842251686,84.37942384886364
183.24978635172067,84.11108792982438
182.57368382192485,84.0965395336573
182.1715009266414,84.13211854158892
182.06096290968583,84.19837096099224
182.10840643481745,84.21040471816212
182.19421964594017,84.27850657449335
182.41027153410917,84.34170563190555
182.512293791644,84.36593006077575
182.56544134618363,84.39755358905096
182.56084273801224,84.42006360535024
182.52919613991224,84.45094361423018
182.4730369439909,84.4953268574042
182.44481268374676,84.52404787766598
182.40459208574796,84.59308673209549
182.37978862170212,84.63027493423319
182.34471170935447,84.68370806377217
