184.0693020413624,84.50770101359011
185.2586329165987,84.93719057022444
185.79318729285404,85.1896208430836
186.2142801435355,85.19313496837142
186.89227838727535,85.21960008785946
187.34072036176565,85.12360112153918
187.74355978183303,85.11809632567386
188.4337935204376,84.94350631737497
188.79093034684888,84.89650073094693
189.28092288316992,84.71654201429155
189.73224256374016,84.59505980257262
190.36983647808523,84.51292587609646
191.50698924231705,84.1912971406309
192.4147753749276,83.77077886950163
193.25349938578532,83.07204077775963
194.4950285371039,81.50570204924969
195.27295759727895,80.48216862055207
196.1387065979179,79.23064564343812
196.5288188590411,78.66841741218678
196.85605258536947,78.27702824213796
197.16300181222044,77.90403763348567
197.22688484384474,77.67982171121609
197.50608575389836,77.18520350298199
197.79866847702436,76.94802687844138
198.2086671579508,76.77481332377566
198.9187742010109,76.97411554082298
199.42127803563,77.2265496679062
199.91965170587363,77.55076556490867
200.11628951533442,77.66895098113561
200.30523863013508,77.68285674921476
200.7792962426197,77.46956057385151
201.2335280273068,77.2050273879942
202.27551849542158,76.03224387310091
203.18981252124885,75.07143879280798
204.1016259008055,74.15616168061003
205.35335386520168,73.24392385174153
206.31565538394426,72.77362830827195
207.77787197676415,72.14944691238051
208.72302647693368,71.83065640126965
209.6142295415833,71.57382679035939
210.95928110776634,71.24660614167811
211.94616351109042,71.10453601025925
213.57592694887714,70.94724375672811
214.9056730844834,71.00694148624302
216.34979807638388,71.15329414790163
218.7124325024603,71.57655585778008
220.33858544933662,71.93546505762545
222.73132724658092,72.59979204915162
224.4727630007385,72.9803438954242
226.3371204091655,73.40657606631686
229.57757440868306,73.89150996582774
232.30332897709124,74.16699293842478
236.95869608453853,74.64040429639971
240.10240289855682,75.14183972876869
243.2323856389239,75.897961787052
247.90783706029646,76.92857551437285
250.96577098760642,77.46104063849661
253.51717351805257,77.98378485266565
256.6182088813317,78.34744450025062
258.2253951848872,78.34352109474293
260.04962015697305,78.08110264797901
261.0980309281265,77.77925607605108
262.07202806079215,77.49475788905708
263.20987910965914,77.10010455724995
263.7368494678016,76.86530624648324
264.0527386115664,76.48182910494377
263.7935341477192,76.40941812560816
263.0963058547713,76.089990815682
261.9078595552379,75.67556808399769
261.0300828542232,75.45837212881226
259.6889769245969,75.23817228247333
258.7726038321431,75.23239209424324
257.8026680701282,75.39242440802062
256.26250284002714,75.78346299510677
255.1890383668573,76.10452684615935
253.4600860533887,76.62840759786003
252.2590151370532,76.9924035697227
250.98164837347406,77.33447506174507
249.02784755159274,77.96072171002135
247.69950703111454,78.36431170611814
245.93167978105595,78.89707343106917
244.72398462864186,79.39213537059301
243.38981753418722,80.1058071346895
241.08911360487895,81.70990993953328
239.7087119607496,82.94310638137404
237.90219089866508,84.10170802463955
236.92378448792698,84.48898129838298
235.97834997090706,84.77909469014068
234.81893668645785,85.26101945228449
234.1608718137196,85.688947870654
233.6103295786072,86.11364757343674
232.81035865838996,86.84263630952545
232.2411823004822,87.39698081154101
231.0568928586831,88.5420828426313
230.09785956213614,89.55392047980038
229.07442031211556,90.47675511261339
227.39030556468822,91.31014060321692
226.1596795451875,91.60369284943899
224.21541567226922,91.58754339528998
222.9354577056292,91.4650160538009
221.78078938754697,91.4078845173323
220.30826233262982,91.34552403986044
219.54650148854793,91.33392042493972
218.598820318528,91.20369290159977
218.0031580919813,91.06949892493755
217.47078359064395,90.9738648506623
216.76966991641785,91.0445853288752
216.36565302522428,91.17799018149195
215.89113985141842,91.31491229560132
215.69032778550047,91.2463030759981
215.46879697894454,91.13719179715923
215.15559805629118,90.97227996568037
214.9735692740789,90.85706833660224
214.8198129402563,90.70334793898475
214.76646169939812,90.63289065381664
214.75146307351127,90.52777709967013
214.64743438253933,90.42619377334336
214.37585299710253,90.34862928812642
213.52856907826015,90.15805079616112
212.95560331655224,89.99585657892456
212.3663986381084,89.94548537460948
211.45662258606228,89.9949218968275
210.9694917430832,90.07412330248816
210.65186936950153,90.17692267276456
210.42064405992807,90.33264285556241
210.17508979845547,90.37046888000081
209.38352026679183,90.36810746928
208.6976483363053,90.41384966823173
207.99995859426457,90.46290142206053
206.79679261088322,90.53922735717723
206.1251520593595,90.60826554089833
205.2082399066689,90.7659945774199
204.6514534748311,90.91247998873577
204.07585639568282,91.02443505235871
202.99762656950554,91.04045223565983
202.21563801454352,90.93072583157237
201.02893765738548,90.69913520877262
200.38046819392653,90.53040979485286
199.71279853419415,90.39728055559127
198.79923537373142,90.05300908828119
198.15990254433837,89.82719940614851
197.2508665838816,89.53899305433482
196.6187564460727,89.46456663996425
195.91007779470266,89.41365535406536
194.78102802105778,89.34224753176616
193.9218159375575,89.34364372232861
193.08631999790387,89.3738373485798
191.756920072561,89.42549535522066
190.79823737244118,89.4641459548218
189.36069793176944,89.4701852832694
188.4259088406935,89.4804685597953
187.48521371756763,89.48849139008937
186.01663859034096,89.52679609548498
185.07595227102672,89.54967826766216
183.7116665344076,89.60528694702916
182.87677133581687,89.52062211432545
182.167102946718,89.4393059647612
181.1606325713302,89.29181731342803
180.48393230070192,89.21402737012944
179.49117152524647,89.06074942156798
178.8859328627374,88.95655389484304
178.27374635358498,88.91785153756986
177.4168377119685,88.89508216923171
176.84016003510612,88.86483993145356
176.07714384960514,88.63420420492228
175.65984984534333,88.43659572614047
175.3287335084346,88.23903229394222
174.92126699788517,88.06433308739331
174.5812781025739,87.95267858908171
174.04044746020574,87.841531930319
173.7293822875573,87.72985305401112
173.38053759449764,87.68229391044828
172.92103617682324,87.42687461259912
172.65124300773383,87.22470799138034
172.39107720831166,86.90877422664802
172.26229348578875,86.79704934519819
172.1799934661014,86.71384276012888
172.07004138927653,86.66599037919012
172.00722388583142,86.67018635275306
171.88739619271217,86.76918497531243
171.79695772265293,86.82890389510989
171.71823754092046,86.85171055321437
171.5863041864907,86.88138407843651
171.22088011193787,87.17304594925449
170.54820352770116,87.59667542551814
169.85747407076775,87.98491740393897
169.087772096275,88.45028168976751
167.781250177391,89.21405999234095
166.94523720280029,89.56702633192305
165.73516674475533,89.86632698479075
165.007224698492,89.93553440096736
164.43303753354598,89.87837063797708
163.9815949437884,89.62978469430071
163.98795890920482,89.42170267097357
163.97845721513704,89.17517711830875
164.0219628768987,88.63958786269875
163.91088606255067,88.47071725400804
163.3123584132797,88.25271910574733
162.7561994420192,88.17761054867695
162.1179294400542,88.17379319140618
161.19090789867386,88.1680361089597
160.60777119559216,88.20262659034938
159.82043373560873,88.24060041764545
159.2921885832133,88.28496973088622
158.80049718554753,88.24640405255184
158.14660572214834,88.12988060857265
157.60724305540546,88.16389375288462
156.55006280589575,88.2504811600786
155.74854207380378,88.20195477068633
154.85474326236607,88.02945057319697
153.34970107104402,87.86125459905365
152.32391994994367,87.64298006176237
150.83835110948718,87.51543083655136
149.8734412434114,87.46241719539209
148.931989865786,87.43316962188602
147.31730340907313,87.56799107499644
146.00830960650583,87.67310591681805
143.9361106654938,87.68760192524802
142.56776016860556,87.66768606817963
141.32171324283786,87.625010892195
139.71672074523366,87.4475484705023
138.67450521287984,87.41326653834444
137.12012375482539,87.49655091847724
136.17612272091313,87.39979690250172
135.26319979311634,87.33218374285569
134.50051536135143,87.35034681918285
133.60783894885236,87.19391166555896
132.99679316039646,86.96242926229989
132.6595166806564,86.63044574362688
132.422458914778,86.25250368688529
132.17647449527124,85.83604917121184
132.04347095514564,85.75466593264657
131.71016471975466,85.72945844866054
130.84730590054951,85.59342537163585
130.12077855784264,85.2806918635334
128.97681211402207,84.80560577226866
128.25503588076376,84.48801803535505
127.58925202544123,84.1833313734932
126.63833332279324,83.91111346523485
126.0250239382305,83.89319158295146
125.07422734841583,83.86554225693183
124.49882504850453,83.98354814537073
123.78210069338894,84.07823454365986
122.69053745434792,84.35845035779415
121.81712183534185,84.50029677582509
120.19014016769648,84.45214433897458
119.10053561152063,84.03229017115342
118.11502326075097,83.73264096926077
117.04709675354883,83.0996031323383
116.54154917392066,82.8092703800963
115.5923260963226,82.47353704449189
115.26380384795895,82.20449784190966
115.25000048794968,82.04056446568677
115.38863863013603,82.12684616412729
115.39846368691566,82.14236369399683
114.98652948815148,82.23635144691654
114.43536486525822,82.64194682188153
113.51036840504577,83.08800956282879
112.06021201987781,83.39607854258468
111.31339362930159,83.61467107265545
110.76736146035064,83.75858480309515
110.2561574488551,84.02489993336003
109.86877836881767,84.25621604494108
108.72127582240043,84.4476498292418
107.62795986621647,84.59134453435456
106.6488009808387,84.65394597656677
105.55985697796457,84.59837329919992
105.25239915968368,84.61875522630012
104.93303859928335,84.84602353916245
104.66870197312939,85.02923698423855
104.48759879180196,85.08632949679809
104.46600157055735,85.10078933060947
104.36924019169028,85.28091457529942
103.73043925099326,85.6729777532288
102.9956699829399,85.94969592655806
101.77997685364896,86.51418607509837
99.67584756698074,87.25402888229047
98.38873132548473,87.6043919417827
96.78110290706806,87.9415578149654
95.80880104651027,88.16479690908177
95.08564692899475,88.19805604349075
94.05824394932714,88.11876755805348
93.36270959349551,87.87417882279782
92.18593947711022,87.31454468160416
91.43965807862241,86.94436870233736
90.74162191289157,86.69592023695209
89.6731447949672,86.64395066324195
88.85178301216209,86.71452141330487
87.69744314265158,86.7329299058992
86.77837742529935,86.73824398605308
85.73156579310312,86.68092777508846
84.06165815609442,86.49048051680171
83.16277985894371,86.37570742454355
82.27570851109866,86.35092605612806
81.1055878369242,86.34297653441797
80.33633373517472,86.34484836058273
79.1252410576271,86.39563808161027
78.29969967089242,86.30415498674003
77.42463261849825,86.22898031330229
76.09226179485978,86.13477440318411
75.25351960491065,86.10923989038713
74.01048079459966,86.08859862048415
73.13367519574125,86.12528258564822
72.331547520175,86.14432422360393
71.14669105046475,86.29489457159399
70.35861891254103,86.45037199894469
69.19431097541226,86.54182684033785
68.49921676060221,86.33744901222181
67.78604618056542,86.40297694838017
66.78811540675308,86.45945174267894
65.88810935734716,86.53143844037878
64.4551660882521,86.63310986660808
63.616385641910995,86.6105868162008
62.92638595582086,86.60227145624597
62.06773063718252,86.75014445515725
61.51578107414207,86.91989236595488
60.72578313053086,87.0494920847538
60.16916216581038,87.11242487182793
59.50676528987481,87.23679954423541
58.413684520260674,87.25689458171898
57.67673828817851,87.33957349006542
56.73683665292802,87.53072777455287
56.136184037496236,87.43040664218778
55.58863338829465,87.3366201883866
54.62293084015133,87.21797532386412
53.96050920384465,87.14391636035205
53.24697862296601,87.08046740287112
53.001182446966666,87.09906266621351
53.07440366402584,87.11254306839156
53.089170249740576,87.06970136843462
53.34164343466912,86.96587102337341
53.63489696515063,86.97189012798533
54.14651617337721,86.85374094485879
54.42108682900131,86.81024745866226
54.91388303121771,86.74597058118381
55.094557329571245,86.79305429297979
55.13483845642436,86.88214329559196
54.9274337838754,87.1755182376809
54.64595842474837,87.48354708448198
54.08629743420241,87.97502382342957
53.696661333035294,88.27810459040552
53.26023911864242,88.52988695788024
52.56113033810388,88.16654837486193
52.37918177531144,87.5621208559714
52.6616658398148,86.78590333242852
53.186148933164674,86.42275526756009
53.824194875342926,86.22777807219644
54.653578129732296,86.08549180593107
55.106859682250814,85.97301276063592
55.49401890978791,85.95919330535983
55.48800764229324,85.96098336362903
55.414277777940754,85.94471805336303
54.49868404674419,86.16001972245535
53.434199788042235,86.32269010579165
51.34144541815681,86.32733134760934
49.70356633102554,86.10416860644465
47.92649738861485,85.91701686209225
45.18361029752313,85.59622564686438
43.460783906706524,85.43620083163204
41.007255289050676,85.44542896996846
39.4194002205395,85.68769109348861
37.84961285069548,86.08418102457713
35.50327129461337,86.7436604672982
33.979127671305406,87.04324956539102
32.57104388299339,87.39199483523308
30.46191485774287,87.7871820120949
29.007172019909405,87.9613729383987
26.78709953354476,88.0378210015063
25.175976749813884,88.0621565123341
23.58049589093406,88.14577874126496
21.38859535547428,88.15311476093311
20.284359640179986,88.04806131640366
18.965898629817303,87.94175146901642
18.186969993030544,87.8874232486983
17.44241546183528,87.81987971075823
16.35833793271695,87.71849955577726
15.6785133880677,87.65302292408762
14.618585119584196,87.74895549322818
13.896254012396582,87.7019224671065
13.148901528898392,87.62669089434739
12.221810807677116,87.56869634249745
11.693458401421225,87.54112355313693
10.969057133548517,87.48781604582065
10.505536239095193,87.3207664852195
10.068783607963297,87.0150147755176
9.433941959756254,86.48564401397546
8.982163882296675,86.1456173473039
8.186789099908879,85.76352115418277
7.592757142434209,85.5852184511573
6.890464192494022,85.49419340566031
5.648570935091016,85.768155742826
4.585106663304401,86.13400956630393
3.3454874868494358,86.53598116659559
1.2565203989295526,87.00341637440395
359.7728468559578,87.32462628119913
357.8196855231579,87.71232738967869
356.7856697230228,87.97500172646423
355.56001917969087,88.21633123885778
354.96783745706233,88.1616264207549
354.5380594824235,87.96311579604377
353.9332608985495,87.50642910746096
353.49688108933606,87.18856171140025
352.98853780970205,86.8881787573869
352.1131520059895,86.40682334767837
351.50220521942674,86.1302096097614
350.66717311053685,85.84887102489041
350.11714120457805,85.73430064539812
349.5361652048684,85.74457393314569
348.4190864509472,85.93393980499042
347.54158314705774,86.00920477718972
346.1167586652824,86.28795643453694
344.993559300601,86.54467661055418
343.892284996739,86.77382316952178
342.2332231465516,87.08621159297081
341.17736994928566,87.21111867085935
339.80927057475697,87.30702955475631
338.9443867946478,87.47483293016262
338.07584255907284,87.65138069778749
336.7411367920446,87.80240847447135
335.8664771252478,87.88766091290952
334.6558573790964,87.89896694422565
333.8833039737952,87.95167848668956
333.12121991516835,87.91615344704495
332.0416533469423,87.75661187097738
331.4168512623191,87.70596554084855
330.4508618628556,87.63524901203947
329.73105328085626,87.61327796755822
328.9113602462238,87.64500506043008
327.54313391169626,87.6565444443297
326.6294378757318,87.66303629934046
325.32511939175595,87.7213554755324
324.50174733438746,87.80077881138816
323.7592103835404,87.91485645031071
322.6369436468992,87.99797822818972
321.8606487527113,88.02166147409461
321.15324585346514,88.03085056623965
320.0853742854671,87.9924764895126
319.3854095346305,87.98426006074789
318.4872347265199,88.01348409658623
317.91493436207077,88.02964972770583
317.4260876822681,88.05533403922401
316.59359280467413,88.16801570260945
315.9838908147579,88.2454153654041
315.0883429602692,88.33133375195418
314.58706278519605,88.35869234049295
314.24191408771577,88.35681488045138
314.17665890628234,88.31919663079735
314.1532275399924,88.26927955941358
314.08805001382075,88.1167306333953
313.9912369467121,87.95574600063966
313.85626829840066,87.78298193998151
313.5411638650271,87.55406057132659
313.11528329541505,87.52654498436492
312.2699618339692,87.55286086611474
311.5821711259247,87.68707863573748
310.7751917136501,87.90167644022739
309.33654913080744,88.38701967191395
308.32869198695334,88.64424702499188
306.6253474182406,88.96594050100991
305.52766780059204,89.10307691940002
304.525271739791,89.26183774544667
303.3003352789157,89.44603291295198
302.6205356029266,89.52991891271489
301.70798640845226,89.52866528115311
301.2020778046796,89.41792866564337
300.6894803695666,89.32395400755946
299.8901104980047,89.22604486811501
299.2129511914443,89.19544758504135
298.4529675514037,89.15818792376788
297.20402911671624,89.15150807449778
296.38534814613877,89.18026613098063
295.27387641277767,89.29201098303484
294.5306027774348,89.32286732306264
293.7858947296468,89.30244529158104
292.7238829121734,89.07013861189483
292.1336772883217,88.86959445072293
291.4140575469091,88.49725935760657
291.0395917266329,88.2652917167575
290.56078391828095,88.07076497084864
289.72354291614323,87.62538234806743
289.24808188662587,87.25925015492405
288.5231431768929,86.88151833104229
288.1217312775625,86.80841191150327
287.7168613693818,86.80374141281044
287.22296852308074,86.85839467352386
287.0684310908502,86.8812840924655
286.83653627298844,86.9250211345123
286.6596849891133,86.93936233733774
286.5322957708636,86.88293651369588
286.405955674433,86.78562297859303
286.3827265152622,86.72356290489276
286.37763431446984,86.606473645765
286.3583526167836,86.56141460089417
286.2665819764777,86.57198148801241
285.91271139744845,86.77013447131618
285.7869440703099,86.87720632061709
285.711973602216,86.9780384846623
285.7273544164488,87.26416293028159
285.85358665586625,87.49684715794004
286.1728657405222,87.68878821978106
286.52459774025726,87.83930718261276
287.14356011756547,87.985411625003
287.54506711184706,88.07189088977067
287.92554265034,88.18295471227208
288.48937907540164,88.32853972016079
288.97145403749755,88.45155327281549
289.5033142099775,88.5253122415103
290.4330799147267,88.56459442748276
291.1335942157407,88.49244726281678
292.279024766289,88.37368787324993
293.1194800226963,88.21020634582813
293.94841120994755,88.03623410361477
295.31147833569565,87.85547010711412
296.32550940116806,87.67444493699853
297.966073319253,87.33348783241208
299.2155489820874,87.18583884546275
300.5722647394692,87.18031142591198
302.4892292979769,87.32382276142864
303.63259559388916,87.30967582196047
305.543069885883,87.2183820852813
306.9697178379269,87.17292133213726
308.5114403822121,87.0849265581343
311.07798609264546,86.95005874456214
312.82928592189387,86.87906765830812
315.4690906262128,86.7977485784051
317.3192651908745,86.73726716710155
319.22345318589174,86.66821817119302
322.21232533023885,86.6148938024393
324.2302002051232,86.51284158108537
326.2466157089478,86.3304783832668
329.3993453195427,85.93693489024669
331.6902082684283,85.63606451093575
335.12483754319135,85.16354228127759
337.4962856211231,84.78314110547574
341.13751026669536,84.21833798999847
343.67970353649247,83.8870604724531
346.31067765197986,83.55137418206948
350.51028425435845,83.32771253275376
353.307680227881,83.56582335546824
356.0087014682076,83.93286199185619
0.0022462833157987916,84.40837968594266
2.6088013260400658,84.6802581845456
6.50990522848133,84.94648310139097
9.088471698880852,85.16424727344946
11.588397422932218,85.51689975705202
15.211706603004643,86.02516112104185
17.55610441294482,86.06885397768357
21.111307954574414,85.84181846297642
23.413772409007947,85.78554337609653
25.667091357570882,85.76476820901068
28.823965405091798,85.9875995775995
30.80016019072255,86.3020277147965
33.48715454358822,86.93117680048063
35.18326353140088,87.47063640783215
36.791085380369225,88.04379054365893
39.20049091012518,88.88838184571016
40.87071046936825,89.39780048857314
43.44909774377956,90.11739400065797
45.12478756657839,90.42573924367619
46.68903990858229,90.86368976217955
49.06560195282714,91.19651364178637
50.741647487305755,91.2184402485663
53.384472648076624,91.23039172812018
55.248469209918795,91.14229558967277
57.09826866426867,91.0226540646302
59.9347229500965,90.67693810407404
61.92286615747987,90.38164230658994
65.00648702434509,89.94087178210124
67.12057915039169,89.65582827320655
69.28492360556173,89.32452611132662
72.59223606445974,88.89796677949894
74.80896145342525,88.63239192256559
78.08665151131157,88.33817166648885
80.20639301153139,88.14996962575948
82.22321248784385,87.95372674200638
84.12430052507727,87.82374019401793
87.7206307463394,87.76887134276791
87.62071276077837,87.82881926711539
90.88665636969148,87.91485352903956
92.4745833083096,87.96877538672484
94.91127951456434,88.035581223106
96.4466893869067,88.07175748008324
97.96387334802706,88.11732721666968
100.2274263713238,88.08564404924621
101.75348540915667,88.07345765715675
103.9953320277984,88.08956757146541
105.49781201144822,88.0685188567269
107.04584713027334,87.98837107800253
109.3980760288086,87.89355635528422
111.02702002017949,87.88713922265025
113.35233191440378,87.82847157241578
114.87090464271363,87.73504992532902
116.41410950788296,87.58286503504743
118.73698259980381,87.39757638988752
120.29646522572662,87.31800473099203
122.48457382852246,87.2731360060735
123.88057320819016,87.24305508687158
125.21543208432362,87.27268110097803
127.06509124193596,87.27667336254245
128.21591886641133,87.31868822285962
129.9280930627616,87.36309113903802
131.09331435093753,87.3231829175489
132.29912036369714,87.2807821533748
134.07696349951487,87.21635226471538
135.32781535534974,87.2102498533865
137.18055632202123,87.30002029364067
138.39999809798874,87.46497184760163
139.56109872200244,87.51888893188385
141.3494907567623,87.42566712864296
142.54052828582718,87.36165450235349
143.74559365180136,87.34964433995802
145.51490326130423,87.32090489260007
146.6660785685445,87.35350048868315
148.2660028693658,87.4296115354889
149.25197272424197,87.50320239417832
150.24748330582113,87.59420155086953
151.76125450943846,87.51665808385015
152.8354722891827,87.46342582890234
154.41292031702847,87.60578926883558
155.32934916921917,87.664122211685
156.15918178839118,87.57897563291185
157.40704073747565,87.40333830028266
158.31421670269296,87.33049987934017
159.61367379699678,87.37775885327632
160.44878679469306,87.47114430194381
161.2624041799385,87.4784865111948
162.63953563662702,87.3005122066187
163.68166050058701,87.14185873478604
165.18800536388193,86.93169606723156
166.15581081707643,86.78332705831012
167.10187663790262,86.58746264621172
168.48620511239486,86.43448613586853
169.3974743168631,86.41382327068776
170.71527084801724,86.4234422858053
171.4798835920454,86.47607312561676
172.25000858104912,86.50897748009567
173.3645623852538,86.56719728040777
174.12619767961507,86.63729721551755
174.89336435394887,86.65062157835249
176.05589770952147,86.56105747615149
176.8612735888599,86.4550246671279
178.0623111718688,86.39285657815213
178.81180910836144,86.42662764443814
179.49264666016217,86.520885744686
180.5280089433452,86.61012333944471
181.12513179705556,86.6224347311752
182.09728122039857,86.70490708932512
182.72472551084329,86.7530158620189
183.35834229496948,86.75264238558788
184.42607274132544,86.72975977787684
185.11641971580215,86.68649873154203
185.99259719605845,86.57904324314883
186.44925719719535,86.57915365818357
186.90104363049954,86.60706005933072
187.44169927436832,86.61116422112816
187.8666176142475,86.68867104075284
188.4634602160143,86.78850896968854
188.7567936879738,86.84768460524955
188.99501540959162,86.87183983512486
189.33536944211656,86.92112108400767
189.5560680040984,87.0002148881952
189.76504671151605,87.04135649548675
189.86925363224015,87.0493445129133
189.94184361470633,87.05358309008808
190.02851274927056,87.06650128694649
190.066179663708,87.07762914832726
190.09420497488873,87.10853993336015
190.0808321123338,87.14204222368342
190.0385960079336,87.18379950742614
189.90625299635795,87.17035050554688
189.8484910387303,87.11654735687296
189.82099480376766,87.02397744262016
189.85477775287748,86.93066322366468
189.85311025289334,86.91648282802775
189.77419037692002,86.82511293127172
189.7005716687862,86.79923471780089
189.5064439275518,86.80000239016326
189.38307867434585,86.8577318077301
189.28343157858941,86.91154287906961
189.20374661098742,87.0119968749616
189.1885111920717,87.07358651874209
189.19826541522502,87.12562428900017
189.27320121066336,87.19857123929881
189.38306083902913,87.24728904153174
189.500842010556,87.25560074748833
189.82279393885716,87.16779800853526
189.94690832137408,87.12856644783017
190.25397798286494,87.07390993245863
190.42633138051542,87.04671242409982
190.6490870021013,86.99210644977659
190.82263820400425,87.05830559235554
190.98664180038753,87.24017245145235
191.09384318693748,87.55758521041287
191.141795996016,87.68724960008686
191.219780577518,87.807455402528
191.39231376720466,87.84801220316555
191.66004769727317,87.87690471538488
192.16359839826313,87.9020617823508
192.489436919992,87.89559266519878
193.04066643574134,87.84443790485314
193.5554442105786,87.75251421284106
194.07744296351242,87.54767303876375
195.06672679836885,87.31024454892638
195.7817145072347,87.13393539191867
196.74545232293795,86.94843103898926
197.362164573002,86.84839781181421
198.01907951044998,86.69603677892248
198.99227027451877,86.55777707183611
199.67235530102235,86.41065167788733
200.62666789086566,86.16268081791036
201.1887813580404,85.9553779603684
201.78328215564883,85.71561899476244
202.9357266420411,85.36293952089432
203.7310116399943,85.25277727505429
205.1317228111424,85.04352283130811
206.1459539195005,84.93227185385607
207.18380873556467,84.87816392792628
208.80786654841637,84.80985461526578
210.26859972909665,84.74255909592706
212.17950319128812,84.53855249797247
215.85326209068964,84.09722883597583
218.66368131834832,83.84960977074435
222.84080754136295,83.86958494554885
225.3009266832347,83.95003420664933
227.43715373503005,84.10956367221111
229.77634941529203,84.16335755258797
230.99369635356868,84.04048053969487
232.65558628871167,83.88196332841002
234.0080051441814,84.00310753908455
235.62949083524296,84.13433060942403
238.41798883820647,84.22783447908846
240.54616522713465,84.1902392092418
243.77130196312186,84.07631628468599
245.64706129464003,84.07527724211111
247.16585153892834,83.94566130830292
248.4577805422516,83.65703695904367
248.7776799350808,83.40061590594516
248.661915328048,83.21027360484617
248.69982664129986,83.2183846360363
249.05123968459765,83.36432178142533
250.2504467342752,83.71546097089328
251.09868643077277,83.8098915717737
252.1784850102365,83.78401460996355
252.6462807754579,83.68286116490539
252.96902420645029,83.56672191589642
253.1280510609437,83.461810799217
253.40079185495495,83.44760007612756
254.09444688114365,83.53303158736225
254.69224880465336,83.62129683818755
255.32596442062447,83.6142618102202
255.8338410897327,83.52849030835088
255.73290398414144,83.52551443832861
255.63307480646574,83.49578183404167
255.50728424646155,83.48273395039794
255.5078253558247,83.51050406399949
255.91663505129316,83.44423355660507
256.4150853597412,83.36440366706371
256.69172868445963,83.26093960182006
257.5099942818351,83.00976714069327
258.1410744684196,82.95913262190605
259.22685833689866,82.98189536724742
259.9923419260113,82.98999988637115
260.7738953168351,83.03915311078538
262.24563264666256,82.92132040032975
263.4379415978946,82.86882010286708
265.22227474044723,82.62693986868341
266.4105143792605,82.61371560851953
267.50566080381964,82.50366479175787
269.01165931040316,82.28902153537977
270.02890134766994,82.27821570388497
271.5751345348558,82.41079321757506
272.54700885717165,82.51011142157694
273.56451486984565,82.64734920346038
275.32380340093016,82.955857316577
276.47159563480864,83.10730612705099
277.7450522358828,83.19914119777867
278.53060079323,83.19743143086988
279.20818814223514,83.24831768840468
280.0282581481464,83.31858977412138
280.3458850322237,83.31666565808645
280.74390225803154,83.26948521599742
281.0701317034782,83.30194942430383
281.33686261254195,83.35049554407072
281.58000287132984,83.32806209636723
281.6623010840229,83.32386952640277
281.6804046819337,83.36940957256265
281.59618868840005,83.41590435835006
281.38927814725866,83.46726120743604
281.050899868017,83.3916782860192
280.85117210169346,83.37073695122048
280.65100421096406,83.3467233404636
279.9957905447213,83.2612431469531
279.47169529280546,83.20437278126904
278.5389704799142,83.11368566362684
277.7353165685406,83.09772373961269
276.9289608093669,83.0039750449678
275.81473275882695,83.12571064285412
275.12179619421136,83.10123613608057
274.06385819260504,83.1918993631016
273.2467547421412,83.37442711431873
272.30625055869024,83.42446612884864
270.85903048138175,83.42386409453401
270.13953470225294,83.45961445340109
269.2312809030407,83.45790489642404
268.6670003835487,83.2499731332995
268.0489369329033,82.87663063620022
267.19647317496197,82.54346520839594
266.8353837379518,82.28892006833578
266.62718361148006,82.23001140678524
266.57307247806955,82.13860983804528
266.57302394396066,82.10208680204668
266.6554314844494,81.79536155144524
266.94435201816754,81.54939347114781
267.2307507887312,81.37826459270913
267.2057065124435,81.11067784403902
266.9341815778453,80.8007720952057
266.2388107825566,80.48577180138047
265.64444719653716,80.37802294970385
264.716986591525,80.39771523639457
263.9269347841515,80.4268175394941
262.89727169912237,80.23261753945818
260.5208791569928,79.66817188229962
258.5753255406078,78.7515763201889
256.1500774545156,77.97976434765664
251.85840089065755,76.83815500946257
249.31804716259524,75.63085057748091
245.29859165814878,74.15055179308375
242.81275142769232,73.3259026890506
240.69119803209725,72.66465867478723
237.9320382555122,72.26662418742262
236.49802748107516,72.36587676483865
234.86945354589812,72.7663893132883
234.0457750111132,73.17638002654905
233.3734346715703,73.64949654875049
232.41884519110624,74.29536017981721
231.8369147339507,74.56195458283219
230.8512857497723,74.94394981332418
230.1906353100444,75.07918107580964
229.53916492490032,75.2390688975952
228.5439844574812,75.42047382296285
227.79900458556634,75.55782685989045
226.60627751603414,75.68923902005331
225.82900744871023,75.82643710581642
225.11736926606892,75.90647486576366
224.0249988820159,76.04642791767114
223.30226419109232,76.11094203302865
222.25437099597733,76.07954587574922
221.43410424512552,75.9597035886501
220.67572407417066,75.6970368565844
219.71837782320353,74.93131896566331
218.90975089920778,74.4592707842336
218.06375543095282,73.75164283031674
217.48168346576966,73.67006778237817
217.02998298146326,73.73868630485075
216.41747859406559,73.96998725797388
215.94715223154,74.1627101560836
215.46400253515094,74.28569755708816
214.7937262684447,74.26315969395714
214.24906474385625,74.28429145408656
213.19740647416148,74.55198815181056
212.33669270277227,74.79140006158205
211.52230031533256,74.96976699277528
210.29790306303295,75.33079107627127
209.46283374179478,75.67010672174234
208.22261652815067,76.29961916361802
207.44985193358556,76.7781204858446
206.82459636369637,77.27093110889304
205.73275130814454,78.26983653622594
205.0563635399048,78.83444926615869
204.10231195135935,79.72115044470802
203.5446740622402,80.29135049198439
203.03545034259852,80.88553671496496
202.34618586598165,81.86240905435409
201.98062702659877,82.53486882351163
201.47904059733355,83.54804302023089
201.22956829444144,83.97601221082716
200.97770454701515,84.36132239713818
200.76186813341607,84.97142256999855
200.61948189367592,85.34054090472185
200.47583630100993,85.97142529442758
200.4154281917781,86.3894238531387
200.29426697812264,86.8469872566899
200.06333137130838,87.28673667700873
199.80975334745168,87.49326479292046
199.48010783051407,87.7303780484607
199.25705120388895,87.76407124976515
199.10835097142368,87.80029675802828
198.9359892967676,87.9243454042494
198.81431250881636,88.09381734360525
198.5335216187651,88.32026930920337
198.32079256373106,88.40977600193857
198.12502278842385,88.43682697684548
197.76698852240446,88.45142982523117
197.44314775846024,88.54332388444477
197.06466410808588,88.71310724167174
196.56366269640333,88.94226978601857
196.31001734914628,89.04362762741604
195.95798929438357,89.16136821701264
195.75212951606986,89.23686094437593
195.49911221380702,89.2892965616358
195.19194659895962,89.28550571260118
195.01699391140735,89.28380286276548
194.72840740767205,89.29359418372711
194.4981468486739,89.30965346089098
194.29503378642798,89.32551904045333
194.0591050577772,89.23468918041469
193.9028354426955,89.11846437044935
193.66812369147038,88.99061363416276
193.41412506972412,88.87867650109358
193.1056987132731,88.7816030034848
192.7334504003215,88.64113193052258
192.53313713283885,88.56736038923152
192.26243273367743,88.47829664045611
192.08553798213,88.39629301118303
191.92783036576736,88.33337350109373
191.64809670964368,88.21635968578832
191.4093403208283,88.10254728867585
191.20502847216562,87.98413488126684
191.1574881373519,87.94501559128646
191.16343780982095,87.85518139495885
191.16373536026845,87.75226670152507
191.0973186530096,87.69887597440953
190.81230373388672,87.63634252672034
190.52742727075986,87.59759190855318
190.19336756458478,87.51495074856851
189.86386307324432,87.46615809724916
189.7403251378928,87.42648360615766
189.62934849553224,87.38986860462315
189.48208402666123,87.29518650755111
189.44972746807179,87.23437307695701
189.39743708068744,87.1437559041575
189.3349929889635,87.10770660601614
189.25531667119074,87.09743907436872
189.08192625448044,87.01467212940122
188.92459143665954,86.95097246053189
188.60425027732748,86.94789045979543
188.30195500261235,86.9457027642786
188.01834150851982,86.94501016193516
187.5686772225387,86.94407687705029
187.35536584769378,86.92971387806809
186.9309782822796,86.8732074739857
186.7226024230631,86.80900798019279
186.53981159552416,86.7341686581504
186.34817458851367,86.63890018477782
186.19778349777818,86.57521022593883
186.03142589306364,86.5229411846873
185.94109131434743,86.48088363698614
185.90067492911845,86.39976276283117
185.9680364310045,86.2815978085543
186.0894742178621,86.25208375252095
186.27970457246172,86.27768656005938
186.40147526842478,86.23407087180284
186.5605413807831,86.20748368389147
186.87597604663247,86.20694525631458
187.09487005660995,86.22875353373074
187.46737707180898,86.27437732933778
187.81827833424998,86.27277227898021
188.1031720010649,86.28323437760093
188.67528891216293,86.25252167979406
189.05485389793452,86.24197523976335
189.5348041568572,86.26456884281271
189.94082523115608,86.1991913558087
190.34486589385293,86.15819398017986
190.9449862536665,86.09168697837067
191.36183648027486,86.11080852565
191.76922680607586,86.09733083082932
192.38475531078203,86.12638867578438
192.79512752380808,86.1121286769781
193.41266526768558,86.17334378997637
193.8239020970001,86.20766176364326
194.18974074519232,86.2651574254362
194.6404398660609,86.28746108040878
194.93870564416846,86.32241417296726
195.2190638015424,86.38240215890765
195.34778066321383,86.41763206285256
195.43808787758033,86.43481563304468
195.58785849398484,86.40813722816102
195.6663028011799,86.42190809009584
195.69393149773953,86.46493683256617
195.63279122006526,86.49917159933108
195.5462951597216,86.51972698579985
195.42313953137563,86.56674821413613
195.38914683966306,86.56548732360932
195.46288559425787,86.46941958216259
195.57964199031733,86.37893912803077
195.72919991258428,86.26662822513607
195.99143165870154,86.08075488125594
196.19930716676708,85.96088394113336
196.4244296206256,85.82134660575568
196.56953880246658,85.76196808040204
196.7237620848028,85.70832245876761
196.97018406570328,85.60792709203105
197.15581392421268,85.5436526631966
197.32306326789177,85.51251480933442
197.39877719650954,85.47733334565366
197.4512939571696,85.42506434734531
197.47043776213468,85.37667905413286
197.4869980339384,85.37597178286666
197.52788892407756,85.42308658136444
197.55831104124505,85.50837843700137
197.55551347414163,85.56718053880694
197.5631625086059,85.61941163297776
197.56472486470398,85.64000112589373
197.58368504838404,85.63784266813816
197.65150491427167,85.60292867234604
197.72754533257574,85.56674762770484
197.947401284604,85.39468193213087
198.18227034328254,85.30131343540523
198.4647488650495,85.22198441082617
198.9428710276996,85.12083108639855
199.31761618547006,85.03365563518432
199.73261287888613,84.95069483004997
200.0499586153236,84.880192054256
200.17862017843177,84.90898080154972
200.281661485162,84.90722128191382
200.25246231363505,84.87541692425661
199.90923800749596,84.73821677831488
199.7131199515997,84.69832559997678
199.5833408307025,84.67352613790364
199.54359380209988,84.69797688303453
199.5865185100966,84.73808622748629
199.7590590436698,84.74430891006472
199.85863951325823,84.73054725179735
199.95583287038906,84.73204379896575
200.00541686378236,84.75634707181328
199.9996211581363,84.76465024054974
199.96082822727664,84.779092162079
199.95398169216793,84.79089038131842
199.9607434545039,84.80330703986306
200.00874559072219,84.79121649316771
200.09697451757026,84.75731154617712
200.29871186827222,84.69622756074102
200.48585804050694,84.65764694367232
200.7073853375818,84.62900550589038
201.1168523852941,84.58410522318988
201.40399850538995,84.58265597412291
201.77441618673075,84.51715312732804
202.49043235025522,84.45450520342769
202.97249591564758,84.46853410023442
203.78383499002678,84.38702551004867
204.35703217993054,84.30451210307092
204.87528786805726,84.29851521415839
205.63809381591994,84.16973155393315
206.10099003626166,84.11564661214229
206.76078020541408,83.95750396107252
207.13568708974682,83.80125034990525
207.50504774577396,83.64736993009728
208.07750311776658,83.4832714293286
208.50836774141322,83.3980311158863
209.15713637111799,83.29966386930299
209.59874544254063,83.21361698203035
210.0220083290452,83.08926108852086
210.71960651495124,82.9750236116825
211.19892028330992,82.94082844356062
211.85457972928114,82.90837578677092
212.23868391462838,82.85896907694728
212.62839290731432,82.86519329595212
213.16289493484524,82.87197109955937
213.49778480518466,82.91155403304947
213.95441046855984,82.98203012239446
214.19056623248179,83.04121418023453
214.40428810259527,83.10346296737649
214.65945387913348,83.16831070901071
214.77919378732628,83.21011340968546
214.92474668023158,83.34437111850015
214.95419895689585,83.42435323822941
214.96415004766004,83.46632337900158
214.9112213762392,83.54308439389142
214.84399381463962,83.60484123041773
214.72981068330648,83.72342328212144
214.5290451636777,83.83317433859467
214.37001099807094,83.90483736312548
214.1402686697155,83.97619783133379
213.9567784478367,84.01292094631441
213.79657448300858,84.02727225193274
213.59841265863946,83.97932357811983
213.49241397060473,83.91758896215732
213.39484153050188,83.86324826678903
213.33046535754102,83.84315839425642
213.26020792407402,83.84584237138833
213.03624857448233,83.81443190517552
212.8925426378441,83.74783158453849
212.68252390614566,83.70798419722144
212.58187701851728,83.72714368025984
212.40166346973237,83.78409796117069
212.11399464092756,83.83967284395521
211.95923646627864,83.87619102705858
211.7801679869972,83.90087188618632
211.65600346586038,83.91696539540122
211.5580489713118,83.92186469803437
211.36396606327997,83.9144399194803
211.24072491559727,83.88881091266174
211.065213077616,83.88147028126777
210.92970204522499,83.91144338527678
210.80775546571468,83.95932525152323
210.54101388949456,84.05200069251246
210.3370538493513,84.06953496535242
210.03671986950135,84.11558485187564
209.88124355018226,84.16183091765822
209.7277704023542,84.2139734658886
209.58396386280688,84.26847915459535
209.49857505910137,84.29422778004161
209.44193383304787,84.33362268397818
209.33161244361378,84.4379536206206
209.10041834671836,84.58091646686002
208.09155492373498,84.87865165400376
206.95301360980847,85.11542469848108
205.45825155415682,85.35703704565175
202.97279405188715,85.64124364331417
201.24237191013427,85.83782315766538
198.85783181992238,86.19444652938667
197.54001903745063,86.3503598340878
196.59508225219048,86.49048192548148
195.6292944581259,86.71146890113623
195.32382086900753,86.79618217661766
195.3606636618654,86.85400587648098
195.3890444772579,86.8868976662418
195.54545018350964,86.9274123086677
195.83624588817113,86.96572149980948
195.930241986393,86.98276461449171
196.02489887781405,86.99198703096219
196.04881601055695,86.98523648603977
196.05536986633342,86.95252468464484
196.03733638871648,86.89860802871733
196.06611738728316,86.84192538812849
196.15872947117236,86.79643492629769
196.23768722641685,86.72746651182091
196.37606522771605,86.61226734041514
196.6257696609638,86.53150784728287
196.7985004270101,86.52846689634829
196.95909018706814,86.51276582849609
197.02000470052084,86.50032040282916
197.0855657937468,86.49829501648102
197.19283440193982,86.53481281688869
197.28179552192483,86.61060260015098
197.4158916415152,86.71088731472275
197.5017837848049,86.76269929497614
197.54454654960398,86.78438408158976
197.59193233415178,86.8198517253935
197.59999670033594,86.84377063197363
197.59394551091827,86.86816880052626
197.60007321518256,86.88174089373615
197.64561505275228,86.87110673508741
197.72869330537097,86.89011695629472
197.79017029074632,86.93631725203139
197.84790488431074,86.96112213317375
197.88738647371358,86.93389927936222
197.9026201589736,86.90964758352797
197.94193202825076,86.8942220059762
197.97210093250754,86.89334049297902
198.00998267924643,86.88934202727289
198.09492323652557,86.88732215529976
198.13249025113046,86.88160667329623
198.1914438507922,86.88639890485967
198.20453206579455,86.90177908416929
198.19925122391933,86.91957991954433
198.19356952547264,86.90013998733599
198.2139876657515,86.87569811311585
198.27246867274968,86.87271015154697
198.29999039906298,86.89995352726858
198.33876824657952,86.93646363422816
198.42276529764166,86.93244169912222
198.505493504904,86.93730595117111
198.6798955808173,86.91669501512057
198.77897409978578,86.89821664432999
198.84775402567243,86.845347339742
198.93518414811246,86.7686249894594
199.04320989430593,86.70075842790108
199.29204412876555,86.62460221307336
199.5697602078069,86.60982836558267
199.98335875242256,86.71636487711912
200.6120712844254,86.82992347574658
200.89776957013868,86.83743459188986
201.18417418905446,86.88643823459067
201.39591281698253,86.9852426137088
201.510062173886,87.03869715465194
201.6416269252575,87.07997395900716
201.73363674467495,87.09531663081502
201.79423759455995,87.1230894934165
201.86840965272722,87.15232244222642
201.9112855828215,87.16509443200688
201.97735597296037,87.14054213518894
202.00503303059563,87.11694688694398
202.04698477701618,87.08361045593331
202.09454027624656,87.0267913233618
202.11039460222452,86.98687442702239
202.0992423130059,86.8841177905854
202.12835941806898,86.81117464782623
202.16557221910682,86.73629386628849
202.2540832540439,86.66885993599969
202.30913015587646,86.6160390567102
202.36528812044847,86.54869105216855
202.39472879683734,86.51227435072533
202.39450762498709,86.49548787245682
202.32519664549037,86.5303519228132
202.21141701613212,86.56413070489265
202.01323161128386,86.6080035209487
201.85827958152157,86.63262255553539
201.748587966784,86.67681501556656
201.60606950671936,86.74511406721186
201.54234659943816,86.78956267345126
201.46052592741492,86.85031580973131
201.433041523114,86.84912492672308
201.4112593288624,86.86489948442818
201.39483054881,86.92262714459022
201.3568108821917,86.99975921122245
201.23544790723557,87.03721764476174
201.11685093576816,87.07588940188886
200.9391476509893,87.1026213354462
200.77558247681156,87.15979900601236
200.6212171611027,87.20101454942791
200.5746743987516,87.21442998356633
200.56014952840349,87.22177204317794
200.6012933128888,87.22120527395151
200.6778991505823,87.2233320918088
200.70431105799022,87.22275781908127
200.71385852445303,87.22952420715761
200.69064118958417,87.22664529991174
200.68547257575977,87.21121223911291
200.68753700331456,87.23745884309187
200.68324838402313,87.27956982078048
200.66229328952838,87.30199436195245
200.63250718192683,87.31294714128516
200.63332306013342,87.29997822116643
200.69571207743522,87.28559085488507
200.74642823422846,87.27036111329929
200.80914765262756,87.24389779769437
200.91039278376718,87.20349933168606
200.96317642770987,87.18473064569598
200.99112032622887,87.16209267266318
200.9866405679878,87.15906351541737
200.96042498880828,87.16752371483426
200.91281172420216,87.16515804514455
200.89555680478475,87.15163209327443
200.8506448041921,87.16926650912738
200.70479930678283,87.25567349572185
200.3391489253028,87.3031747080606
199.57483325398994,87.33794826710147
199.11646675930945,87.36407092209502
198.40766760047654,87.42907507222334
198.03786873085784,87.47465596462465
197.59261105508577,87.51254921178385
196.95367455457978,87.59661119958491
196.55213918456337,87.65139512759205
196.38115324746352,87.71296611949928
196.29949987281393,87.75541342707483
196.32836672859054,87.79823034555861
196.53305352599097,87.83050118343957
196.65389953751514,87.80424612413334
196.71712831453465,87.77682183918235
196.67521494860875,87.732674360641
196.52954399173373,87.70577792693581
196.42034347579542,87.66747546096636
196.39094731158093,87.66674911968803
196.45272627189846,87.67068003553223
196.6888781095125,87.6540537361868
196.8927638039128,87.60803303214587
197.22466844353198,87.48930209151492
197.48516481777224,87.37658873261418
197.85042637616965,87.24819234821625
198.46388444648878,87.09409161720366
198.85325991247805,87.04995625491486
199.33153149684884,87.02753364838071
199.67795304591135,86.91872536235503
199.94157898633162,86.84310193939963
200.23640946769325,86.78347758113537
200.36578743287774,86.76588536260415
200.58697613636096,86.73503777601928
200.67652679376351,86.71270230134283
200.75758436169139,86.67717354282398
200.86997197650723,86.636713777654
200.9449397588615,86.61433849867132
201.01050947957134,86.58103569989935
201.02792937404985,86.54442318895507
201.04484155779184,86.51276743920076
201.04783696281012,86.48504569333836
201.0484524281149,86.47350695638258
201.02598047243364,86.48029632672429
201.00273035016954,86.48160671349937
200.99391563330025,86.44396693985499
201.02755689825523,86.40623414764129
201.07521920208984,86.39709399045216
201.11605074766703,86.38177794474362
201.20244717351488,86.34409496041567
201.27249558997286,86.29572329573779
201.35135905532917,86.17444140968784
201.36466005167324,86.10798778836254
201.3353266168835,86.05187406791805
201.27712280658014,85.97803060545232
201.24849419696798,85.93712997304245
201.23406578532519,85.91317629934322
201.24529590490152,85.9076420056912
201.2478940074629,85.89836297035073
201.22472341724114,85.88943762213795
201.1779068509075,85.87047105540438
201.12258616783888,85.81706840119831
201.0976696876674,85.81675563948336
201.07514909732316,85.82735582976773
200.96269648331022,85.81095075132347
200.8522088196332,85.79674509024167
200.6100976061088,85.7557958794791
200.4483441900829,85.75669559588401
200.30762093673724,85.78860286447323
199.995361420616,85.78932444863769
199.7622334541678,85.80732902223554
199.05676186054552,85.89988517488433
198.40354568818304,85.95230456902756
197.54505859264628,85.94179630856092
195.61158375410562,85.88305932697257
193.95659921265053,85.79141647831393
191.14113249536206,85.60647451251512
189.46431452657143,85.5460534859498
187.94571267687954,85.58455083282759
185.71608548426622,85.76503361041816
184.2066544906301,85.87904471159727
182.81949967306568,86.09656042845482
181.1370790789602,86.35040927897614
180.32004558952687,86.50027287363092
179.4688554208762,86.65704715857306
179.13409692197442,86.76238858069723
179.02609087831553,86.78358502849511
179.06906488415672,86.8449868518746
179.07453528777776,86.89206246453972
179.14711931417577,86.9027377242586
179.21744671044772,86.87955076291377
179.28865937779284,86.87621343026817
179.38859514859408,86.79690741731282
179.44627390759726,86.73254947071813
179.52882216645122,86.63560100571839
179.58622822603883,86.57906028572116
179.6374417241303,86.52437187487206
179.75502687185903,86.44403789737768
179.8269232579957,86.40225799365082
179.91561388305175,86.32493700428117
179.95596628206903,86.28433026871593
179.98496028282577,86.26220168120393
180.00855138966975,86.26821644982596
180.02808491478532,86.31854977948832
180.0692232155772,86.38000891917066
180.1247498984843,86.43317106632082
180.1727533344545,86.49058235186223
180.21276065251567,86.5322363255276
180.26276840626772,86.52938866861456
180.32375061046523,86.52114632756425
180.3419400720615,86.51908527789361
180.3469771568677,86.53023073061422
180.35063152555298,86.54436639863319
180.3566051586678,86.54437983424712
180.3827203223224,86.54023924661774
180.46870779375882,86.51269440452845
180.5479762841058,86.48382745375545
180.63474907539887,86.4131152442288
180.68867563758332,86.3700892947272
180.74716985435265,86.32185097201885
180.828306908194,86.2490667986803
180.8780800903949,86.21912036928295
180.91222854068405,86.18304442334434
180.9491090449823,86.15319833232715
180.9748897044645,86.13883073762182
181.02836844684697,86.1206452403446
181.07766070155577,86.1430512148536
181.2905523797279,86.1862967776858
181.48831307787447,86.23919923074702
181.7890093328993,86.28978300023871
182.70402866051623,86.1838997146301
183.8189926639307,86.0903872185704
185.59445746883162,86.09412634220139
186.678731227177,86.02499067986025
187.61021407727094,85.91507656802673
188.8038702374593,85.71995206862879
189.4815775159848,85.50351650356944
190.58112290084966,85.11923776619446
191.3356596231301,84.96769034345014
192.12700797623987,84.758911608261
193.33865442568978,84.57147212031556
194.13422496581185,84.45149937833537
195.26095903558863,84.33578049420551
196.03464858766426,84.21239293677247
196.76446535469805,84.10093456158182
197.7441705509217,84.05741280325846
198.23243074682816,84.04444105968965
198.8449998941557,84.04599819310553
199.18440963224558,84.04187370387706
199.4380458383048,84.03527271407135
199.77343762654826,84.0565160371049
200.0028813354888,84.06171459679766
200.24655405025825,84.11801438097174
200.45095044067705,84.20384520333882
200.5226263047337,84.22190969991675
200.64374837740763,84.23242118339704
200.65487416171325,84.25768540099358
200.63434134651,84.30033218422084
200.54518926582256,84.37253315883122
200.49968838006745,84.409172055032
200.44651233079543,84.4623311009908
200.42231059679494,84.50245720353561
200.3957260446556,84.53416103577058
200.3696881534966,84.54250115151285
200.35714405015625,84.5334363704912
200.35644151205426,84.53881829067002
200.37285582962056,84.55377561812567
200.3884610990956,84.57408850962136
200.39117479085007,84.61903294015237
200.39223716489664,84.65589465812133
200.39013923231695,84.66818867047199
200.45001370447204,84.64271471440944
200.4822410011473,84.6380547720801
200.46646081436103,84.62741879760779
200.39551695333395,84.60177333491423
200.30736387670146,84.5827777190944
200.27775338415915,84.57496747077911
200.25433584758073,84.57051416810793
200.26747627347675,84.58955959737695
200.27760209035617,84.5816433609223
200.31211185058118,84.5807723828829
200.32572511167382,84.58382830253468
200.34065149285388,84.60168764258435
200.3138730918464,84.6394854012735
200.2658730598729,84.6548999036714
200.20751935704942,84.67242132393355
200.16876797972463,84.66049148793486
200.1574474980004,84.66242754740682
200.15110236478995,84.68993401938918
200.14982072626964,84.70184703607428
200.15714090135143,84.7055509891494
200.16847678017052,84.71821360461564
200.18762745197745,84.72684979589175
200.19691207748951,84.73766425215462
200.20741347760014,84.73109026504767
200.2238393273745,84.71641905306818
200.26667172041124,84.7040936223992
200.30222200711452,84.70413772673075
200.3393686415538,84.70792123385553
200.34046062777807,84.6992330610866
200.33055695448533,84.70659441061152
200.33808337202802,84.69052504160395
200.3530285080648,84.68348770070912
200.35855078117686,84.69871817055865
200.33297864838357,84.71354596452385
200.30583870986146,84.69649005296104
200.27783070000078,84.67547447990621
200.2732556139585,84.65947294930785
200.30869833390906,84.66352555104585
200.34982222386736,84.6487124358583
200.4110470620335,84.6308214547988
200.55051039459488,84.61719243882213
200.66356676930158,84.62640175651484
200.84405735400932,84.6331726380127
200.9369766536284,84.64601979507168
201.0197161753175,84.66612397594179
201.14709750605837,84.60668606736868
201.30516110247422,84.5964198792099
201.63718662650518,84.61544183151035
201.85911932834776,84.64364867063469
202.05302630246928,84.63313533191133
202.32447339410467,84.59235377027265
202.50681140696747,84.58748338488817
202.61662219526488,84.58027062276
202.8070291093874,84.57581785419434
202.86878000691968,84.56774534005186
202.95405106327192,84.54867751352458
202.9915069040683,84.54393493971477
203.00897360862572,84.56249946920569
202.99232357822785,84.64827179685616
202.98303216689015,84.71565288906304
203.01382759568307,84.8182205228407
203.07075092724727,84.85994997270053
203.12264536206325,84.85779985981169
203.20768865806622,84.83143935472222
203.25920426544934,84.78260520153731
203.3899053150303,84.66859779747149
203.50858314092665,84.59948338449631
203.6383353474752,84.5764110163377
203.7955253348008,84.58433376378733
203.8929930519697,84.60564776000753
204.0673401206688,84.64569742448208
204.21575111555933,84.6799414608676
204.3887585031654,84.71666098450291
204.68054379835718,84.72845883985683
204.93886368412362,84.71694521940553
205.32023748355968,84.64102691389465
205.71639628311567,84.52371657857766
206.1885101959825,84.4254815228745
206.87096583100893,84.4240682466132
207.2659425607648,84.36673386128983
207.90492809643132,84.26118149818728
208.4039034312599,84.17005636852005
208.91814230107454,84.03306946422862
209.76428699572887,83.91176061539217
210.2487749062098,83.86278194085135
210.7366563521473,83.87541856180685
211.39508112838186,83.94113957173603
211.51259910590136,84.04967303210378
211.6015322646865,84.23177702299078
211.57669157296579,84.45508432514862
211.4299330551633,84.82845569195254
211.09588361295414,85.25821577026035
210.92700869702458,85.61412873628679
210.72592899100405,86.13897735195818
210.6581051790415,86.41241356042983
210.5435768411525,86.6390066068124
