181.72763242242377,86.12733391424763
181.81055843100614,83.89961845959218
181.9178858188248,83.36740175025864
182.09615071053761,82.84091112366195
182.16231607182866,82.38531685209892
182.0893531114792,82.41702455838802
181.87651929934,82.39146840298122
181.648779527583,82.50954061541022
181.53929442033368,82.69782954216973
181.84190936709314,83.00811749882959
182.25047905114855,82.97959836735733
183.01530594911904,82.57635672908432
183.49867225589813,82.08036327586578
183.9716840774193,81.3473321722857
184.65414290481186,79.93392186636136
185.12092696039855,78.83876786489378
185.87364373672534,76.9434288519711
186.4084295404546,75.54706805849034
186.91053288106994,74.07819896993837
187.727028604024,71.92273890147203
188.26767588826667,70.36598825835108
188.81408198213708,68.94192327464674
189.52881455587615,67.03591901883152
189.9858813110964,65.80525740885412
190.87633498270256,63.810927392771106
191.58889149608186,62.37158972423121
192.3635833002529,61.065982153627445
193.79468773091887,59.11031405862488
194.87949350520847,57.79995792164572
196.1705277000031,56.52933426363624
196.723178974482,56.15809700788083
197.0820971228968,55.95545852657659
197.50494320030984,55.6253021597813
197.74489471915447,55.34679658718256
198.16839797319975,54.765813832128565
198.37709496105106,54.40719382820392
198.3444782042787,54.40341129250617
198.20814598717516,54.50399532368505
197.96722835675126,54.71844873473761
197.5698837458662,54.950635724692056
197.4268842612619,55.078774381707305
197.28184445653122,55.170257276878836
197.08373236174745,55.356138469684886
196.9951704464393,55.4618319665934
196.8853746467751,55.575931191981645
196.84462041371637,55.61135777549267
196.80608451533323,55.63794814183585
196.80302575699642,55.66515151509378
196.83382705820566,55.669877324846055
196.86880453545257,55.71497093071445
196.88900359036427,55.77232049698432
196.90249839621427,55.83937385953254
196.8458655148327,55.98176913498904
196.7265023630022,56.10867664670747
196.20820086930618,56.55680881329224
195.56110027679077,56.89731629715004
194.47794552920385,57.40135631406649
191.27970727088,58.654623893751285
187.82194606771213,59.82485777917214
183.8082955392428,60.973380081488145
177.2692023883609,62.75536834905779
172.6695606336279,64.58635459738224
165.48934167627056,67.238422061049
160.62219298980162,69.00975852697218
155.67672682321037,70.61091185887605
148.39539260367636,73.14179689512498
143.81039207660905,74.88159984137725
137.9126614293756,77.55761285511844
134.75472574331405,79.20182396544098
132.21016631670426,80.70515316656555
129.8343472286085,82.27525374768439
129.00507801992126,83.046511045161
129.11077964389233,83.70351823992938
129.72423578151023,83.774416585533
130.6033312480228,83.60092984928882
131.51223924299703,83.6244881590765
132.0139383385685,83.38078032652058
132.5086833718127,83.06568447519533
132.3887786747128,82.96597055158972
132.1324800219005,82.76321127365082
131.27191940740113,82.52673680161159
130.5364085413378,82.33515325637626
129.37885715973374,82.15433208361509
128.29776547583288,82.22005054147564
127.2047581619291,82.19114834422984
125.5401737179451,81.99641685691212
125.05186956935758,81.76745248933312
125.68144456653614,81.37915827291201
127.20190229763054,81.14613104814323
129.35541674735697,81.17526360914391
134.1426386052687,81.10313147776746
138.26767064313395,81.2291261843529
142.93350037989842,81.44713980892558
150.6716659360349,82.04971445058604
155.99396911887882,82.5526591783484
163.70552775065022,83.41201380939363
168.55760328328876,83.7803032797417
173.35243999357567,83.97542775531608
179.95829398936817,83.88495262071349
184.1848549063817,83.64973927226883
189.7635721528922,83.16502140248392
192.93553651982987,82.92913143929815
195.91465258859378,82.49362679996922
199.90495859976158,81.62481133350792
202.348016864973,81.125733864426
205.86825964276377,80.68137480448712
207.9889389651728,80.39790231547987
209.98011938934144,80.42231414594184
212.48050940773678,80.68502162120822
214.0393112059598,80.82367530619258
216.23471905913226,80.84827958137501
217.67424568434015,80.8039926710905
219.12966654346883,80.6265295940544
221.28759764970357,80.20364901885254
222.74752881431817,80.01874142658522
225.22215011918934,79.89182117028007
226.8943654976144,79.80354972165571
228.49490358554706,79.70871476113989
230.82126820870369,79.65536464774804
232.32518567075314,79.67858985202035
234.36124179342423,79.79447734664
235.55474503283867,79.87410021237791
236.70270219932206,80.01384423346809
238.23282410345473,80.08591216022533
239.2116520856523,80.193929707049
240.21788003318326,80.2036037908247
241.83300089635503,80.15013065938355
243.0254554797076,80.08090189640834
244.8823027372075,79.97149573428632
246.08163459141673,79.90018176217603
247.28512197902563,79.8579933775398
248.97224948040412,79.78719234709881
250.09331531412244,79.7231849705695
251.75649076350146,79.68218804387602
252.81936146648215,79.65749132613595
253.84864001088704,79.78424779208483
255.1239369804741,80.19755948830245
255.79793055885239,80.55809892020676
256.62335068823705,81.0504454033234
257.04337389942333,81.28603436891837
257.37347319234567,81.42068548625423
257.84961677789,81.37295660936478
258.0881021069615,81.35784439213134
258.5167800192495,81.3137118358747
258.74670861555387,81.44461997749838
258.9554467259039,81.51609342547815
259.383072973013,81.53163052013751
259.6641313145491,81.60143344790073
260.19392959355196,81.71894481554993
260.64252986946286,81.75407539812049
261.18789633422153,81.82612580291163
262.0646618638495,81.98596284516668
262.8341710423987,82.06668729990152
264.2054740829368,82.155581622576
265.28850407847494,82.14561390429012
266.4808251156787,81.9620351356229
268.69790226348823,81.5054677840533
270.33066659419757,81.08586053254865
273.1595636268682,80.5866533891375
275.1368219161318,80.2932434739511
277.13376009270644,80.05026615926081
280.0947446949497,79.82565154832018
282.12597789633514,79.80180111279208
284.00076509609187,79.77165604907997
286.63634505027176,79.774549605006
288.2084326159071,79.76176934393233
290.30802974167165,79.70484755620289
291.45656287071273,79.77345703482314
292.47496890497183,79.76952683930722
293.9715879406153,79.69918568862764
295.0550665449183,79.67216273485195
296.84650121057075,79.61337882506372
298.10413904566224,79.56337978711699
299.2831383580549,79.47481741103616
300.84176670734286,79.10189296915433
301.61316252590353,78.82479467280288
302.28576340717484,78.50908981019866
302.4583076429721,78.39462762704798
302.33896746245205,78.36577776313695
301.7381620208416,78.158646855151
300.5679505695259,77.91168428444551
298.2029665533104,77.8959767036159
296.58263922380024,78.05239126407093
295.0488506289313,78.21921753256285
293.227190330528,78.35253575944418
292.2944390395382,78.37289596606959
291.2874796729935,78.38900838707433
290.77864635057875,78.36417788506418
290.4369208404388,78.38761840080255
290.0550309258348,78.24994233582774
289.5764074225356,78.25214833959214
288.3804816654815,78.09773449447263
287.0086783944,78.11840139606657
285.21191638034645,77.96467685693253
281.5190539450007,77.79436671438472
278.49222450123614,77.59047421439175
275.1799307925309,77.58223094964181
270.42871579540383,77.39848501383425
267.31033456860615,77.44900677905376
263.26253526029376,76.62557937699893
260.76078719527356,76.03743947913894
258.35413651477853,75.78390872424305
255.10496712595398,76.24714443141758
253.28013936789017,76.299767954283
250.7606559477989,76.14435464267429
249.23989618458114,76.10455357773446
247.96936599180165,76.08273698258114
247.06571513154256,76.03241501083876
247.0322883182732,75.83946910305936
247.0021960918695,76.0264358308141
246.64494090504013,76.17018002246924
246.04888178392514,76.53825530389017
244.75056929565926,77.10844558515822
243.85826525375975,77.27436521331383
242.72172083514454,77.25820255508314
242.14936599157647,76.9882132293662
241.9676914830918,76.31823722233838
241.51581755724152,76.49681477791643
240.9946705501879,77.21377237400905
240.78934865084398,76.938824016585
240.70396614789803,77.16479988408928
240.51354275379046,77.49488383835848
240.36954085288104,77.70982879620601
239.92185816658724,77.71734873474198
239.25185255207995,77.5844669691181
239.0485474246408,77.52037279481135
238.77400347400658,77.61660145470924
238.50068926497985,77.92387388819833
238.3982065725047,78.51819440463655
238.2899449921845,79.49637196525967
238.12350929435382,79.86672663946307
237.86330646931032,80.24312328889144
236.92859425622163,80.55911271596935
236.08866918579443,80.67241781761365
235.1358463605311,80.44535666628809
233.98006318695798,79.58061231843773
233.51079210526143,79.00168655131074
233.0740818411499,79.2258084626653
232.8755019726214,79.60720669943889
232.7921722869854,79.97836072230294
232.79618178054773,80.42044398030045
232.88571018610298,80.566669903351
233.44237566345623,80.70680347248732
234.1253815902966,80.62726316217547
234.9905288747844,80.74352544493279
236.43263252045693,81.24482094410594
237.49066548695305,81.61129575833891
239.20106303147878,82.25918530015912
240.44487397919505,82.6811532382765
241.67532698085424,83.15538819426214
243.5766159572512,83.54692518249468
244.93795362135387,83.60975948993249
247.2856115313545,83.50422131580888
248.9321590969306,83.52587811790328
250.67134889251298,83.5138401196425
253.59766803783413,83.19475286354819
255.59223445160515,82.89522993920446
257.7219465868671,82.67782816972948
261.0190356515376,82.67884386060727
263.3249898520995,82.8036991713465
267.10206057526955,83.12936996913464
269.97125451233205,83.28148203784411
275.07633173590966,83.3473556011094
279.3411916415662,83.46291126217996
284.33893162388347,83.7859699998684
292.2208760514353,84.53038076376032
297.52062278428275,84.87146867802048
302.5726828686047,85.12884370365344
309.7022364234891,85.34597369882025
313.94258366945627,85.35136211750357
319.4247465542339,84.97729658671389
322.51549711767973,84.6865680058171
325.26564006951264,84.46474632703206
328.9215098973454,84.0864697105108
331.151204656975,83.7000630307801
334.2415213922483,83.28759238125801
336.08889709876075,83.26724324835978
337.7939668714696,83.3864709366382
340.12334126850925,83.55122739085532
341.6354698482511,83.53430990066471
343.72957599287884,83.47886420135644
345.06960157047547,83.4702564392492
346.4231836669771,83.47635552662072
348.5612704988662,83.36912169627831
350.15523741589413,83.2872490998403
352.7327098010385,83.28328895765388
354.5027749377282,83.43382851029118
356.25063973373403,83.63553209618921
358.6990363552409,83.94006627969222
0.2057425804151194,84.12333803849332
2.3731834851483598,84.37907817785668
3.7738339579497904,84.5209437888794
5.197749458225871,84.67972885714278
7.340638629839987,84.87952150369446
8.725073638443064,84.99927852593032
10.841881970039196,85.23977473693486
12.332246598390952,85.31436538707221
13.897224548470547,85.30733165530155
16.45276658725973,85.3381310284047
18.23285404551433,85.38229363528356
20.064244459298777,85.37242939434431
22.702172406555206,85.29928648284258
24.406717595149615,85.23478015424506
26.757920030627588,85.01919029439482
28.194156361472125,84.8094055482722
29.495826266680012,84.55008173866847
31.181145156877307,84.18376431673249
32.13076441702904,84.09030287974942
33.0763673284076,84.26603219858684
33.40435009861892,84.48162973182019
33.40132553635141,84.8499487687443
32.57295629063577,85.75141597133783
31.277028087739097,86.64031171264695
28.02349840013926,88.84121320045544
25.02165026689255,90.24835583365815
21.38310130958635,91.42923750054015
15.194813888368543,92.85487993410207
11.016679290173158,93.52806924743504
5.076165239799735,94.17320216166506
1.482590005881434,94.38444469922564
358.14358222709154,94.49466768709466
353.434005819312,94.40467283839175
350.49746279561396,94.1888890732714
346.3124781460679,93.69495994827396
343.6690480358305,93.33189667637501
341.1196784346989,92.97942777235185
337.42518892411977,92.43980238254429
334.8674330434463,92.30116314385995
330.8949406142513,92.35970996112279
328.01937053985694,92.44135940050917
324.9836909728378,92.51399225803743
320.0806767019077,92.5435548678837
316.5993451645733,92.7031018777283
311.0840235769699,93.05153404128433
307.1567862255259,93.31634139332515
302.92420999983165,93.49293476965676
296.2330840918371,93.68760912090696
291.8595915727162,93.92868902612781
287.69053658627996,94.12801222558286
281.85339671174984,94.5215625619192
278.23745342208764,94.87350843169598
273.1502932654269,95.39991360884532
269.7725138480112,95.68359624669388
266.332868827371,95.81603973725926
261.0510247303525,95.74770628695828
257.6440976349603,95.54104452393113
252.8974189240331,94.81962902712945
249.9691175842372,94.29546343081309
247.20354000081875,93.83173550689548
243.2885396734065,93.04548774693158
240.78253891280377,92.5706702323434
237.1594642292881,91.91201604467284
234.88138223910957,91.61966425636301
232.5195421094093,91.44071173009719
228.76532719344837,91.37392963460043
225.9981596405174,91.43043268976169
221.49762308993564,91.57511346507755
218.25377943617764,91.54713193827153
214.95607622984951,91.42086281130413
210.06393258454966,90.94677377496069
206.84776581447696,90.45377580063075
202.22444849880165,89.74059944910871
199.19598674600616,89.34692137305466
196.28086973774754,89.04036271192031
192.10824670351005,88.68128814937923
189.39359187647034,88.50309037797615
185.391914092173,88.23666498821737
182.71977402007437,87.99277871570253
180.1161931072096,87.64837268929625
176.2771154192853,87.18302438218919
173.77536909601093,87.02814629687599
171.2747153375222,86.9925012476975
167.43181655986405,87.15682923876983
164.7992129336716,87.375647452109
160.75599424187664,87.69397958414378
158.03594467937987,87.83538818113944
155.30129541635617,87.96316834151614
151.1186598521161,87.88874619127053
148.38076285896153,87.70561945614315
144.28457524460117,87.38744783742683
141.68985295210234,87.19592735245355
139.19107033683557,86.97933271600428
135.47352666472557,86.69206089297313
133.01437729294048,86.53753641078055
129.256654149238,86.29326777073291
126.72689791352785,86.24647582093509
124.18483971400457,86.21439939067642
120.31986451153665,86.03047303068263
117.6630852604575,85.98540306168961
113.53516913473648,85.98845632822594
110.63482821727591,85.90551401765354
107.63742741452067,85.8374574952385
103.07034192741747,85.78285512050542
99.97349890320076,85.74156053410137
95.42778463413987,85.77995740110134
92.50376807040638,85.81320818102937
89.70251732851148,85.91108827415493
85.74443067345412,85.89775957490612
83.26996021691127,85.81430109063815
79.60298588144599,85.71460164571613
77.10938897815285,85.6816045259783
74.60633947674324,85.65835798219085
70.81203848543579,85.61411651942858
68.27906684587356,85.69351100254497
64.46377466968899,85.89660675382798
61.8503607589395,85.95498489598286
59.18256822370323,86.03028010305616
55.11489719837219,86.45541933321697
52.38481797317425,86.82688158558521
49.71687585928416,87.19278079492939
45.84046039654601,87.69162886440117
43.27019879125058,87.91468352645715
39.46557287186471,88.04022396250933
36.953487627782465,87.9536821787299
34.40013657788299,87.7547627248542
30.753173928442067,87.31801170465043
28.419386034641718,86.97210948746697
25.005599844333034,86.30054420952261
22.822201031962493,85.89052933602393
20.66550610938623,85.50910097825745
17.473518323337203,84.96508133282089
15.296879751182928,84.84068236226453
11.741488778442744,84.70027573135522
9.154463217597652,84.67378422674818
6.433124552372874,84.69041482615333
2.1854317462569384,84.57299720449492
359.4713473518392,84.3071522848273
355.6217013860006,83.8823254792187
353.2974887542781,83.73508726648241
351.1276072653427,83.62015008785507
348.018313282102,83.3415570466599
345.95049420047246,83.13763229195054
342.38405667134305,83.04271760493049
339.73446126422095,83.08186300985733
336.9217799644659,83.18514423143431
332.65852787005576,83.7511084001843
329.87702738958615,84.38890047499656
325.7871982740519,85.36337031228175
322.9122021945062,86.3991346434613
320.082166446606,87.75737161230326
315.6159098774842,89.25900644145383
312.4893405463597,89.8209784855024
309.2595992505218,90.29004990527406
304.4391866267223,90.59498623230166
301.31922127704524,90.75562275680824
296.98994177212325,90.86584019051605
294.42916485974814,90.70745898529982
292.05823266155596,90.45375269664395
288.6811981070356,89.94584716198185
286.4976907145792,89.61066108703471
283.20036451069876,89.06916861199478
280.8930265580469,88.76943624924876
278.5774193662337,88.59928989164278
274.99503323430156,88.46893843164173
272.5200609240259,88.46992856335358
268.4395346033549,88.7012083494276
265.23863584020387,88.90995321682365
261.8234538662645,89.01613201265157
256.6723685396839,89.33281612329054
253.3952585866682,89.60610814872412
248.80736611890018,89.66113900884535
245.92288311762843,89.64173554305384
243.20082601088404,89.51545126184263
239.40949355974976,89.38469129475548
237.08067124375663,89.34168856540558
233.70588985774046,89.12255160636879
231.49418429823692,88.95281811772101
229.23647465285202,88.82392262436757
225.83590218807603,88.58483935554412
223.6478421287283,88.27373406859064
220.5195315218551,87.92330653547553
218.52196595706772,87.75858359501517
216.5119458670524,87.65111687338904
213.50623273114658,87.41605412040349
211.49157137960958,87.2630434365713
208.46312451552345,87.08509007528711
206.45018808643104,86.90478844759684
204.40258584718796,86.72468847856189
201.2864585238274,86.39244183094661
199.23223168106796,86.1848813019713
197.21319372030877,85.92379379195604
194.25778135332646,85.55224507866942
192.30679902984275,85.34630200729232
189.3529079504897,84.91880053241735
187.46931693421382,84.56042419141163
185.57706634237493,84.22639030218194
182.7236841244184,83.88397128404132
180.76426248838482,83.71842585124126
177.79787180825153,83.4444850474911
175.78028364216982,83.32105884526946
173.7336830110978,83.24695578468521
170.6857764416517,83.11369187259858
168.6771833743011,83.06707786340401
165.5314822445421,83.04744786730967
163.29662341647688,82.8584597296141
161.0185468265975,82.68409222333857
157.649486692711,82.50421493219636
155.5493553090127,82.45003925657987
152.5690431062256,82.28188532272203
150.65987252956077,82.25299985727625
148.68499319498164,82.23578017247142
145.84141624253618,82.15743984370894
143.9992675027347,82.04228265335627
141.24133176883248,81.97683973439443
139.45492535724148,81.99662660518717
137.67350136079654,82.06350399520777
134.93692748538456,82.07768268749275
133.1132277831863,82.11625746616163
130.35284928251377,82.00477850614439
128.52317547927518,81.93383162637457
126.6800871660963,81.84159111890811
123.9717710896891,81.8077452927796
122.22547654044155,81.8165505513189
120.48467652317932,81.74830760715011
117.92050384808883,81.51157465878069
116.23720009686656,81.23952281443245
113.87077960269299,80.81030061269374
112.38790550828206,80.53619364849007
110.97510370989221,80.40434834501106
108.95084478971256,80.24414879281738
107.6900039125626,80.06180276100916
105.95897500982248,80.01578030890838
104.8446733387895,79.96092389892694
103.8093646261582,79.8408624822856
102.54143450382094,79.48313414553391
101.85456165181886,79.25085884370375
101.1690369099211,78.88552224594066
100.86521029703756,78.60238648102104
100.78074372041225,78.38946436212836
100.88296361605435,78.11238002251314
101.1385707047972,77.86392777764043
101.98028378633832,77.4480882797516
102.65654901173994,77.26146368635307
103.44509641987361,77.09210734922513
104.83943499479822,76.97880946404155
105.99041142386143,76.87613343899056
107.82959433753349,76.72489887714592
109.13100847896528,76.6601433600016
110.534613453328,76.53824361406146
112.72597479940623,76.47882206000139
114.31275800425736,76.42315162796746
116.98082218508685,76.45990307977902
118.87839263961034,76.56431580482318
120.89599493440728,76.73600581119739
123.9752725875257,77.10265661102142
126.09504496868098,77.37996244953123
129.11445885467316,78.12032702482468
131.072841093322,78.66536580487893
132.93441324407087,79.11522495942117
135.80930430159856,79.7176420670807
137.79320312799103,80.12046862693846
139.84087715065255,80.53262606598787
142.96444997656522,81.19956949386538
145.03411309157485,81.62833603808328
148.08250337015437,82.82335588669736
150.01352213240162,83.83166070585347
151.91927084881104,84.66185879240035
154.86136958160458,85.71963453308106
156.7650004625994,86.69418422799761
159.52162173678155,87.7947531589458
161.27647570510885,88.26921961443192
162.96079209632325,88.58569098974912
165.50859789882088,88.82725455132827
167.18924676971344,88.59813090176297
169.72983049300416,87.94314639209883
171.4426962694667,87.60440128572739
173.11949458534656,87.19007321438286
175.54854655297714,86.60883068152505
177.14974861392162,86.15517440634072
179.4192683681593,85.46513263518274
180.80593254595527,85.04218784828565
181.9829504029657,84.70827157676034
183.34799534251374,84.2997394926878
183.91744774526487,84.28114468651991
184.5455836903178,84.3318951690256
185.03002888696702,84.35997841487963
185.62251934216815,84.416865661327
186.5127084379131,84.7598392139309
187.0569103622862,84.93626510647705
187.9705446459481,85.04582889282366
188.66549064322285,85.18057490071946
189.5635074018425,85.29883750814676
191.25856021678817,85.42301015291987
192.8295659326821,85.39564412774988
194.59625918908438,85.3256416020371
197.60859923758377,85.30266640653505
199.8289125343282,85.31817881935291
203.3213899906791,85.2862614753467
205.6833435675125,85.29821503450246
207.9697419118021,85.29490446998096
211.28967391436206,85.20370762646382
213.54412197629873,85.08204537383878
217.15732193297973,84.94831559860394
219.3971295358335,84.8668232299019
221.39175914639097,84.89895597609056
223.65394898208442,84.69601225757712
224.62492251361925,84.46463602791813
225.59132832287997,84.19773369641953
226.08784622717212,84.04930249938093
226.62924636563898,83.8586296131506
227.72499729464835,83.63958312959275
228.62137100110652,83.50524900619908
229.89845952807244,83.42054432023161
230.48270142737874,83.42160422729378
230.8139691390379,83.45581922330773
230.7338558957973,83.46351360887117
230.6756959160204,83.41779007292011
229.89482605605406,83.3937289938704
229.23675187389756,83.38750057760592
228.46599212821468,83.35563572641153
227.3042012890461,83.23756690377276
226.60543270918848,83.17215019917703
225.9241715430553,82.94365121204076
225.91516301043487,82.75678865947233
226.09037525697835,82.55262079985913
227.1228358393246,82.1353773848027
228.09719428249906,81.86498138894075
229.1347227611118,81.51509185205124
230.57094437748344,80.66920428504173
231.27436871864836,79.75537835656576
231.8117276660953,78.28225577859824
231.7628802823122,77.33021951380675
231.40536235674773,76.12985981250335
230.4751626835658,73.96413180182525
229.67780470608974,72.29694567606984
228.48494770703294,69.56096837411174
227.67674671184068,67.87921092173076
226.89580004080852,66.42887797136763
225.71864264786828,64.70244385599545
225.06738565592755,63.786326998747484
224.39195568851426,62.623041277282596
223.99604763098847,61.944460178646516
223.56188317861702,61.2461548050287
222.64705491376353,60.184522013174245
221.82777799093301,59.795841320505595
220.28317374922932,59.50235766353102
219.13721400042283,59.37073807734835
217.97753295870123,59.31310144656075
216.19010473761614,59.130675465138516
215.03369100147222,59.048467108499764
213.49379735319417,58.96282417354682
212.77375581686857,58.85852235852139
212.10506971430857,58.81896281557492
210.85160182955264,58.72581012446278
209.7512024165448,58.69347620824868
207.73439979739553,58.700684487366004
206.17035451534872,58.67706963151407
204.45699594951765,58.671909152544444
201.82242880584215,58.710129185769574
200.02765513988737,58.66989744289368
198.17067208056113,58.64239069484306
195.21324918977882,58.51221053918453
193.16587559805288,58.37046367324659
189.96793159383574,58.2898698006353
187.94785727979368,58.18724673172418
185.92365935205996,58.12962902269587
183.1981825497921,58.171889171842935
181.68093017664586,58.29871667619322
179.85281736413145,58.640355862792916
178.97985999388052,58.88657238555443
178.30973071577236,59.25860740379414
177.6552670454736,59.67247870817674
177.33968631838695,59.92691930859213
176.9276238567006,60.284367560082295
176.6265207728386,60.50109224413133
176.20915111979028,60.738780612057305
175.39447307395722,61.08822828372331
174.6927065832103,61.60821832729989
173.60911084401155,62.54428066873672
172.88653473674756,63.34348656676777
172.21715954294672,64.33414747428668
171.2697656646223,66.12433075805951
170.68342651793654,67.49491210743335
169.92893161063165,69.83554292705206
169.48211170166095,71.3521008236641
169.08900147371054,72.73661844911433
168.7781193739692,74.37984526744839
168.70867109527822,75.44593365224677
168.59949831949265,76.71883406176056
168.6202226856022,77.38381969462829
168.64978387822015,78.01515100540585
168.76701975681794,78.7714964731115
168.83074670024305,79.15061079623645
168.96838814051887,79.46304600459435
168.99717490928617,79.77438091924103
168.99623592605528,79.99864245897787
168.84686487506184,80.23667385811089
168.7852012723479,80.27982627850031
168.78131216925044,80.27223391168192
169.0028000835556,80.22361079870595
169.23817386871997,80.26687933128437
169.78574136368286,80.3198811905005
170.07689564830815,80.31124337647042
170.40847158960332,80.3372587048379
170.87153807925077,80.41448035504858
171.36413864795009,80.42011475221965
172.33964887832897,80.43078397057985
173.2435126444335,80.42762836123354
174.3446702764814,80.4425929906123
176.24499175845975,80.54909879740353
177.5149987591315,80.67735314811944
179.07975751899835,80.83061707932
179.77427774839686,80.74214776768521
180.22801222187636,80.57505771188814
180.56461370883744,80.26219439422125
180.6557571308578,80.13458054597716
180.77452561752193,79.89135789224868
180.77903492153493,79.75835830192223
180.69175098229198,79.6316094907468
180.39539816628493,79.49109803468785
180.13695754357286,79.4051147290001
179.82780823878613,79.28752506615254
179.60416066874456,79.1916946113493
179.4283623301151,79.12033765474202
179.31088599852683,78.95850698887925
179.28913571093688,78.86587430790215
179.33329390239098,78.75107583204375
179.36774969994968,78.64835050632362
179.36448596939368,78.5300624486038
179.20837298872334,78.39182925344917
178.97312811859305,78.26149293195564
178.44889218686583,78.18532789372685
178.0314182070724,78.10907956095643
177.51572344473368,77.99507789228981
176.56640880551777,77.77419566347282
175.82534848615276,77.59325506923301
175.07763108904913,77.42389103940182
174.0157408984778,77.24422904505795
173.25190716895276,77.27818604671381
172.25329441568087,77.34330925006935
171.53517114881427,77.43587955015192
170.8394884253897,77.49258503433889
169.77787881924644,77.5438285412576
169.07225134838802,77.57996688835051
167.8666724819961,77.68226695694558
166.91990446099842,77.8117348209843
165.83434871108187,77.91898221948296
164.01520228712087,78.00729739979857
162.71157676551792,78.05625233520826
160.52623573090125,78.2075578772418
158.83329514469168,78.30696981868593
157.01429571001637,78.43800961346315
154.2752523875387,78.52705476555832
152.4850401585683,78.55826343019152
150.06210553648032,78.60774921999382
148.60430523147042,78.66043382222284
147.25352877017747,78.66111623478119
145.31505699223982,78.57316812222615
143.89268920280222,78.59198722438838
141.61543838840234,78.55196553036119
140.15498233273985,78.47780151096366
138.79035090988455,78.35243594607097
136.97608905448863,78.21928511912273
135.9284233467085,78.1700389327646
134.3490483678899,78.20100931318895
133.38928443527612,78.13875273410747
132.42717551612446,78.05263947414333
131.02499008429058,77.88804365173806
130.1812055455182,77.78291122787572
129.35561104691368,77.73130571613798
128.2178441900694,77.71865297553057
127.60635155767326,77.73290938850914
126.87623763243886,77.78472919064484
126.54419548094349,77.84638458109741
126.39558068450688,77.92142034128442
126.1651634104937,77.9662934517365
126.0389642122918,78.00807706953621
125.99564215531396,78.03352592415735
126.1020850551781,78.01800077377725
126.46184130637398,77.90445331849133
127.26249202142,77.6845203746291
127.91184515797289,77.57976850326094
128.98070872533035,77.44842464660005
129.73936069760836,77.45851843198746
130.56375315843252,77.42632372824558
131.92566311627223,77.33629655840329
132.92551228983416,77.34013662731427
134.5513155594222,77.39624394528198
135.73832477354767,77.42660586383657
136.99934769623408,77.4732829826707
139.06625380359344,77.73316958027496
140.5282200347125,77.94692715453992
142.74448573230512,78.24458920346643
144.15226775921633,78.51566019082277
145.50277356097644,78.8161142758619
147.59546939588924,79.17977622920094
149.0754801038679,79.38979033340573
151.56926972695854,79.67002910728813
153.3437765092525,79.85143320404421
155.26126909030899,80.0409031243599
158.27352238125258,80.35794359828063
160.31656830088377,80.525505920671
163.45625845719005,80.6943045779234
165.52451351483904,80.77151760362959
167.57279880193605,80.80437454854956
170.54586148416104,80.8629288971249
172.53389746816532,80.79573973148982
174.51252077877217,80.75316799448656
177.52284314124128,80.65651868839875
179.4717659366979,80.65882042412879
182.34118066725858,80.61802135918524
184.26616797844983,80.56747382329813
187.01441036853703,80.57044311312931
188.8231354721201,80.52427329210103
190.57919599605725,80.36690574452446
193.11484921578244,80.09399603814343
194.78262730818187,79.8967468329252
196.39089956299716,79.73041695140383
198.68779808344493,79.63402638801428
200.14273785529505,79.68694159131731
202.20726431784226,79.87828144430975
203.70205434036603,80.09804331552213
205.2882710388122,80.33427632761935
208.00977679812522,80.66912812703325
210.05871767504786,80.8590938948797
213.38516464370204,81.28346746843533
215.78300340628388,81.5509730517323
218.40415741666476,81.74956479280576
222.66425202678144,82.04482736077748
225.78608991397323,82.1859473760517
230.6414820493063,82.38338422036418
233.9226423077253,82.49679653856936
237.24788736275912,82.70757778679496
242.43025981859498,83.11758792258011
245.8015187585781,83.4859034688104
249.0180485603821,83.78668645333904
253.29960228525158,83.88589005804695
255.80939891359242,83.78511839424826
259.1085977985136,83.64555146249504
261.1834457338599,83.52228001760625
263.2217862051119,83.34897172918195
266.0568517587007,83.31494419934359
267.83916743778843,83.2159711290174
270.57451161571066,83.43464207265964
272.63026979079433,83.44936226506496
274.8386082997581,83.13628674336863
278.01528873450394,82.5848856244678
279.841411169774,82.11022758177852
281.7426189420086,81.31727568315046
282.5257984013789,80.74584221518997
283.01132056118433,80.25895676098183
283.68321492418784,79.54371037943315
284.2024351366288,79.08538731397948
285.2150469936641,78.48903352422282
286.0452217325246,77.99493741804994
286.84656319311256,77.55971678501923
287.93278587392405,76.91106173107661
288.37862809602103,76.492906380809
288.56211838167,75.96935296528247
288.4966125111477,75.92562959989866
288.3845159736168,75.68141419314206
288.0323567794145,75.38628946030931
287.60113023167855,75.28557391778395
286.5521984230195,75.41839154250152
285.4084746913975,75.54556014409712
283.9932193462083,75.80788561178571
281.708075535983,76.59743268499577
280.25234757457014,77.13180372612412
277.7965019568437,77.79838153083955
275.8468176413418,78.05293950750345
273.6689760050679,78.25625957487442
270.20929704987924,78.55533026385964
267.7845144644936,78.68012752119725
265.24818335164383,78.85072072408994
261.7081228576483,79.62040853810267
259.5985601520482,80.06137446044687
257.01002228972936,80.58271249529633
255.55992404144297,80.86887043044199
254.10584409858973,80.99663476055058
252.03144806651557,81.12208848594355
250.69546022104996,81.13478317009823
248.912421003983,81.23885737689471
247.78995682780453,81.22212826520037
246.68366511820665,81.18961491619464
244.8908080556069,81.26696074274614
243.52706959750208,81.28258759038468
241.20512418613094,81.30966722784906
239.52549346164142,81.2581527940554
237.79565923778358,81.26222402909136
235.07079145506253,81.30459830661836
233.15749253602806,81.42325785074928
230.30961970359806,81.5256183343634
228.4539939036527,81.61568278129819
226.72029253868538,81.65739135257024
224.26204693253544,81.68100535018868
222.72978355154635,81.66499795217592
220.4315319409024,81.72974577306466
218.88460609483928,81.69814859411576
217.30858968472245,81.58674922859328
214.9620962882356,81.5277573081391
213.37151719977547,81.45085400095702
210.99192337622938,81.36312245642178
209.4978262296192,81.29030710793967
208.0502417594036,81.20194029965764
206.01080093794675,80.9508164588699
204.7153979380735,80.76894312864451
202.80222234092784,80.43009046750666
201.52339816041888,80.14421776381486
200.3421118589121,79.82979852299086
198.68676258174924,79.29825806187732
197.77789712923507,78.97124836800562
197.0348908166335,78.73271159723627
196.313980823999,78.47721777073308
196.0495654434783,78.41103402920236
195.9234437932232,78.43527428791093
195.55476901912843,78.46045707789155
194.8795553064416,78.48298023319596
193.28915699642175,78.41868593704996
191.8312930947582,78.41654308331866
189.13972541202318,78.35448598092594
187.1002935861756,78.34245622815808
184.91375257679337,78.2335040834652
181.64154887833698,78.18998428379807
179.57535417066717,78.24460708519274
176.8998365594072,78.37528110795343
175.395556673168,78.45029549045483
174.10640094535387,78.49206256942672
172.7138212426286,78.55338100615018
172.0860242530073,78.6316051308212
171.51519676348832,78.65406647767321
171.31972388614432,78.62171219790882
171.1741668407274,78.65215549537793
170.89973034764012,78.75434182474599
170.61779847275878,78.82529133886116
170.24927775320683,78.90247825276069
170.0851973560137,78.91637952850695
169.80793783117215,78.96174946246613
169.3789701254258,78.92182241602468
169.0480407689505,78.81481833029896
168.57045579244962,78.67942471191436
168.35362340092948,78.67059758586785
168.1812911921177,78.68884570728312
168.01532334658427,78.75298841180268
167.9663702532339,78.82795734173408
167.9535953154538,78.90518083131118
168.03317302025724,78.9985708004037
168.1298662930063,78.99970238855403
168.41848706918614,78.9307308937129
168.67028314748933,78.85557518286343
168.99898511300356,78.75823871170427
169.5106762655351,78.65476249935429
169.8576265312274,78.65425243341745
170.4986944959805,78.6362989274734
171.02789876282273,78.61266895246848
171.69008845234944,78.67963362321267
172.96871802992055,78.88706607143773
173.98545875398293,79.01429956525917
175.60085422082588,79.13292236658071
176.5983843215794,79.2448415022262
177.48633720755728,79.35763600313487
178.66980575570074,79.48956440531852
179.44832309525393,79.54260853329278
180.55637207103325,79.6305695470239
181.3377006224311,79.69866205447727
182.23819857216412,79.76197763001909
183.66600922023667,79.86633434866795
184.70683390230985,79.9107909226418
186.39610487914763,80.01520205732699
187.67462041726182,80.1324893481153
189.13840071750073,80.24328563671187
191.6459656632547,80.39524291004408
193.44223931552844,80.40799175985255
196.1856032676474,80.39346841597859
197.98140474311032,80.36825321698406
199.67137705419697,80.35880764831491
202.03523933272444,80.264227643189
203.5124682852868,80.23944484776483
205.71774871326446,80.303093906745
207.1914419441898,80.45101587682888
208.731769931948,80.56340115781575
211.08259540686151,80.73248871826475
212.62152966418336,80.88239333941347
214.06164494525595,80.92187867023071
216.1301519537042,80.88858101482639
217.44917161951764,80.83451559617131
219.2642669789635,80.57528161600224
220.39672934916757,80.38334061259718
221.35459502327444,80.22739879904596
222.57283713024103,79.88836630232716
223.25802100241503,79.61193032501875
224.2607057354534,79.25031671298605
224.9635191563013,79.02315713845479
225.78132979212774,78.8057668135253
227.05679793600734,78.62882385468407
228.01495251411296,78.41849507203145
229.45958849257886,78.21846712309225
230.38328072053977,78.09847261239423
231.10556782021425,77.96034634577461
231.8468937400781,77.76986683325849
231.98820122215818,77.64756359141683
231.92735875356453,77.64113499590272
231.9120792397023,77.62860990095285
231.7946520901454,77.6826956154346
231.54918580061266,77.84669768179138
231.37980164540974,77.9477036703168
231.02211753721832,78.08065710602804
230.7705964527591,78.1375380064579
230.43271437066704,78.13353258605254
229.94165110966878,77.9970528267591
229.5910458390009,77.84892367983477
229.0208651595888,77.41969303138035
228.6065716040469,76.97437154696021
228.09696532621498,76.3714699150775
227.21947665509464,74.75864952924857
226.45060312302803,73.41200097865885
225.46405171713573,71.92962827869772
223.65670681657008,70.03080767392464
222.14198861599036,69.11112096314166
219.38486596987565,68.2836073978647
217.3709894712244,67.88493386654966
215.3274606199062,67.5912018376994
212.3041836348499,67.41018903949012
210.35001491814342,67.33148955751957
207.29167950618566,67.16826134996248
205.22368731647376,66.90464746193862
203.13983827673292,66.60355880872346
200.14234802288996,66.33390595189876
198.38111546726327,66.23986636967525
196.11321762450547,66.23027955189811
194.89861139718323,66.37163581503188
193.83605169225598,66.49737420402023
192.70297847644855,66.62755406277202
192.13262162913017,66.7535191319696
191.22998960591744,66.98027450397048
190.67194208921705,67.17631256928625
190.1517452206534,67.43578906793688
189.36261270234706,68.10429791603346
188.91994394061217,68.69166998192222
188.43257421451148,69.43559106438639
188.10881932691402,69.90589882085243
187.85392775726223,70.42165014701133
187.5787950451099,71.19708963812943
187.46635497938834,71.73577792896376
187.35408567623188,72.57917905543773
187.33447237675793,73.09407458845715
187.28148204396294,73.65247209997905
187.25802831851072,74.57295211374394
187.27547017503449,75.1863881125256
187.28739583265823,75.80157245706869
187.33317333109224,76.8819128593426
187.39009293476386,77.52842428508686
187.45571437815005,78.33967902661033
187.46603621105317,78.78228655084524
187.50081372809223,79.15131022363595
187.6044920746811,79.39648929429613
187.69690225173838,79.49275573732287
187.8820284171486,79.59006590639608
188.09374551389567,79.61760314032777
188.40340531549612,79.55204172727677
189.0580523605705,79.29933570433238
189.5007298365351,79.17804459638921
190.2901991950676,78.9167574951853
190.97250635633202,78.72757250099426
191.681839826613,78.61181274937769
192.88315842194632,78.71945104775912
193.7702849270059,78.79482892574384
195.20865975945165,78.95540983578115
196.27522889308239,79.04659588484219
197.43410046965676,79.17140050852629
199.34257365240657,79.40415466894376
200.7337183245225,79.5760045659516
203.0375596310298,79.92111997126078
204.69769056345368,80.11495046302241
206.40071183671978,80.3022039656647
208.9299870869087,80.63514237349578
210.58845617392623,80.84241760531043
212.83043061469652,81.1407439660272
214.23631984797225,81.34419222399586
215.48048260099932,81.54095972738102
217.30620090965596,81.79377575432596
218.41093256868064,81.89683557200476
219.8446949993742,82.02510239280329
220.61203738951045,82.00223956445477
221.24098870826344,81.87507031925568
221.92095678508556,81.60598693205905
222.22284875549627,81.45327338348623
222.46256670918433,81.32004584384906
222.7688939802646,81.15385473310674
222.9820752468794,81.00939282970833
223.01579041920735,80.81959676806468
222.86799526628405,80.62098765090016
222.1356523707304,80.32505644066586
220.407435670613,79.92729411220736
218.79679490710788,79.50898823641587
216.13617950838363,78.98663813653744
214.32438146965444,78.83479598612531
212.55434877240265,78.69576449282815
209.99782679862523,78.46158526324555
208.3464011273907,78.24919471626055
205.91084800419475,78.10975861460699
204.2569938728315,78.11812671230736
202.76663910955244,78.11913054891755
200.58862133327537,78.04896230589976
199.28211345174276,78.04426380056582
197.54625257532754,77.9809768016378
196.47162357953385,77.83685713515506
195.4541040806939,77.63121318207865
193.95287972660367,77.42714545864307
193.02097038110827,77.33207007460858
191.52208653577608,77.2184692857182
190.4784528013855,77.21465619842112
189.46733815342807,77.24271057288603
187.92909740233068,77.23792708135258
186.87065995553425,77.25746513089884
185.28540284591526,77.34698548633978
184.20068191895166,77.36285595746627
183.22906168154816,77.35182192639276
181.83317808762675,77.46184711841917
180.97053535371302,77.51871438325566
180.2087468018448,77.46908467871651
179.07485908667664,77.39167921791555
178.3399927499471,77.30171232787428
177.31296690522365,77.1311470663571
176.65177355719987,77.01744600045606
175.9788403768226,77.0127675818765
174.97049229601262,77.01277851734898
174.33564912084444,76.99083074379494
173.31962884225018,77.1883187616037
172.58330551962692,77.42376369277095
171.77955848765743,77.59894268123438
170.4645268034767,77.78273297509067
169.5726353044823,77.85913065630047
168.12363724333696,77.92816554090021
167.09751585509255,77.88013521023096
166.03228896384806,77.81329531388093
164.16287220235634,77.80022338274017
162.64351485469837,77.82649667206229
160.1837377289243,77.68483725856339
158.47102346834322,77.53109355273058
156.76518082484316,77.34530373437427
154.3270076687252,77.08877010102779
152.6812804965496,76.93646648645405
150.47529545189366,76.67965888336836
149.0940871927956,76.54415464780378
147.81129143936303,76.37627823224196
146.11016473991225,76.11888547280321
145.0906466416699,75.95016309044269
143.5204052754816,75.78632636360547
142.48353888730173,75.76170572274306
141.45876761543067,75.95263623428936
139.98736044548522,76.50991298100556
139.19854902922845,76.917642188023
138.18801519168196,77.51363098257933
137.71918379395856,77.89368042903308
137.4060879433759,78.2345123145471
137.25118476771945,78.82605935062655
137.22991771838903,79.27177465414943
137.23711707019365,79.73446373724205
137.30488812001983,80.51312057270567
137.31531712364722,81.15085033276564
137.25339606870784,82.30091305932936
137.20236377695073,83.06372357103007
137.04889825192504,83.7825374012953
136.9799762025395,84.59871397799122
137.1039012013057,85.02636314533723
137.60122728852286,85.28632786195534
138.26393360532717,85.30292990420432
139.15194763484567,85.35941209196767
140.57732127896315,85.49762427692036
141.40558983181538,85.58723775279105
142.32795302624447,85.7932352817955
142.78505265428794,85.83463992608678
143.18494405833246,85.83693425547789
143.78827391245412,85.81315974040997
144.2660183862531,85.79439592198857
145.17435548968987,85.78431550063546
145.9823359233465,85.78927603032355
146.911610451718,85.74551435600752
148.5388078660482,85.64000075239402
149.69639470737994,85.51890078891807
151.52858681585803,85.25527743563717
152.74307123877017,85.04483440024983
153.96973013860446,84.84537761140484
156.03114271396174,84.51446631100119
157.41513813198378,84.42114731306204
159.3811377794882,84.32336660277198
160.6171613434862,84.23999243838225
161.78622612176142,84.0976561444617
163.48717061891446,83.85275437185255
164.59079103082186,83.7154257501463
165.68291501706798,83.62118738640372
167.37962671963996,83.45514211696882
168.4748671780897,83.36526156645336
170.0099489976596,83.37642467305787
170.92424117850547,83.37959159780499
171.83409314854805,83.37204924527468
173.0157526148885,83.44268959611915
173.72370717273947,83.57699012579408
174.68467572944218,83.75433266631836
175.2639567824611,83.8449593367413
175.80582449382806,83.95884832070972
176.64580996317994,84.13580558584871
177.239495631896,84.24268387387765
178.17134512819112,84.256901034549
178.8325689790727,84.29436393044402
179.54655569980181,84.300486950446
180.7846435180154,84.28286622517892
181.76801846285105,84.34829895747828
183.72289023253654,84.47461638880998
185.54303084209204,84.3499274720905
187.67774619452922,84.17988553111525
191.27299688807594,84.19725892164621
193.88819236170045,84.30238132708939
198.20831394809125,84.43146925545165
201.245353835461,84.59533949783325
204.32135029261397,84.80005525414211
209.24932843603418,85.0399200655991
212.72731568678572,85.19261333587775
218.35761936184952,85.55417002284037
222.165148568735,85.86483321189792
225.9103388751662,86.19698146823269
231.26080431315125,86.77297953720523
234.38232767470305,87.14466309078615
238.21284033078825,87.44580882028643
240.04860567038756,87.31486125035437
241.3619948932982,87.07253861680157
242.7383012150167,86.56342861440822
243.35481513740152,86.19512911255464
243.93200769797363,85.78195736944888
244.59512541153828,85.04195064367252
244.96060262466074,84.59072293370313
245.31282268989918,83.97748026563521
245.55129919198288,83.68364534129987
245.76017424382968,83.37920887809796
245.82567701751512,83.15428952700621
245.7534804844793,83.03408689557705
245.41329421571567,82.88800202327651
245.0056567706966,82.77230307119096
244.5800448248983,82.57822709016162
243.82509506885978,82.45833568510959
243.1913089744962,82.4763909166162
242.2564734108708,82.19677985369361
241.78778647167852,81.92566773226477
241.5316037144772,81.63643826004733
241.69279043765766,81.40919041558084
242.13198355272414,80.85393474757858
243.2606883588511,80.03126068303786
244.1653856193799,79.89704080845985
245.12900019358028,79.91578550019216
246.65271464858137,79.88742847062684
247.60831658162306,79.91717106311516
249.211159898323,79.94941153352251
250.3949396479829,79.96957675670878
251.7036670164092,79.95415019437435
254.0646682580325,79.97072433972082
255.8071506913756,80.03411002266493
258.64529389005276,80.11766776951032
260.6242726008337,80.18002200048173
262.6629233023757,80.2878315901537
265.72097328056816,80.43717267390747
267.7458224303557,80.49298471824736
269.76071511778514,80.58835212494716
272.679654293977,80.74404089042766
274.58177185328947,80.89564282289837
277.3551190480775,81.23399047015474
279.0755508288254,81.59012798443162
280.70393713344527,82.00285475645867
282.9087910884241,82.71680550946195
284.2861011141704,83.28244771305873
286.39687517688117,84.17367067166245
287.8138535917986,84.78014625606608
289.3463733785057,85.3656222715585
291.6137409588508,86.2667136361494
293.10504785926855,86.87381642209036
295.22599064973065,87.71272970769932
296.5503881176346,88.12083043072113
297.8579311662556,88.49141538197942
299.8707791426392,88.8231638293388
301.27458650116506,88.91170799824756
303.4970798006772,88.85477690996925
305.0269094479767,88.72665351022994
306.6017186765846,88.60752879875648
309.1395657744538,88.29792566651507
310.8733057226856,87.94072834479046
313.36746892772317,87.2392611547568
314.8990444690977,86.65857294549089
316.5200748034986,86.05328796175911
319.0196377965642,85.09618547459732
320.7338672278198,84.41381177640305
323.2609449513841,83.35673383239802
324.7229152255225,82.61229193863194
325.94366938441,81.86028142926801
327.20054012355183,80.88597433279502
327.6937092175875,80.48885240602503
328.06577623832754,80.02345929124634
328.13473312360435,79.88334819236883
328.0164801402408,79.8100531789186
327.3811873341797,79.68482124279522
326.5986570783902,79.78612954270366
325.6829193772237,79.94676056196816
323.8316114567795,80.0404006711987
322.30392400814867,80.1255015003003
319.6873809646045,80.35316261464075
317.56237164056887,80.48304152427397
315.1414723459676,80.43161816441368
311.25211308309883,80.08088898256989
308.630081853306,79.8933640513708
306.0591602424565,79.76390924996767
302.25474328135147,79.59602286178895
299.67102389897866,79.46637042615743
295.8612425385838,79.647346259307
293.2212700137808,79.73075228165703
289.0721867650325,79.84180176992896
286.0190871845888,79.82941265178677
282.6858207362368,79.74933422621731
277.51467797982735,79.88819085279542
273.99997091524887,80.07463208004705
268.71992089060745,80.32252458806846
265.23416670637647,80.49430948845753
261.5923758169285,80.54659323720908
256.4294355655671,80.62825257050517
253.22773389603122,80.57838843581507
249.00725517112417,80.51619248220004
246.55355359183392,80.4175714762762
244.42428775001434,80.33117616769604
241.85480725808105,80.1859046496084
240.6710955007497,80.19710215505195
239.84774068368125,80.1982822270628
238.3765344507794,80.11578638879305
237.2549625482497,79.95015072058335
235.1876850312556,79.66483776852517
233.6338108575998,79.46963075270814
232.09513816702787,79.24375510256962
229.66721040499792,78.95136213590337
227.94394095055932,78.7324263539222
225.14185104379146,78.36170451169062
223.1828839396802,77.93308480670075
221.19048604597248,77.4272674773394
218.40564912540512,76.82832606676858
216.75841952651146,76.66058611737768
214.48324712018035,76.43286356362694
212.9544056195002,76.33159501226447
211.23816630552705,76.25718898088007
208.49406359480508,76.15766777856165
206.68817924605054,76.07866377359099
204.27232712669715,76.12214832821773
202.83079608622148,76.31267804919733
201.427464429572,76.54707391131477
199.29468048943778,76.80310080795297
197.87730842042942,76.95703328189336
195.82106058753533,77.1760274802449
194.57056967282332,77.28540366532968
193.47698971195402,77.29466689917597
192.24126125158728,77.32798903443128
191.6644934545371,77.3423357732895
191.1359453965441,77.2135900649693
190.83717260126542,77.20475619412093
190.67291632562433,77.24217984122096
190.3821085408926,77.25737988509216
190.12866347298086,77.27271072457097
189.66675995679398,77.3266338927024
189.40907205080944,77.32888242546235
189.20544489731168,77.25317918840892
189.0923685176117,77.05046041342953
189.12561885323385,76.7855181736936
189.27243399376232,76.49848808568726
189.58414124262575,76.19653182305211
189.82974842947038,76.04559941880862
190.25530464228888,75.77751003563615
190.6514045337048,75.50735332860725
191.0654647019935,75.24900639562325
191.9979934166416,74.88646326671106
192.85569177750358,74.58601511086837
194.491803391938,74.03732588469187
195.80932034638795,73.71141755567598
197.49062849913156,73.50495750202808
200.50463535599772,73.38079435616183
203.0115544477395,73.49421134454602
207.48892172481382,73.8567108114386
210.87491941857115,74.07714061043521
214.5098837877013,74.2589833262651
220.36996356841496,74.47920630703553
224.5229937710644,74.68864375677879
230.65717470716365,75.12019970740491
234.69192719283555,75.31562808191376
238.61229914476468,75.57615132924971
244.256009576332,75.94746139688279
247.8226464506564,76.21017104434677
252.80117314587517,76.58557366551486
255.98598920086792,76.87011014453881
259.14425391550634,77.15987724711967
263.96895629093376,77.62130461337722
267.1560565115047,78.08806875004032
271.860278366847,78.83578894713712
274.8420284223471,79.2598783737334
277.7752415608711,79.69720928824584
282.2009355341851,80.25577623530528
285.274426947837,80.54881450823606
290.0097999472616,80.98264829778311
293.39992887751305,81.43418714502324
297.29239434684337,82.34234296358231
304.2710824225071,83.99041484572902
309.47985438952253,84.81566854252816
314.6169806444998,85.42676609022082
322.01225591949526,86.04134598569574
326.5196881532762,86.17868454546382
332.4675326743819,85.88525844370405
335.754104986996,85.66566478250685
338.6238837374964,85.4062299310239
341.9402649872726,84.85495285646013
343.6571969785149,84.5797674161421
345.6745473764279,84.29247233900577
346.7479379575227,84.07309189496492
347.6840289415781,83.86686482543709
348.94556447676956,83.65369173441437
349.7259923750836,83.63127188741113
350.8864156262758,83.75310904985885
351.55668659300784,83.91405079376135
352.10251208977957,84.15143351826823
352.6799777518306,84.45896598532377
352.8362294382608,84.67004474630198
352.7387387036011,84.81517556152241
352.49626677200627,84.95089760471245
352.0333883225235,85.0946460163851
350.9551392249108,85.17506354326699
349.93992535396046,85.18644382710588
348.0087616258853,85.19052824855349
346.57970806584785,85.24534118699515
345.1142200290907,85.27735692734107
342.79847456021616,85.28721410996742
341.24388068292933,85.20427166928776
338.79782469084546,85.17878854539629
337.0675774990624,85.19294414682895
335.30853991260597,85.21190132740801
332.4623200155156,85.43273151567742
330.41884639245876,85.6384294830608
328.2005311160856,85.89879355352531
324.3626621292764,86.28488041743938
321.38634669420054,86.38009508111394
316.05813420800416,86.23860310468152
312.03595076268664,86.32023885462795
307.68088226182095,86.4547064932078
300.71975881928586,86.71764647537196
295.9548471394425,86.86547190305284
288.68980213632284,86.90123505954533
283.692019154096,86.78481830285726
278.5630366616688,86.46774252673212
270.67995964838974,85.96309964566909
265.4413199724934,85.59130927876926
257.8562118355199,85.32508169434124
253.10717536143977,85.24123593190257
248.4334696038132,85.22863814235376
241.44112147290613,85.1944285909572
236.87021387608215,85.13236596841408
230.11165568568845,84.96080040568266
225.770859677117,84.8173086710178
221.55745115067586,84.556000944949
215.61034910930488,84.24520319187738
212.05817253252673,84.06747502829704
207.4796711315624,83.84029127637922
204.87662213389697,83.67771560289196
202.67343947864376,83.44107608732315
199.93333161949033,83.02546992477752
198.39658540823237,82.744884637136
196.48728767848183,82.34148122216689
195.39919450229172,82.12269625728781
194.47445542222658,82.02880059226487
193.3098726389624,81.94489535602783
192.74155628256912,81.77225170426087
192.14246416943044,81.42137136285811
191.34759241906315,80.93479777800034
190.84758762512365,80.69600495800734
190.16022854984936,80.42873914333828
189.7937986218176,80.30328062509606
189.53208599316713,80.26913664605492
189.39170732672352,80.25724655558844
189.34723242405897,80.19355020329677
189.29840691964333,79.99124554359057
189.29821159901852,79.65065087182835
189.30130845727254,79.2028374171424
189.2947676798307,78.65996269730526
189.30509666296064,78.5112576236331
189.22511973852616,78.42177521604637
189.06040236753643,78.42541610328455
188.7847570599532,78.49883270044154
188.28370395458597,78.72073190722872
187.88328224922498,78.89767875083838
187.22878810269376,79.09291865546419
186.69463654760193,79.1883792778709
186.1817450186385,79.27822564073956
185.35736613119022,79.3803419011508
184.71978515071996,79.4251511990587
183.5910729529103,79.38015233709025
182.74068171805646,79.33912170145622
181.77603955723998,79.30106943737819
180.17968669724274,79.20575790592363
179.13201210644414,79.11703071320453
177.6472258293283,79.10691811978995
176.67306933751038,79.19493938971621
175.72378463486942,79.26019968004243
174.44834263664683,79.35498978226009
173.6758619664527,79.43348763992417
172.6515919224726,79.5760372180142
172.10440915910073,79.62903009823684
171.67749000550918,79.67799448487183
171.1941244755176,79.76717187757419
171.00448242395527,79.88932685959627
170.9420675187014,80.0813261098335
171.05715822526608,80.19785105185667
171.31800417234442,80.10408740404466
