177.12589482268282,89.11188922573847
179.64607609155684,88.81112624320654
180.44990989272927,89.00931382319168
181.00945778832664,88.88415836259855
181.9477843353943,88.64765682402734
182.78392667871574,88.8274601102104
184.0368484578994,88.8941935720755
184.86734999870822,88.89608817676181
185.72924353406327,89.08756362632992
187.19162981515237,89.54368470065923
188.18324252589014,90.01056457048631
189.41035240567513,90.55126466492588
190.1312804867018,90.72070513144307
190.98829037551837,91.14994725665466
192.31473109554565,91.11663430359805
192.9480676236746,91.10461948924366
193.44878043559902,91.78607732626837
193.47230173706868,91.93504677178869
193.29495544069147,91.95801227510802
192.75396890556001,92.19943363834852
192.48727129485528,92.25047645493926
192.2058509309676,92.36857031505447
192.09682818790492,92.39336697410923
192.02449009132187,92.37848607527577
191.76950925730932,92.3691476488033
191.29979545977613,92.38268608373356
190.65622727427962,92.35696538463985
190.29583329951453,92.20077582545582
190.0542265526396,91.9726714154569
189.8498449214417,91.70885973907329
189.62868927515953,91.51123746420689
189.33157755093472,91.25411081401913
188.7725195336093,91.38494540567515
188.08768394981664,91.47013808873487
187.1265489533206,91.35512598832423
186.55482839803867,91.21294717040408
186.03417922822635,91.20551657242082
185.35162880918148,90.99059650828886
185.00881762912687,90.94019904016673
184.12592044667878,90.87996826832247
183.46598648379822,90.68066568371127
182.83766698702883,90.4447479689056
182.55531079889016,90.7592567736751
182.3786669680842,90.63746152951867
181.71616831828,90.63027194755547
181.28758569884857,90.63271454694188
180.9066292127356,90.66189746944306
180.55236277387743,90.86672107935593
180.47482406436208,90.97502205891266
180.14851115877238,90.96884813696201
179.71256899707734,90.8966564582538
179.31628244776368,90.74294080908135
178.57492367630468,90.3486725546894
178.04472335697662,90.0043228182296
176.85432232476683,89.37094840720428
175.861931393359,88.65359394963167
174.81990436455519,87.40347414045134
173.3652299727011,85.32423816055052
172.3094810071151,84.15074171034797
170.31256612373852,83.43361294133788
168.4131075000938,84.11964155933751
166.194903984066,85.40746338457288
163.30923302608198,87.40928065760471
161.8027566143702,88.30184532421414
160.28592738757823,89.37995069971272
159.77781916342127,89.66225511479142
159.63606377433507,89.63310536419573
158.9279808806416,89.70974086046107
157.7476106820983,90.38385792881627
155.63513811270371,91.65627320728558
154.09186960000204,92.51542056885451
152.37728653919527,93.25024842823665
150.08011651387272,94.0568603743788
148.61484297114274,94.60030280680593
147.39241905223915,95.0691593035414
145.92965531875862,95.90435071762235
145.11414152852473,96.38959678407787
144.89301861721214,95.88480266933232
145.14075906177635,95.8883774689255
145.20547002761327,96.10286358922185
145.20674909017265,96.26870873796341
144.73372054678657,95.7162739213818
144.71234938397737,94.32931289852957
144.43124945951362,94.4003748793153
144.13539423562966,94.20873017609509
143.26042289360063,94.49260487084042
142.32281863965824,94.30973222832023
141.2963877300445,93.86633475061468
140.7386170353245,93.78161421030342
140.18240177846639,93.98292790442648
140.0746905568243,93.76958243402052
140.36506917067086,93.56048973276486
141.43451757736386,92.32427962664043
141.9488745985816,92.31525389259512
142.172884072412,92.52199314197611
142.8604372678499,92.48575856824297
143.51727575330477,92.00336550940439
143.70839634657898,92.10861503073114
143.9720604553276,92.23135611630867
144.4790347332691,92.94791792077677
145.2545800151426,93.32943363435868
145.32516118752554,94.47028304147472
145.38521260789807,94.36982069563386
145.14933126056513,94.54215497239358
144.80972035745177,94.60771068875441
144.85248185927998,93.70739741674313
145.77366705958696,92.91240755907329
147.1713371036274,92.39666523254009
149.66283644097658,92.59405899332552
151.4205209667442,93.0113459296602
154.38390705644045,93.24529222568053
156.5629532372423,93.54337595601136
158.8333142561573,93.86746891053765
162.4611844419488,94.29515828513391
164.44746002177922,94.58829368294803
167.3161646744279,94.52194330287638
169.31115448894076,94.79547521715243
171.0014772141394,95.3495098777559
173.03742760323627,96.14034953253325
173.9954089001689,96.75113302847357
174.88048349330077,97.63756947107153
175.3090773591947,98.19952399247732
175.57083970750688,98.68760318482833
175.78694669961683,99.16322613869303
176.32675096504894,99.14438305108511
177.04792484189295,99.35050784283366
177.49748750735188,99.79125153238165
177.57189742753835,100.55846943729553
177.43090557504473,101.16691952949822
177.26972657176006,101.25268883636622
176.71778308669028,101.52340611338435
176.30180282302345,101.60405477067303
175.98224997397065,101.5041470308006
175.83225164233158,101.2462318816758
175.79880414604784,101.1227071862903
175.99171373517854,101.25995263704195
175.992793698995,101.19141796602597
176.09847259442935,101.03901040665225
176.2256802793268,101.06693060408453
176.592628908921,101.04550458205615
177.58312992879138,101.08973426090431
178.41440042436818,101.24173317881441
179.34765596485076,101.4336396061646
180.24314526753452,101.48952434532688
180.79344763803024,101.59563842442593
181.43769819365187,101.78572281527705
182.69873039577365,101.9945942142887
183.76149975699906,102.27843909675653
185.64464888019995,102.9841893247393
186.88838226097585,103.67502317068684
188.16596144711056,104.32162408350055
189.92564637950403,105.20107257560947
190.99346111478704,105.88772069946954
192.66496392915084,107.13816672843869
193.9763891147338,108.3010821809705
195.60265787912692,109.76977472438084
198.49086393551426,112.77362738616904
200.81714260084954,115.02855242166189
204.339374126148,117.81299504888932
206.51471474291796,119.21908405484382
208.6283520642341,120.40816704948713
212.14189571165352,121.73203915044445
214.8405118495645,122.43110691173123
219.21958306645192,123.58419751856107
222.08298819903044,124.35659729496977
224.91322312648356,125.15607726014287
229.07626916556046,126.04147860893377
231.70055836232163,126.40777881697159
234.8976073215504,126.90594140492254
236.5264886979735,127.03633353302098
237.78234047172646,127.22241508928258
239.18876380084623,127.39987339466884
239.9303277192422,127.36502023310607
241.33395643812185,126.82907129978524
242.32423623605973,126.40481102955033
243.5232866969448,126.01577089341319
245.58266902603424,125.4403628742945
247.2144483672363,125.22958001296351
248.79577786873082,125.16844256799257
251.28297794862388,124.85412581768705
253.1693924335916,124.56273893746439
256.15698421608295,124.00603916005002
258.14811216287524,123.62653586945707
260.5717030350081,123.39588647941218
265.63978334185714,123.26130250407824
270.26249913761933,122.99994205218715
278.62710253970994,122.08293851713998
284.78377996187635,120.850975886053
290.9936374151995,118.80414604084304
298.3970128953476,115.36205800115921
302.3775589877605,113.0583401177824
307.51851260138227,109.37592562472554
310.2662741927955,106.63618142933316
312.2655760282588,104.02290687120136
314.7863508029741,100.1280417413513
316.1793905169545,98.06478985264022
318.09005765451013,95.25469302031718
319.101803310513,93.96458462529824
319.95827810820055,92.92612828288665
320.8494665244966,91.65577881759435
321.4469259298257,91.03405491549961
322.14873969568123,90.38973264777505
322.6131525129613,90.16924987606978
323.25768641320656,89.87440494032944
324.3512507517513,89.57577568007243
325.31834141047443,89.37620008175767
326.7411847107643,89.13130993929796
327.4429226456557,89.0115855892928
328.0088948075679,88.77738666691587
328.6151006021429,88.67828494215973
328.9810308541398,88.48641613138528
329.3791126242162,88.18691771143232
329.49609073637856,88.17953845041593
329.609014335049,88.08666952703956
329.3606224270439,87.87246544652993
328.9893110866424,87.60123433079686
328.43014777812346,87.69984775089128
327.4223524065681,87.586471849408
326.68970983351846,87.70635039237112
325.54970185581084,87.92593828690853
324.69320313427056,87.75694642347476
323.8152505300561,87.69027924364778
322.6946033560258,87.63233812011224
322.1497716860624,87.29806242183162
321.17775906204804,86.75451259376565
320.442346047264,86.39573676596441
319.7084526546354,85.93455764129767
318.81324413497373,85.3518693052614
318.373422241699,85.10804040077606
317.831365791938,84.91671349811948
317.5872920834883,84.74806790884533
317.35806544012416,84.59500099052333
317.0543990886925,84.39247157618155
316.9029718816495,84.34394971714364
316.7602000724248,84.26209725972522
316.68243254641504,84.2264005591578
316.52055890757174,84.21634134363732
316.2056626767477,84.307491818127
315.9971803897613,84.39419583355966
315.82451161643064,84.46138482843041
315.75607564318176,84.46334723557284
315.76483048298206,84.41608832684501
315.8752773650129,84.33377972439888
315.93905858157865,84.28440158785443
316.04570639418324,84.29545576281194
316.09407775615034,84.3198139328715
316.0073691085831,84.39480992932342
315.62459115924395,84.72578756738794
315.2499230522076,84.96387727490024
314.70389457367776,85.17354113241129
313.94713345912544,85.52560703680604
313.4897818092359,85.71434902153676
313.05136293547577,85.91321690888432
313.0144424576196,85.94475270782146
312.93277178268124,85.98573109223705
312.83870025044035,86.00642245483739
312.7514879970354,86.04228031344401
312.60065644837533,86.07676013594812
312.5164631743372,86.1217098674159
312.4273156872242,86.1399767005556
312.30330296999466,86.12875303852299
312.2679996277001,86.02567097683496
312.4916878518869,84.9940478640311
312.89903563981153,83.91463125638685
313.417910399955,82.5617071067447
314.2949888155324,80.37485257208387
314.96625003782685,78.78689935252194
316.08352914248394,76.55840416804277
316.9642038244923,75.00320830800753
317.99650640920015,73.34231680505034
319.60184332932477,71.25014663851728
320.71197442509714,70.08846381936827
322.5993661285456,68.38355819505708
323.8470638712561,67.58633510032575
325.14518611003206,67.04166917616632
327.125549549223,66.3791220975686
328.4558665431924,66.11635275214225
330.471173148511,66.04707574680825
331.8157081543379,66.00273346490839
333.19511914412624,66.15184397869976
335.14038928906905,66.44960788044276
336.1989532230024,66.55679131731361
337.17007048472436,66.75484773148591
338.6266643223026,67.68922272103961
339.71879338667367,68.43752762311334
341.8642728976148,69.95178421119267
343.7706478020622,70.87801373679811
345.72898044279145,71.39663464747483
348.52978603372173,70.98967409193014
350.3191466276793,70.11240390869655
353.1335913047435,68.97893390025001
355.28690595795615,68.2628167863749
357.47909557067715,67.74522448912339
0.3818812233953679,67.47757995668562
2.004791997831404,67.5602465760843
3.9022399379354624,67.3487260980552
4.891478139854769,67.22921379459632
5.900783500426201,67.04445103144919
7.669928994018136,66.91083128799188
8.958921256325851,66.98151149223361
10.858055199799566,67.15867941882777
12.046179663209813,67.1729493076591
13.26094609342772,67.24812530975157
14.852634034156182,67.62112430020345
15.735657930787113,67.84347480012005
16.49682890496402,68.22730461328253
17.074444479703317,68.7894327197008
16.788649733279385,69.34695956106216
15.854085045191908,70.71094126627898
15.14010733492546,71.8605195177793
14.640291305369317,73.42602821253007
14.563489304917624,74.39285298021895
14.689525607666042,75.13596457742503
15.128268809342757,75.39847706180382
15.529734610823652,75.38684708048262
16.207292972748064,74.4177312667946
16.186915050382197,73.87465190155912
15.629704071485975,72.88545344079465
13.785297624781606,71.31841502493425
12.81097790599108,70.75137364407782
12.19277178770875,69.67434774139954
11.965071415675311,67.24136031994435
12.666322882469586,65.24360266206071
13.702442561855946,64.50169016932023
14.399353872206206,65.10385313014785
14.718918119675664,66.21850465677358
14.376006650498056,68.34715172359766
13.794850127257007,70.20405742279266
13.421419693855796,73.62726034606516
13.66368182893251,75.8379835766482
14.282492305388985,78.06046527124401
16.238186583760637,81.04525400468634
17.49967158464753,82.79159052337886
19.178974633428112,85.04256456783541
19.49852135010792,86.22259686151675
19.12839728597399,87.37939842250758
17.96564377360312,88.96240449569576
16.878826619285377,89.75129051604618
15.338244870639613,90.1544344851059
14.701443458682519,90.25246081294318
14.323022087330799,90.19035426857103
14.177093824391875,90.16058478720777
14.145990533171641,90.36966432539406
14.237360563105995,90.26509072976077
14.442422999658277,90.03491827625244
14.485138993740662,89.94861699746193
14.44285786660339,89.38034459274421
14.195321309528936,88.80681968743124
13.915149944474905,88.15723529096019
13.89837541327023,87.72153637872282
14.038089302624542,87.30471450502837
14.549954919945264,86.81262651816365
14.838045969485336,86.67009337776292
15.278844073408067,86.7369348916072
15.815615563904515,86.91216634823954
16.413047518252682,87.23010236923726
17.755193974758413,87.75035516378158
18.849355319282864,88.00987340811425
19.88144772129911,88.01567876644329
20.579293703430125,88.51058137239744
20.977325831297236,88.81181753151712
21.714800341352685,89.56807129461184
22.46696630631314,89.92002088707704
23.565384766216567,90.08220732510158
25.097599556603114,90.78154210606472
26.076554952009246,91.4882643490573
26.986421089980297,92.68835988396947
27.285162054416787,93.4352760506987
27.81983932802214,93.78947097129813
29.060489651464394,94.07848036348223
30.21524747592477,94.5032681475309
32.646535045964185,95.0113385787958
33.87668712732457,95.65513580022325
35.220358982546315,96.31234478320414
37.01684520852186,97.02833355522071
37.71141362683878,97.57841803309384
38.92355375202297,98.05695065629124
39.67494397452768,98.29762014322043
40.43350897908894,98.660174534764
41.351312444062444,99.32488419070677
41.986575132024086,99.65161988624868
42.33492300925428,99.83630452465239
42.61093813559765,99.72546901468831
43.171057525611275,99.50860314822359
44.04800309977793,99.3572250722542
44.729834728188564,99.23774010203341
46.020541780984416,99.25049653052652
46.73259177073845,99.433928597361
47.36426520756436,99.53771458931239
48.07461071376801,99.87799748832492
48.53181564692787,100.31288431030002
49.22738109603313,101.03497113572848
49.94507665494771,102.25872124594947
50.423175382764555,102.99333159774123
50.899003129335,103.61362135336353
51.26755696710802,103.61771051395706
51.91968568591534,103.3177619165782
53.3725754390106,102.35236832939418
54.532091102136945,101.70439389877731
57.02895156787454,100.7368239951214
59.00811079531137,100.19422873596449
60.80520337851078,99.45172195346531
63.63160039292126,98.6365443721154
65.95390704902555,98.45934320921356
69.3434143257988,98.13746812738697
71.68330999037526,97.87524517284871
73.83720383745566,97.72638189876841
76.55480150882924,97.80617974312406
78.45623926288505,98.136075954078
80.56459701876135,98.33162033214306
82.11043653008397,98.08873498050204
83.65474914898961,97.2941745742547
86.18214405224901,95.62023601824205
87.99699787961744,94.60588867407931
90.79722636740301,93.66286476617809
91.8621605532457,93.4155549489062
92.83606483981954,93.54731787760704
94.65053550681911,94.10349411844
95.80998926758525,94.16022416539064
98.01192012138182,94.14799316496159
99.4950961805936,94.52037196735509
100.74666065274347,94.74401038531778
103.46978222912752,95.13266281664264
105.34413112361946,95.36223831787953
107.3356346110149,95.16446485249723
111.90875940731318,95.16126810556618
114.75793043811888,94.86561842539817
119.86272220323676,94.2417746641045
123.53264517546734,94.30012666933425
126.56801016189982,94.43175881765667
130.9944199624989,94.44980307258108
133.68090372287952,94.77963894897643
136.61976786862107,95.08922809569621
138.29114890974364,95.04456827279407
139.36431020395776,94.86455730039961
140.36992927170357,95.04206441365974
141.1943986866038,95.0391028235792
141.45129042928653,94.93040580439889
141.35001524542193,95.15125173535979
141.39724702063327,95.46594696165157
142.33669615335504,96.4695997917857
142.88341346111213,97.12115662399978
143.39155235822085,98.01033579677001
143.79480674194,98.38956826579766
143.75486252773496,98.60252889633502
143.96552211897247,98.5103760178359
144.53723484203593,98.0983237925734
145.74400389411784,97.16633338329027
146.2590545454908,96.4754029823232
146.83555037053372,95.70302501336427
147.54986211805954,94.83724835931841
148.2018377630559,94.23613814182725
148.73055046075783,93.33155961084464
148.7783176487567,92.60150910554655
148.41519377457894,92.17513391722053
147.96584431767627,92.03881422328992
147.56517328657944,92.09610709821638
147.24879899383836,92.13934302104514
147.53641199111462,92.10201161216882
148.16695643534626,92.2549646146381
149.80900914999893,92.3108748957948
151.60775273113856,91.85643054401206
153.64449913410982,91.2655505677889
156.55123141141684,90.54393696162613
158.03300962200078,90.00467050832943
159.6976417839726,89.35768257347489
160.60875369691567,89.05479999317896
161.38321710274894,88.50135827690322
162.428358147005,87.79317439312447
163.02256752492895,87.37651207187533
163.59498999928925,87.0597575841371
163.75761893539152,87.06742299633065
163.77330780021097,87.33664643987466
163.6962050536397,87.63442961059509
163.62247138479012,87.82302820424948
163.47770693412198,87.9998721354718
163.45088785780928,88.0281617376048
163.53251373793316,88.11706914664106
163.91896879564177,88.44191961422025
164.15063235759607,88.40862760400866
164.44777384376974,88.37835703306072
164.5592284585811,88.34804504531998
164.63179452796615,88.24206913404785
165.21543849229897,87.95927519914072
165.75079281443178,87.76693557881613
166.5955627103212,87.38289148681223
167.03926734886724,87.52804137008528
167.38935147735006,87.64057871632271
167.67697036755453,87.71750911406662
167.74713575506527,87.92436289781398
167.7335041182421,87.9412732505834
167.73214022567154,87.95379213412645
167.7067943532813,87.9480113431333
167.84157844541247,87.85160737099582
168.01705618547214,87.84907823878483
168.46380477603694,87.90055529693723
169.0331255475559,87.90369536707227
169.4164419501404,87.7161393198474
170.06493837945695,87.5549164857727
170.47119651515814,87.4963496108159
170.9251715907461,87.46883176861213
171.79518123440783,87.57612104064836
172.35783614967835,87.58207064523909
173.04183362564794,87.74157119581537
173.47695586068306,87.84948954410683
173.8610316975683,87.75670984071564
174.2854464677749,87.5980535359562
174.71279712252255,87.53688046267045
175.3014535743731,87.24984446665563
175.6076148177542,87.12369593739766
175.86886500625533,87.30114369651022
176.22075600267232,87.60729639235797
176.31432884908705,87.82061922665102
176.11729192921817,88.366760877489
175.8443557760908,88.4996926757184
175.603745411903,88.67412101080312
175.46023180962777,88.82434648652948
175.48972046856775,89.03301265058069
175.74408041212723,89.39484612103813
176.1939935278346,89.32646215035544
176.75113365786387,89.41276237907039
177.4294082651778,89.95947497240623
177.65899748022255,90.13512439784442
177.8476160237288,89.98606631533167
178.02821136052262,90.09658463951394
178.1510972813395,90.10835592465656
178.0821001878499,90.4949407905379
177.87377167803749,90.63583794364985
177.7581348975679,90.08993179701231
177.78236118402455,89.93085388436818
177.91564264663353,89.78115255275385
178.2030537208631,89.59331004082128
178.44506801867388,89.43226564947173
178.6766249342061,89.2528680829305
178.92422269056422,89.10942479024865
179.19661878805516,88.65845167498654
179.69769523057835,88.19527560109888
180.09499121428496,87.8997805814224
180.60021393915386,87.67059172703122
181.4484382806461,87.57770298743395
182.055027707306,87.52481236092636
183.0678432437901,87.52261769497687
183.84688056064954,87.65575026711161
184.72603786222268,87.82486311065259
186.06997829618365,88.0686343024915
187.02427858072699,88.02880425122149
188.8181062990916,87.80991994113876
190.20301867309666,87.63527271245586
191.71038066951874,87.499648285386
193.92029321042912,87.25570413367737
195.32851362637157,87.24218745272273
197.09109670528625,87.58601721540751
198.1759015951582,87.87135194638789
199.18990520357636,88.32506562650593
200.4543152055736,89.33495534207447
201.1680586229125,89.77765245291192
202.29424494457876,90.51528658194684
202.84347952069362,91.1953355757695
203.48005679219153,91.61574821423389
204.90516175537132,91.84838411411698
206.21018097366343,92.03774894327019
209.2206223220773,91.92818749914066
212.0086045340524,92.07576318750186
214.7641709882928,92.14608025625537
218.58768932804136,92.49023801751655
221.0046029527227,92.73854956956026
223.26168303185312,93.13312045655084
226.07239975249166,93.71906173503537
227.7262311412693,94.09784245450969
230.05806780506757,94.57660102683361
231.55334122480653,94.71402400934304
232.91573578502084,94.96830575001339
234.6888730658885,95.27754555649878
235.86847965848267,95.35634437537655
237.8779233354236,95.33983108910861
239.25420530987353,95.20470797966063
240.63142985031675,95.10455643817912
242.76471704626877,95.00214823700689
244.19319322183915,94.83287240319365
246.01155156905278,94.84317700812102
246.91465120552476,94.86462956085697
247.48591170657966,94.9359780943315
247.9466204817756,95.10735230236028
248.05088252676916,95.2203254857437
248.41596528365983,95.5191408474722
249.13067064975314,95.75410822154296
250.2936436851736,96.01959565691972
252.64539285015775,96.44643534602064
254.50018192522822,96.53957417121035
257.58027525481475,96.54084958471611
259.62281416942153,96.61044787240951
261.383027881241,96.74602151831593
263.39677550564136,96.88524906081105
264.44499140811905,96.86095915765864
265.6569244084873,96.67057974608325
266.325055317694,96.5988011814045
267.0638534192709,96.54793806277026
268.2825868402397,96.42738333387908
269.2062082871146,96.3270676823767
270.144152398307,96.25867808009184
271.3456417142076,96.09414684653126
271.95587299279475,95.95077284777769
272.4944297160754,95.84770776518971
272.58070332882096,95.75245831319661
272.6193174114778,95.65130368333048
272.61790767116827,95.50294890580979
272.65590757630036,95.29874140779029
272.6820494231455,94.92366864272778
272.6667356896654,94.78115807265294
272.63410207572986,94.6838681427638
272.487715430512,94.43512525109799
272.3014626345834,94.28868030281791
271.7553182638804,94.15759860760276
271.1588215720325,94.04354187203123
270.53720202388115,93.90749322857975
269.21893197175723,93.72691854986519
268.1375269647402,93.67405542260448
266.20631262214636,93.5701988554537
264.62328877272483,93.5403034315843
262.9468388898981,93.56235119372204
260.16398994752797,93.65945185097416
258.19759548580777,93.60622581436024
255.23676562284913,93.36550079339935
253.1952003480287,93.39728766853285
251.03737500435983,93.42093051790516
247.8344507276869,93.49804194299944
245.7410094387009,93.43956284343506
242.83161526095608,93.25376318301026
241.00215590573617,93.19290295956611
239.16565431193237,93.21512906627673
236.6760812523306,93.19692957286098
235.30138841133316,93.13881552006315
233.52885480183514,93.11079201202642
232.4668800816028,93.0569167396315
231.52095750303286,93.12034898827656
230.49171028985097,93.32410335146257
229.49954705198553,93.60983189889289
228.56240166888315,93.53116578323413
226.97492877605558,93.60228482081295
225.96309096443233,93.63661241497408
224.64867317473528,93.83852278203939
223.72875981777676,94.14357853581285
222.89410166423042,94.58282264359595
221.83858621773518,95.3403794520544
221.22886841773612,95.79974000019389
220.29083097378148,96.43055009751046
219.6875264885121,96.61146219758511
219.08504639594594,96.72064179070901
218.07758741759514,96.52595848816783
217.28986694598268,96.29802448462928
216.08084918318013,96.08688021131873
215.24947537801302,95.92844594633175
214.27958471350618,95.82908122342812
212.84067474535527,95.6623782212023
211.8735451613119,95.47388439533302
210.56085411354425,95.3693610699481
209.68064990265134,95.24544595084787
208.98422376087257,95.11450873340374
208.09842300526532,95.1195322293888
207.5667086833747,95.18958237324577
206.9492694392501,95.23992378155002
206.36605139965275,95.16430311687647
205.8360575144056,95.05260097054092
205.22727535803833,94.85588155438624
205.25330589471105,94.80677535773476
205.89399116983736,94.7361355080622
206.92823976083378,94.6293681930716
208.2847818063502,94.61338518020563
210.68676397401836,94.51113979536714
212.44590919432088,94.36018008651054
214.34682206752746,94.21813000493613
217.44691794411773,93.79485408442092
219.66278308256125,93.45916127074665
222.99324434799755,92.74881752866283
225.20459253298318,92.12285828755023
227.4372770566897,91.41493507403153
230.78426370343558,90.44755114814494
232.99887700667526,89.97364709004381
235.9605461214245,89.62975992710967
237.82243725800333,89.42797454897797
239.6281616646726,89.42385124099022
242.42818421194605,89.53468166893266
244.36730819049205,89.72866887145628
247.0292748415931,90.28188974558458
248.7064999260034,90.73341841112061
250.04779736906465,91.22275574093622
251.85361176563117,92.20339935236042
252.97230420762685,92.97577194503864
254.45160423084582,94.06599572050435
255.51433672265534,94.59878081868995
256.7380874170068,94.85086517844456
258.8415094422809,95.05748290229693
260.4496579064133,95.25477086429981
262.9704629934607,95.266687684422
264.55441074305645,95.25823820872385
266.03308000964387,95.25826234702896
268.0379034101579,95.26248575939748
269.32220357726897,95.21434364547599
271.50931790864115,95.07233526239482
273.0462851685062,94.9516607573584
274.6225261836937,94.84890165649243
277.0896213922796,94.80079296637332
278.659180659031,94.96899254441544
280.79782375157924,95.17116244955328
282.24776963205323,95.08105599061993
283.84916812451894,94.78228359157022
286.9758542914782,94.00961235312106
289.52233016181697,93.26149724696673
292.46654257682593,92.60487103005065
296.8487045381066,92.17629468071985
299.3511612997802,91.96962266714543
302.4936311591107,91.035832415359
304.36787479323425,90.51134836052407
306.0939513392829,90.15128040997382
308.3055263756776,89.76513861584478
309.6347552878436,89.67611911973854
311.4957325740998,89.39753885471266
312.9813991141163,89.16040015371566
314.73978633045,88.98509771097577
317.5557553428206,88.91640832022442
319.435084518821,89.01727922911385
321.7329255734056,89.15875225295612
323.03305431038007,89.19830689324598
324.38554603954964,89.20381621407986
326.33727308939285,89.27287358448277
327.8397323692128,89.05209872100089
330.68965476655774,88.64809075744657
333.19665776269744,88.5066413711271
336.78772271954625,88.15487700162579
345.5694422767509,89.04373549602008
351.7824556228627,88.89731152968939
359.7381036641327,89.28323527229001
4.270395532798602,89.13709806400192
7.99600273302741,88.98845466503089
11.924543319375317,89.07205703228237
13.279127186745058,88.91796045495596
14.175037304113033,88.73951567464066
14.571172350958761,88.74999268895706
14.973353848918492,88.96963865308788
15.300697929324627,90.20931604475405
15.292117744821951,91.07495438545833
15.117706660121371,92.74501724717301
14.771450982397823,94.10886061915572
14.36244854048934,93.70313015416704
14.931196818710049,93.21256882372944
16.276658496680966,93.10054864777318
17.667844971224667,93.19929045489243
19.45993100108177,92.94437643334514
20.601888278038302,92.91616658444485
21.890362091463658,92.59459727967976
22.525054889246206,92.16444740589971
23.232299326127986,91.82041996852999
24.59999848734492,91.16458875508872
25.733994198892418,90.62249750997901
27.683732177048427,89.91233586836343
29.250315238597267,89.47039076457133
30.888179144638826,88.93812073347635
33.527110721438504,88.21738173534027
35.400513270707535,87.81182397884751
38.18523497146762,87.10499006017552
39.928110654393436,86.90259487900478
41.514597022415984,86.8042886640233
43.698424561915914,86.6922244561631
45.13059239623357,86.80915037585235
46.98023179539635,86.85937083206704
48.235002262056184,86.82439225222015
49.65386046612875,87.10560706241667
52.48912868978657,87.48825949998216
54.95077549201066,87.89926279687317
59.08391016946889,88.1400199481212
61.804809572589335,87.8302657552076
64.32725807906421,87.37699380505491
67.55861887506049,86.84915088681052
69.44003267491965,86.70939970989573
71.25339307060635,86.49566185051835
73.7433640987285,86.05092713681717
75.16003238992612,85.6723363296013
76.31284491782073,85.40347639284506
76.98421327004485,85.7131011790294
77.50862604084676,86.36858088252532
77.43349879373844,87.23817821035084
76.66846914590879,87.81323720067209
76.12721862488499,88.4310627339277
76.1177617141152,88.55032108896424
76.484021096561,88.36172385144938
77.8003357921262,87.96323074854328
79.21641688810044,87.62194729092097
82.1999819638876,87.38733541052527
84.72851141697346,87.38225279760289
87.6194377938932,87.30383056909581
92.16474786529386,87.06724289411233
95.06232348503511,86.8999900276767
99.02251345498037,86.88070639655005
101.19098365203652,86.96409049006347
103.02193909746234,87.02721239756265
105.28173619448184,87.14489317144833
106.65456710834071,87.20234775841833
108.51469228660739,87.41496821055134
109.6124784778436,87.52629911450998
110.52079247486652,87.64633499317334
111.32967397695951,87.9100908170123
111.49425424264392,88.17276235741429
111.16821599607825,88.35136019168758
110.62551582651558,88.72340684322798
109.98100838832613,89.03528593264792
108.96064828666331,89.76090342685762
108.178756313879,90.5483936812904
106.98722806519831,91.69948718768717
106.31151952960114,92.74279532889852
105.726087402206,93.73913961844329
105.31302790860259,95.06867697262358
105.33706118367208,95.2780392714921
105.59963450757434,95.20070099219278
106.74925074342627,94.94056125626548
107.89355685226957,94.38813827124515
110.20600608979207,93.85669903739279
111.67379585729452,93.75556823058466
112.61669701827579,93.83648407722427
112.62915833351194,93.94540237878415
112.44779673274905,94.13284731695623
112.09789709845244,94.12239214415193
111.67282041154522,93.9676391052446
111.25316349628808,93.88910402845987
110.79888389770001,93.64555092481237
110.37477784598845,93.11823374283173
110.02179801178465,92.18460994958582
109.87567491626639,90.4094764989863
109.9788055455126,89.18588653931263
110.45254721233862,87.75728303507933
110.91546395889333,87.21520238020064
111.6367614588129,86.41456115351332
112.03282855802075,85.91458914110771
112.22475120506127,85.77376608796793
112.23764071171125,85.69970019503553
112.17279425258575,85.63040083960342
111.87334651090445,85.58864643340945
111.55220552197096,85.5548806746836
111.14556911901776,85.66413922746504
110.44370681275076,85.87969443023844
109.94109548082149,85.910812706488
109.2113110710635,86.20008997800745
108.83263399724217,86.49537380670115
108.52095516164229,86.63887996010104
108.04272163347204,87.07798849388874
107.70193100939905,87.38745740086593
107.31027446022993,87.65263785986593
106.7726188689266,87.9909707689404
106.39936951196108,88.17764784486616
105.94695385222369,88.54080097052181
105.89870442598861,88.72663567423139
105.8672915691094,89.03674473266923
106.06829266938841,89.49099006690521
106.50378045149687,89.68403828997832
107.49603558216698,89.62634548071614
108.23866803075451,89.52443538582673
108.8011767773868,89.42393531419293
109.43125946393056,89.36149310689281
109.78126351176392,89.31323998073694
110.09571724269915,89.02492462177817
110.37092483373169,88.8631754987073
110.78060845427662,88.51408437721044
111.67286463128193,87.87421054638232
112.45347799889907,87.69939711051549
113.63740855849913,87.86611369559965
114.53130275595058,88.14413427666511
115.2327852456304,88.72144518751969
116.22346943431529,89.21938628871705
116.5968136049097,89.57355927730282
116.47378831340401,90.0434933793745
116.14261230673392,90.35749806854611
115.72502608959627,90.65002133858906
114.965603566605,91.17481236926903
114.40002743999618,91.42781942253157
113.74512640473655,91.72339392181331
113.49648428033274,91.85269860209763
113.52888944969284,91.91728597471582
113.58674788407397,92.0742147921278
113.68376067281083,92.2341537214794
113.7413992644319,92.35235015295174
113.75828565074917,92.53862232230804
113.74360615805705,92.61013991171839
113.7898851125338,92.65887953361654
114.28064397595242,92.54658946777593
115.34584771494644,92.34073612404181
117.74963159080028,91.83550818107781
119.94160089380054,91.65977554659665
123.63502551630893,91.37407445855253
126.03374996896802,91.07591832183198
128.3561097934931,90.74796692509354
131.50749283684442,90.30204699082573
133.5344639629844,90.08249038350414
136.51912977692615,89.96167878071712
138.4126022440402,89.64308036639322
140.1650895467683,89.20423523723505
142.67829044538834,88.4120174225333
144.3373950153663,87.78225126989244
146.55394556018726,87.13815439137198
147.99783464164304,86.73819761364517
149.60787701037606,86.22719515380506
152.26867926478937,85.56416567901243
154.09803516285368,85.29925470122892
156.59338810873678,85.10266422549608
158.06575001074674,85.25191565439543
159.30028583746136,85.62452429310753
160.68882894022022,86.44694197451625
161.4255925795339,87.1049469978594
162.02401658079702,88.10310869512617
162.14119828211,88.77093994055916
162.10453303013713,89.34807808850401
161.94276294321662,90.21303070250622
161.71823929276374,90.75448114469823
161.20477488478684,91.53587019555019
160.788116388306,92.10155291213323
160.49904630864998,92.49039792406695
160.04742787711373,92.94133954736277
159.7509408362252,93.19706872779678
159.50645117399534,93.36153940443386
159.27338354252396,93.53536999495041
159.1013334717096,93.62532101115013
158.90675625929427,93.6880389581134
158.7359466662279,93.64120973505614
158.6121322274605,93.56267531431955
158.3911998447829,93.29326337739549
158.2581809915581,93.08921386871222
158.07942865755376,92.88471244451839
157.9673688620301,92.70280627734836
157.87704290758919,92.57258201852711
157.6600351318545,92.30640390344702
157.50440275418728,92.08132103070476
157.41795536483218,91.84392250531103
157.3845833878064,91.76971253684118
157.3068843030377,91.72150075686106
157.18232333681794,91.68865111754259
157.11379364795647,91.68878333111762
157.04231671719543,91.68122280699592
157.01863597423375,91.6849678791607
157.03240475910488,91.71517500098585
157.0719579384956,91.77893263303312
157.13085678556558,91.83792762481038
157.2260187832862,91.96088519723676
157.25203026894033,92.00078983368884
157.29645411092397,92.0821336384224
157.3443131702416,92.19148762149001
157.39340635165829,92.26190298244244
157.51725222546864,92.31783745959535
157.61607141606143,92.36628331086575
157.7212566489854,92.40339169524997
157.8852071817992,92.40321697508203
157.99353730861276,92.40703268643414
158.16033316204118,92.37928377154908
158.36135168075285,92.31964022903637
158.59963890760403,92.24394284580106
159.11867797176046,92.08704162060984
159.46772924710228,91.94225979032122
159.92253917851951,91.77865639728594
160.6097769718066,91.53175287456804
161.1462073680944,91.37259702918094
161.97411110565503,91.04315554561387
162.47726889304474,90.84604678651475
163.03514891378433,90.58689789032043
163.88315086047078,90.37593420165408
164.32538590770787,90.32227023683313
165.02674513010172,90.25302721313207
165.5492340363972,90.1887009393876
166.21660833077118,90.13474529422588
167.380268570969,90.02485991907362
168.08571255238002,89.91021512350467
168.82723358757792,89.58390597384351
169.1304376350064,89.40130357174957
169.45521474159088,89.29582711557396
169.79582721881874,89.23922265881194
170.14595126114583,89.33045450308319
170.63462891358614,89.60643613167366
171.01414863391577,89.85445580396951
171.49723456399835,90.13138513590084
172.39401082647808,90.58894158366707
172.9361473089319,91.03752311926867
173.61753914267393,91.83093424554623
174.06272607998798,92.38848483539515
174.3876113130992,92.90432745812736
174.61885623938392,93.72589272777005
174.54822599345232,94.22732168369339
174.0064656123497,95.13102135679961
173.5266443749854,95.51885192457159
172.95532139442997,95.77790103934656
171.89595611381756,96.31625619647599
171.30456646786934,96.66896347694848
170.73405541022095,97.09498819655389
170.18035945405921,97.19482900034544
169.7083760881363,97.20214145613875
168.9619309772145,97.05135947990172
168.60652033621872,96.91766377347076
168.1729390176593,96.84430599673397
167.528793284059,96.65440467535218
166.87994614630202,96.551277717906
165.97105904537975,96.24460138294606
165.43515189237053,96.05602712200135
164.9226977822489,95.79964505868082
164.1950517194508,95.4823674261039
163.73859605855492,95.40040904418453
163.03712484319482,95.2623045068575
162.812813191366,95.31354083340611
162.17993813289903,95.60066472370782
161.5707742913,95.6266530656772
161.20542664954624,95.59954785501512
161.24750616670102,95.14332135877086
161.05509088418842,95.1090491537404
160.71791390292395,94.97027723210829
161.10999232676178,94.8734156863244
161.36726659789826,94.93435770855801
162.1295391785473,94.78195722283529
162.6174458640205,94.81659051689195
162.92558645221354,94.99828801757134
163.27699296167253,95.1665027883686
163.38047643706471,95.22321788357307
163.06809951742216,95.22022881296417
162.82999349993284,94.92603107278232
162.603783594811,94.60748508862793
162.09481461060074,94.26480018912453
161.7202857788327,93.89013366304484
161.38945831006703,93.67588609730174
160.7228531816246,93.29316637129203
160.08844028088694,92.80136788062376
158.98574624415957,92.27350651697144
158.09219214001678,92.12464977170511
157.077054832328,92.14638046411552
155.26643911108857,92.52823413210308
154.01592757121375,92.64786121091439
152.16374591837882,92.62438227546815
150.90966846055878,92.70894491486777
149.76658497804664,92.77912316615189
148.19559205630026,93.16781897828294
147.3130581586188,93.50955025602808
146.05522529585582,94.06630109646673
145.72375081186436,94.16593684541857
145.57871398410782,94.21053257919262
145.52234266105367,94.21752428586117
145.6922582421746,94.07211605948784
146.26071423972712,93.73151152723656
146.69901837903257,93.6341438827501
147.23244925526188,93.5890396119771
147.8362406489464,93.96059067953011
148.4168463788636,94.18549326260518
149.48451528286594,94.72395006775305
150.22675466813936,95.01942765569282
150.77114556253036,95.35356009470031
151.31377885789158,95.93342512014097
151.76362492367136,96.24717451445972
152.4372698506423,96.72763859402625
153.05209405448457,96.93144565850622
153.6258083245891,97.09314932105443
154.39419614801415,97.3626926595749
154.96460094290453,97.44717297297795
155.80826243990714,97.5172912923496
156.38102159744588,97.54306622195018
157.06483992567033,97.58984492270633
158.34114859714572,97.54557208684358
159.7148167947425,97.34927953917183
161.28648108614516,97.29531827622252
164.11491036959364,97.44992036444837
166.4440404396105,97.48341651787226
169.8456297731509,97.26603633234768
171.8996161244962,97.06167369808115
173.79246404595574,96.90225030058635
176.207843872228,96.82642230162925
177.4479599189721,96.78399079427018
178.73740485001213,96.65153419375436
179.11039982385225,96.52350027308027
179.2516783030608,96.1902164128371
179.35694930061044,95.92175062326497
179.29690803603515,96.05087770461222
179.25503925032808,95.99645818549199
178.90715292331777,96.05864131327489
178.57748090138693,95.88809613455868
177.9385062578372,95.90199335152921
177.49536351015436,95.79790066157264
176.90808477663816,95.75251337552935
176.6427722184656,96.04724235174527
176.36985266075138,96.46174471659897
176.06520690322316,97.05390848616797
176.21694039459013,97.26856252085622
177.01517087849913,97.56609024658856
177.86390259453344,97.78421391274782
178.76771396440964,98.18521235301361
180.19449692302533,98.98514275663499
181.0841465127384,99.70030016660432
182.61651196097344,101.01858481941176
183.61279077432232,101.95349157252753
184.35506714414174,102.37518179118342
185.02595402800736,102.35433376903606
185.32100717678807,101.94184159950566
185.79812630862438,101.33727269263936
187.37596472378488,99.75709702925172
189.06548332838656,98.4164274614746
192.83551636535157,94.91131604491544
196.02783685888218,92.32074371189371
199.49133132457837,90.14559315346123
205.03206146088357,86.93067004373601
208.56102673993453,84.84444384487448
213.21088337003837,81.96689600103858
215.84198379962936,80.13969566112794
218.32565299078442,78.73299276338268
221.6241146725684,77.64522131256294
223.80352574073993,77.2817793228208
227.02079214109602,77.25152512732177
229.27188748428733,77.40654991304105
231.4375482283452,77.55372209537082
234.63881151211567,77.55956163853344
236.69733344555294,77.41371970434872
239.3553236139404,77.16768900875972
240.69115763513494,76.95550743970801
241.61363906215524,77.18285082987157
241.95573492476552,77.84335292985227
241.34457877770552,78.5737826401452
239.28270472220112,79.96742137857844
237.7799568928142,80.33575775990329
237.06460685380387,80.36419551973759
237.94449300923569,80.01533811813026
239.18944401863243,79.92151703806019
241.3853532813808,80.16998858055251
243.1589627940059,79.97284412422324
245.06762584895296,80.15563250987337
247.76117698357595,80.99454424336258
249.39983933953656,81.47682171607336
251.51825925244134,82.27004884838553
252.76335574556256,82.48859199092676
253.9045845794482,82.70181371632601
255.3547749209599,82.95628859520201
256.1259436339475,83.01802172416716
256.8695695128565,83.13392775506009
257.8014611219277,83.35109912863724
258.36630041048807,83.34473327108498
258.93683708250114,83.40523513517701
259.0066873883163,83.43330922935954
258.88656750104553,83.31783761764517
258.8405051343556,83.2894447139318
259.41454889994037,83.38276823143653
260.3293549843371,83.76521072458634
261.34713627859446,84.29922422821323
262.29045267927853,84.82855287041318
263.80710555550536,85.81623286091367
264.8576191568244,86.55737477358254
266.38992323351596,87.80970753455726
267.4303653924525,88.80081699361399
268.3980383802685,89.83354507103114
269.43070894998505,91.48596247555382
270.0241743129339,92.44443959967151
270.6103942601621,93.71517074864283
271.1364601522858,94.44103454360437
271.6358229871229,95.1843069607186
272.312442217936,96.05014345667674
272.5578939523354,96.53924312003514
272.3258944802946,96.99806607678383
271.94159028025126,97.06280013637223
271.4255410563178,96.97838954803673
270.36712450030745,96.75275971678855
269.54883737232393,96.39964650488554
268.2445095588763,95.83567944298288
267.4621118322355,95.48260815432153
266.68250497957706,95.18928077420972
265.6666524440317,94.78404082386693
265.0674495269861,94.40157748153354
264.42145795220915,94.06294852694249
263.5344015281958,93.60057546120841
262.7912869791685,93.29548684609951
261.3432909577231,92.9365650980086
260.13930184988067,92.68294232883528
258.74745804721465,92.37325310026573
256.587611914061,91.88810310248023
255.28243963931848,91.5879492130113
253.79782504465723,91.31104931273302
252.93935400929934,91.14880612920393
252.0077546407893,90.95333744748089
250.1617496968405,90.67559156060821
248.6487306507307,90.3225295756172
245.65566082792745,89.44854854504946
243.2385621480196,88.57803937649922
240.55634173851763,87.58199138489331
236.01194759355218,86.0704389014662
232.50143325105842,85.14738956810453
227.27568502127417,84.22711185234135
223.7236816780562,84.14296695123906
220.19839774651754,84.20186441220956
214.88432869335637,84.52791308073428
211.07848621130898,84.67857118596545
205.104297986087,85.53867359284637
201.13406468306866,86.1078979660211
197.62050639961421,86.28407596479047
193.43300763767647,86.20450173112579
191.20223463089218,86.12588401677579
188.76918599984006,86.08849957463374
187.54942526422676,86.21408374936728
186.50753553727574,86.42925026898578
184.83137901944556,86.90938285435467
183.48185499774672,87.11649929361504
182.04703771114677,87.2671385463403
180.13793160994518,87.30757281386282
179.24843404237274,86.96440404802932
178.84438465157487,86.0689598664377
179.29697641814118,85.17530541731999
180.0264013806736,84.00333971584979
180.76464893640272,82.32884603475179
180.36094189107422,81.1563978907917
178.58586055810974,80.05430106418889
177.3030202395443,80.0876647029026
176.39991128595923,80.3121960954477
176.36254851953822,80.53444025325162
176.95928437687283,80.66290163917282
178.55912867413045,80.8328324543248
179.716190818502,81.17100192711945
180.57535828273808,81.52258526791249
181.32268051515905,82.26881096092244
181.38907630372304,82.94200381009827
180.85822991780972,83.99016696241445
180.2686287409509,84.66699179350016
179.72543192782254,85.24891711205505
179.25696907104023,86.00498477834333
179.22144064649848,86.5859764671959
179.0926167679248,87.73836050299418
178.8589951222072,88.5036698698622
178.45747159808175,89.32237629852442
177.16753094674192,90.87230870200011
175.76210822296238,92.0669184505261
173.17137755774075,93.44692253086099
171.57489038604174,93.61302739962929
170.30399962318688,93.51182227227113
169.20474405618842,93.01215166345993
169.0946330240835,92.67093487276586
169.61225955630812,92.54444757391508
169.92755586562694,92.54903586835916
169.98814147219898,92.69438781457796
169.78096663439297,92.76265521295214
169.56331922736882,92.70006031933814
169.27931155212153,92.81569942861759
168.98044782626351,92.67188653075137
168.828273900744,92.5388233532365
168.51767927839376,92.20954966280628
168.17771936909756,91.98500298215437
167.83640880691033,91.88907173663799
167.45325934709587,91.79055712751564
167.2969742173484,91.68274246775734
167.1404323821687,91.48004158757914
166.97176879759655,91.53434409934401
166.5863744536747,91.7828768910934
165.94145596003582,91.86282755806384
165.3980768361162,91.98172317627049
164.96421463319103,91.47153671314182
165.02008592595058,91.02582529798556
165.11942651770534,90.69683227089118
164.82160181711888,90.96731935702152
164.3417489756891,90.95054314084537
164.0366795632034,90.87605496673069
164.07647001553246,90.8678645101944
164.2985362832336,91.05172731846585
165.02958687070415,91.4202325554835
165.7587198217768,91.79541857253544
166.64977646637433,92.36138231653462
166.79305917318408,92.46467965655455
166.68177754177952,92.5756998020879
166.4533140246269,92.58838556138213
166.33845556083222,92.41907232027171
166.30369297736513,92.40663076408099
166.37197863307384,92.45504000543384
166.83739043962655,92.37934894209491
168.4458110454763,92.40192771345565
169.87407063217123,92.58404367971634
171.50624877451594,92.5224729972006
173.90367164124368,92.4068942379725
175.34727695584604,92.0728581667591
177.14393461041573,91.96975157765887
178.05130114527466,91.88729139697631
178.64598205089976,92.09753871730324
179.41352219721844,92.19664312997055
179.7929143120142,92.28250260855248
180.53918484651976,92.28043952608486
181.24090550231438,92.33964039912469
182.08953731241414,92.36271563642674
183.53369794396252,91.80901721350985
184.06097407615272,92.5646801625511
184.41667756621376,93.65403812563883
184.62751806291632,93.7579164408466
184.93861235977153,93.82146029913196
185.3920982438966,93.66463364756622
185.47464089685184,93.75364055380038
185.47121318402736,93.90833934607781
185.44244702397324,94.11539525419776
185.21082604255207,94.64142916406945
184.4811623340485,95.85415564044715
183.7369914206315,96.6214762916479
182.267810718996,97.28616157253366
181.40066752526872,97.11424811290583
180.46494922963947,96.76974462675102
178.22105672723802,98.97592508290286
176.43085853581383,100.77365579016897
174.55353183564765,101.27779627151058
173.7738326570858,101.02544545673067
172.9869738647801,101.04605592599249
172.25611389269037,100.67957456651885
172.20728695822936,100.65546496035032
172.85615280941815,100.76171904117093
173.6552366166175,100.56865944807984
174.42415905892832,100.34427337424736
175.41963640808447,99.63182031871119
175.94673493297242,99.13042984834576
176.16063977505502,99.02514265231096
176.39940251366943,99.12068009529455
176.63019403772125,99.34848823421486
177.03338946571048,99.76317875823659
177.30152924319103,100.07473080177145
177.5587735891773,100.4013563672048
177.89628445908158,100.56810223287309
178.1443999974622,100.30683723426097
178.6327288243045,99.56849606389011
178.8542164676522,99.21274141920601
179.13324719064818,99.16633901014339
179.25680902205826,99.35835888124625
179.3722880661353,99.48027042742406
179.4258621703183,99.94874306269658
179.25343650505422,100.40472578623749
178.83581684562483,100.91196034228955
177.42079019009955,101.68182205340489
175.87712036805226,102.17881577416492
173.00479247262416,102.74539680847123
171.10269245790968,103.05386414446804
169.54782517988804,103.37927587463358
167.35472778166002,103.9245982284602
165.63549578078036,104.34417401908149
162.42600052898234,105.43650154021915
159.69377531345293,106.26084539554385
156.72928832122045,106.8383844316588
151.6592732997632,107.29698554298801
148.0065723602039,107.14175312103072
142.3994678857802,106.48040447350128
138.52792977835497,105.84748755645668
134.4263856922634,105.30110654071979
127.82540124417977,104.19827797252807
123.39606078388184,102.80943109677087
119.1431300033324,100.62228511807481
113.53735175328576,96.69491304248075
110.40544453649332,94.62341264016483
106.70249556476486,92.54505967502368
104.80434621889532,91.69849887519082
103.19404073997866,91.12588013013283
101.26607868115508,90.94232684907486
100.1673073520155,90.93973116862384
98.84293049225752,90.55280981531452
98.01001162933301,90.30107852243441
97.24407008995156,90.17091842475689
96.01432324674276,90.47421431711825
95.21482472896709,90.96714015269107
94.1839082655296,91.56705944823005
93.66960574182278,91.54370603073967
93.36121137532433,91.19262301118343
93.40471872897307,90.5970502399357
93.67856001791833,90.32438894152783
94.2316376426112,90.04883322400133
94.47003868787218,89.99633601969539
94.55086429303454,89.85386096848916
94.55410764611162,89.19566691771429
94.3802713922052,88.9297532590624
93.89371642727257,88.73741257020016
93.60490677922247,88.45907658453734
93.64261882405573,87.97985963575
94.2530113031726,87.38924579390778
94.87206300746587,87.2011088815488
96.01743841426419,87.30292141300495
96.71976297428593,87.74741589318026
97.0327607994102,88.39144713077947
96.79678910665974,89.31845917784808
96.00043104790848,89.92460330116646
94.15111240484337,90.730539926179
92.35536961509828,91.04799688251369
90.16303654864234,91.2846565399726
86.19594699514501,91.51186976530923
83.0535599339455,91.708683534853
79.51092404107038,91.88439532958145
73.46509556203549,92.41277803607436
69.02089824388659,92.8146775631971
62.02665384613117,93.4159684445771
57.29955509867558,93.74836462056344
52.79096492807689,94.09215734629376
46.57425409222637,94.66253613556947
42.90677632854033,95.14243572721553
37.96781367140841,95.85009220067388
35.077876639048185,96.23263035222155
30.96154381657888,96.74409511663777
28.6682581740983,96.7723999012757
26.570542558654125,96.69477776519726
23.80444812032195,96.59966345349343
22.09219635660159,96.58434256090571
20.439969477515632,96.6104843487935
17.990236610141523,96.58456517901605
16.28587862748526,96.60002242564684
13.79451931918777,96.55840406125112
12.056534339829938,96.47687666787397
10.354513612448187,96.34231177936847
7.77737680009011,95.98802099326412
6.019877878041456,95.62221100536615
3.5310315328395916,94.96164713219288
1.9596509764969312,94.6176057604724
0.45933040775159384,94.2838610982464
358.01258632890284,93.99935278307171
356.34391191708505,93.82081063276745
353.9008848572178,93.61996922063307
352.4085971934295,93.61736747257618
351.01798311231755,93.52602658310342
349.20444132850616,93.45240163125942
348.0804241164194,93.39743209113375
347.0854004760286,93.27327645116932
345.84245702136457,93.20349770432207
345.03543710441164,93.099098904003
343.9821771399096,92.73702800498614
343.40244263890133,92.62159863784537
342.9246135673683,92.55494787617556
342.35472175878056,92.44562049797918
342.0904012929012,92.36650631171763
341.68116245949267,92.22341800720739
341.3650142058783,92.14897592192088
341.01200617871325,92.13209524480146
340.2375492368752,92.17060212275197
339.7186618980163,92.1576992952687
338.79285583984495,92.2342567912869
338.0999461830463,92.24068392543202
337.48208785874,92.1609279807179
336.5262633138332,92.01767069668723
335.8524623930865,91.94920915597595
334.49452342008647,91.85745666766636
333.1818799917006,91.792578478883
331.6025681118073,91.60957937379435
329.11177233672214,91.26781862047608
327.48617384591705,91.05715411486497
325.32241317171486,90.97528543090937
324.0114012773199,90.8952991230305
322.86521737951716,90.79275397721031
321.2866057233774,90.61371603161756
320.41007869889074,90.42948984162355
319.31960799496755,90.1854058106075
318.7692928759707,89.98789824892188
318.48320521232245,89.6911085510479
318.57432104322845,89.39890730466402
318.9682295863955,89.02900942013461
319.67897057098776,88.70806524155631
321.19279724809235,88.40465239037371
322.46963161928824,88.20073488394716
324.8559886572172,87.8573427148678
326.7260483690283,87.55308025461096
328.8579562613347,87.20350111800231
332.59419540277395,86.68968741355354
335.39492976874783,86.46628170920037
339.836832652196,86.18597107099215
342.70126325993795,85.96715894297469
345.56098484387223,85.77181283238815
349.5018069994286,85.5558977864509
351.7911875775827,85.48668735036729
354.6543647696741,85.66286751209817
355.9546591624981,85.91031780687007
356.88901822634614,86.06902986004484
357.56509326585615,86.3839322781771
357.3770817490463,86.99695980173314
356.42969548303915,88.12923181801423
355.51932837025254,88.68026499199047
354.5101644706689,89.14456491758561
353.1373119522905,89.45325410048528
352.2719714749712,89.61932833610345
350.96832756686615,89.89437095767441
350.35246429821825,90.04364986530899
350.0941684978786,90.30320401352772
350.0917959019944,90.61073579992542
350.58397203381503,90.69491349459943
352.13988581965054,90.59989050587654
353.87912650076066,90.45836311069495
356.0565926044528,90.53439915536524
359.8220805325846,90.71716226127519
2.4658740074754064,90.65504167468323
6.354878968713535,90.32620403850989
8.933781188943243,90.05714027001916
11.367525563047053,89.82768702993584
14.80796430097493,89.3685534611073
17.030619110987033,89.18052188761193
19.20975784578681,89.09003827886616
22.274445320020106,89.04895902779758
24.086582051462614,89.00506738606725
26.56173416964532,88.95926836237092
28.117813449756312,88.93050298941758
29.53764372829454,88.87195832060895
31.503013674441036,88.72351893563678
32.79792455811386,88.58236173577978
34.80288553209712,88.33956313265331
36.2486255110247,88.18715631056742
37.745586854000265,88.09590332757982
40.039241767779856,88.17169653981118
41.66566127043606,88.23380390198146
43.9119400401984,88.57998311841848
45.38424532933723,88.78979845053507
46.838170798185274,89.03307571698484
49.172393733109885,89.2527216692898
50.801782936178824,89.49370881252045
53.23987842798226,89.80363743946513
54.95592602105252,89.8716754784296
56.64092522772917,90.00603815469628
