174.98841165265796,96.33074480598684
174.87371356119397,96.03931789824505
173.93100993586373,95.72259113253116
173.050145375241,95.72258987607482
172.36793407749332,95.66481532803193
172.54327570896504,95.59538689658754
172.5573642973915,95.75454417143558
173.33942534984925,96.1006211857352
173.7495298333913,96.4782989607148
174.0392378951924,97.25135458443638
174.16070776293097,97.78242855523064
174.46466628542396,98.24483848050852
174.85217281621016,99.36409019881201
174.93466282126536,99.46275843232911
174.8478922694357,99.27229496675655
174.80976416134723,99.1766990693009
174.78803031200238,98.98902269687679
174.89454634719033,98.6964594502478
175.07499999079374,98.66257815144274
175.73410626821706,98.88266738495618
176.10618388185813,98.95466101667719
176.15791966750248,98.95037697319862
175.8841321992045,98.73134475480018
175.82135412125453,98.68707533456802
175.81466726202916,98.69007171567722
175.78576291836887,98.79444527137844
175.88887141581392,98.91835972903901
176.22675085953273,99.02764641937668
176.67472713478085,99.12539667183195
177.48362205286395,99.42177119200282
178.24088171585862,99.69067597593612
179.29117065638684,99.88332521768565
181.50183624047716,99.74599826506275
184.04035957177834,99.51564707886645
188.21616699228198,99.93925325377883
190.54335524433174,100.72468397954796
192.56632254541006,101.64498927745356
195.2778081269944,103.27346377082051
196.80259555387047,104.54424518141433
198.30570780681776,105.90454680839223
200.57144258573203,107.94861136184164
202.1767496918832,109.1426685178875
204.52762829854817,110.71125562990188
205.8309785323798,111.6140580382151
207.10334395080298,112.18037347747712
208.22934016008807,112.84569602488365
208.7340708810643,113.01600011590851
208.79633807252736,113.06097337686217
208.81975213428865,113.06700829954966
208.92800997073076,113.1054482036098
209.306245509295,113.16733786332676
209.52502924208562,113.40276631983747
209.64586374603897,113.73941731931427
209.71768170987403,113.71180763773417
209.74210806177942,113.63678921255715
209.5111022021462,113.01790952698163
209.28427658087867,112.52500502938211
208.3327152972972,111.5682171525435
207.3356415644691,110.89310238445398
206.1483892858333,110.36176145818443
204.20613050902858,109.37055867966959
202.61908688746843,108.54377174296346
199.38732425348127,106.99494345517127
196.52333048807097,105.96442543449133
193.32036238281964,104.70533704530118
188.31011378782938,102.26820959657506
184.89052428310973,100.4572933640141
179.82009932503152,97.8529845405035
176.80918014847546,96.51155639385165
174.11534157984,95.38291607664553
169.97403235274666,93.89698851742622
167.34639363526134,92.96157321162391
164.83733566336514,92.02892642599879
161.33891058859888,90.63096183646246
159.1848673022653,89.81708005296697
156.0038087852228,88.77500292814267
153.86499646477697,88.28778521456323
151.86515799687086,87.73029134234503
148.65382207386637,87.22471404329862
146.68444512692503,86.93779583526549
143.85534908704724,86.94098367857565
141.91719505712155,86.89079252971368
140.20687854842322,86.31298625048146
137.82298142577676,85.16167863871485
136.26956281218165,84.30555163817176
133.559408936347,83.25059850355487
131.39229362582435,82.66040429932494
129.14943015692472,82.12934728481555
125.56112617098984,81.53286908466482
123.04601036697518,81.1798611656169
119.32133487708022,80.92488420319476
117.09188043543047,80.9723874738271
115.11784585022934,81.05323550490132
111.85521337816527,81.25304340177895
109.80792554469944,81.36087909025146
106.36575417609654,81.71419541030704
103.9453372901864,82.3047341432265
101.41274738318221,83.23183041612232
97.74191781238396,85.11865593059018
95.46279483976737,86.92237466069957
92.72075269240092,90.2510314436261
91.67157638259714,92.2055346974168
90.9361441101286,93.7450291477102
89.65133856215668,94.84997042182589
88.46949586133503,95.32683753502471
87.13015261344705,95.5807465461489
85.11096790662278,96.06980431846588
84.31950410492372,96.2767718318375
83.58252885081036,97.07269640143527
83.36213903349626,97.28086556882008
83.1984827178334,97.56159713711305
83.17108556629573,97.71973800903429
83.1807806699449,97.80863228489811
83.09897324946144,97.8020211583804
82.901944792162,97.80311263885483
82.49525041218246,97.9437608746072
82.57306375934593,97.91704120240396
83.02895483267253,98.0460844475353
83.92156983824803,98.21656677730775
84.26831364965696,98.31352381759493
84.80348721357487,98.53386319170475
86.07682935544325,98.8807905236727
87.12684841855464,99.23541531787285
88.24229409493658,100.40621954599487
88.41577867479683,101.30903487032379
88.39950656168833,101.96973603801598
88.4335198545568,102.5510920833241
88.66333888757976,102.59223826220006
89.29545949160867,102.67737115121238
89.86382953575162,102.73286785545275
90.72305755206226,102.87324732208923
92.64003251204583,103.29032714440253
94.76034154300454,104.02633607012939
98.42537099615255,105.80933315743776
101.59173105439672,106.79737613289899
105.69298346440517,107.48242182570095
113.57273576918386,108.23025315879103
119.57362219965665,108.42772487961744
125.30644009419825,108.15674400299511
133.12231058632034,106.88735738888295
137.60877309369684,105.55641154783568
143.80375386374075,103.67662920559218
147.39133584647848,102.77065041804067
150.48428247373042,101.84857652203448
153.9675808615579,100.37477813146675
155.70928918749496,99.54953284616933
158.02182194650766,98.50521923180844
159.3217482207665,97.79837946768352
160.5907572895535,97.10643889514108
161.63331457879895,96.20860942897622
161.87758571928023,95.88513581060026
161.89280917816035,95.88707148365229
162.07075028053123,95.96912797123844
162.6536136912817,96.08020967623963
163.80474752388335,95.97391453262246
164.56816539966667,96.00075340577288
165.91609568073642,95.98017471653189
166.95910367101672,95.92681475479769
168.16722709672027,95.81640743160648
170.3988444842988,95.61284910199387
171.96032891314562,95.53791876439678
173.94645523288673,94.77867369772767
175.26650688595296,93.73474896186016
177.0309742532426,93.24496440704152
180.21772057169488,93.02938863701414
183.1414881206482,93.08756078910748
187.71504784545016,93.38569309355688
190.47543577620584,93.64260602484342
192.76356159231574,93.68564488050585
195.89658580969578,93.07976223746203
197.98720421497984,92.6107229202876
199.89060124869366,92.4567122920621
201.20880935571478,92.05988999766772
201.27716321414215,91.75153740368292
201.13808575014926,91.44428029608146
201.10231687357273,91.2976298500252
201.20535564599604,90.89892988596692
201.5444158813206,90.29159117815935
201.51716399079868,89.86812568290195
200.99308888436545,88.89100696543744
200.69498320424492,88.44980357177398
200.6566755242335,88.10650600587611
200.70922905153796,87.91683381461952
200.8999147626837,87.75184145180835
201.60158963749637,87.46851725097062
202.02266341395443,87.26391572890138
202.42192397731446,86.99675951971781
202.92601843633685,86.36616905430712
203.23117898973467,85.93380119219874
203.8458606253482,85.19870581510358
204.492997840581,84.7594394866077
205.31824967610385,84.3708369343185
206.9605093598425,83.9097413076335
208.60954088206745,83.51190318510929
211.86203954368872,82.75048709781144
214.42751385977184,82.19672802438984
217.07867763664242,81.88375095030722
220.8012815528811,81.65348393797085
222.98434383470916,81.880518800102
225.53595930045077,81.9769501481171
227.148168230419,81.9376082379752
228.53883799689805,82.04674649311092
230.35206349425553,82.33491749421303
231.4284150358649,82.64279575385142
232.9531037947104,83.6086322206234
233.68907021355787,84.10528389262714
234.0141333925264,84.2579413894837
234.98304229356478,85.17175509677564
236.1095558903852,86.2785525877778
237.45736279353085,87.80429894951853
239.52723924341672,90.17133675685966
240.4822593601628,91.37005438973057
240.80271310570163,92.87693142183485
240.5595072008473,93.45041864963228
240.27326009908745,94.20322175289127
239.75651782655095,95.06583337798702
239.48803952971122,95.12083111667175
239.28880298703444,95.11005787114314
239.17744497720454,95.1707261058725
238.91324493043794,95.50371532265547
238.54618305872066,96.2810052379937
238.23218093713027,96.89476223242667
237.62831832565126,97.83863620383786
237.2427886906376,98.25924310076643
236.94154880085793,98.72112393057482
236.64415715351868,99.25324010008197
236.57767664609156,99.53383053529092
236.5531757023005,100.10631949206413
236.47493805490876,100.42100411003659
236.14651054563222,100.72131533303425
235.47257328797383,100.82070620028854
235.00906095964058,100.94123525877973
234.3612894074202,101.17259337464158
234.00475318693978,101.32827669622088
233.56828959880616,101.56463405161881
233.0428402800876,101.83786747479961
232.7271040318867,101.92718725971805
232.17479269068932,102.08631642063862
231.94747560335657,102.20620417474629
231.72596794824895,102.3053943803205
231.52644395820403,102.49763242767838
231.40996056965847,102.55604892942641
231.30443886709745,102.66656511637485
231.14496333771984,102.83520535268768
231.0909889747208,103.00023285685108
230.9494114766541,103.0798347496408
230.87546059784282,103.0753489966569
230.70694883247594,103.07616257839135
230.3631371190618,103.07551672598342
230.28355628791417,103.09125333950126
230.15256021915593,103.18996096833584
230.10566397553515,103.25543736115365
230.0565995076119,103.31363360457532
229.93179039159492,103.38609469279433
229.8431859914662,103.43043716090547
229.68090795597442,103.46008604454211
229.50310024831964,103.479206356576
229.34579086736113,103.50654637683033
229.24344589508962,103.54617807647723
229.1767396705953,103.61550582157848
229.08164675577117,103.66343584343791
228.97581518543052,103.66455981892722
228.79705915951536,103.66922073204186
228.47919853020082,103.58064517099895
228.2750044602322,103.55790181059595
228.1503689743195,103.61960147894045
228.16119653036853,103.69731304737088
228.18516215029507,103.75263595214066
228.17304499728465,103.80679205408647
228.10598080531844,103.81471361552492
227.8196984343394,103.750892089774
227.5247651432645,103.62716887608624
227.1720582456997,103.51364599811144
226.42652240940225,102.90761415048648
225.8989197423709,102.49037272485411
224.78572694893097,101.96486298578799
223.66217290016954,101.64503350572734
222.31759136146076,101.23680595995862
220.26593398517585,100.68744073703327
218.8609076046245,100.3226394640514
217.52988921302557,99.94294186863051
215.35268782895554,99.19966264763674
213.90231733054816,98.4266154809441
211.583500709343,97.09204605839048
209.83306427649856,96.22236120611086
208.03539316463537,95.25311201605861
205.4258174689919,94.05654166220495
203.64629286241637,93.5663498306738
201.15523625293594,93.12501103794467
199.54341626293376,92.98251224624917
197.9669216922068,92.93606362867322
195.78925833484485,92.73670700982757
194.5123088999154,92.65973483825795
193.03424207851066,92.478997717162
192.13427493265254,92.24379749774728
191.42297561787774,92.25067687696256
190.8929520219614,91.91409115139889
190.54807267331574,91.76882082450196
190.10457776098588,91.57535626493868
189.88756065497725,91.6389885672983
189.6260402638657,92.00672085489768
189.23499506610707,92.69605312694621
188.961570879264,93.04592755453186
188.4436182750966,93.66819115474884
188.18931306374876,93.77451770567781
187.99162862712697,93.68697112950291
187.88816180962326,93.66159322853701
187.96792111494685,93.69253131575941
188.41955961203803,93.86832534419239
188.95242794753247,94.14589508566462
189.41934826011465,94.40260117536549
190.03387145490694,94.70215608405253
190.4351382452273,94.61922034489925
191.33918993541528,94.21176039192626
192.3496815188714,94.02026065814933
193.61424996833617,94.02948296957945
195.85051527509142,94.02874033523781
197.66556100206827,94.05891027021704
199.85486505792696,94.20704485914607
204.19448962065366,94.40909163849561
207.66436806735928,94.52606327021307
213.69598727328903,94.52903531188034
218.42659526199122,94.79337540322001
223.68869486990513,95.24723450596802
233.2094227020391,96.35395638308825
240.34401102981238,97.66457852936018
250.84019437691848,99.44906250838085
256.98706377232975,100.3650491699653
262.2654221900742,100.769061736187
268.6587440754719,101.30220501097983
271.9993830164268,101.48893600716728
276.07441859373864,101.4264712024461
278.3756470882537,101.31237141045989
280.4243057072016,101.3008773064809
283.0958906775858,101.49176841021924
284.678258190102,101.62543072707632
286.9598316997706,101.60949639521989
288.53866664443865,101.53048160483439
290.0387062959877,101.36624419228175
292.1479071707187,100.92422138895198
293.5902791805406,100.54446542993011
295.9966486046483,100.16565253846879
298.1045416264356,99.86272465165554
300.84060664542466,99.44246566873764
305.33825807596713,99.7370558337237
308.27189053479947,100.18004269274559
312.017497658802,101.21270904188316
313.9870360677137,101.7624981342298
315.71652395520016,102.11187969911403
318.1146670369237,102.16565378683573
319.8922572557635,102.02024187592552
321.7122842291098,101.95547305928486
323.9878986413828,102.3614247870694
325.02141903126847,102.85064345061059
326.50618490569525,102.95053713296352
327.5436273280525,102.67694847812697
328.5353709065332,102.29910027369996
330.23234599854857,101.48915036935686
331.49666365808383,101.0839351743489
333.4441662265053,100.87841713871744
334.96132791274545,100.59310247042148
336.29265543008626,100.5423445905551
338.0546077760325,100.6508023686985
339.1722742540171,100.41858292160171
340.69114837417004,100.04308480813621
341.51011898121544,99.68174405378895
342.26134104576397,99.22908392739889
343.2051387424551,98.55714131149423
343.74773328610235,98.29650156327469
344.7193142196496,98.0951272372566
345.35600020868594,98.29296028308762
345.9421909717359,98.62364017797881
346.78350140202986,99.00810375528565
347.30126612348135,99.23636880106125
348.06486539993716,99.79067828117483
348.6795476627676,100.32217211945206
349.4032823750327,100.74384296566005
350.660423249451,101.11185073082302
351.49262905322144,101.39209740819986
352.66522366633615,101.69264577550683
353.3190318814314,101.66782279855249
353.9701841311868,101.70179063575699
354.78385202071377,101.9029309800209
355.2089055223109,102.02950022874435
355.59386467900424,102.29816107509423
356.09272838165816,102.47908720444156
356.4904225211489,102.32004486834205
357.16601391953554,102.03945437119636
357.5512665222933,101.81969561211882
358.08765653118724,101.52704568889295
358.6394356312622,101.16001541935039
358.8152959439506,101.01673775445464
359.0813425700926,100.82306100950021
359.2236491880079,100.6837573158721
359.24663178625076,100.39297495654358
358.96603098990215,99.89333369447021
359.1134348918915,99.13565254806822
359.3270842767132,98.724202730918
359.41174649894504,98.62652797814272
359.88943871778986,98.66156651005876
0.8325904601202865,99.12184550468517
1.4464330475723557,99.66776071467278
2.2432514028545256,100.5129714491599
2.8723053877948814,100.75027549046142
3.509320824698591,100.8961017572871
4.58868422037159,101.05663617941968
5.479513113672596,101.14487550774356
7.2776442819973965,101.4352693934937
8.57211350172679,101.80018677671652
9.895182419732578,102.11100241988534
11.596250295382703,102.42990353677432
12.573723082852808,102.64815543466965
13.82409561772343,102.99087095130727
14.604738422766161,103.28646264038858
15.284624748308516,103.59224981171465
16.195111628754802,103.85958186574793
16.663500184705413,104.09148977111163
17.346738295587613,104.28173748490006
17.859714595604885,104.3328271606722
18.404612142536678,104.3827204460225
19.194659142221354,104.38900735457426
19.721932257565328,104.36092616837745
20.219264881772546,104.30434165741073
21.0447605012115,104.04069597979763
21.67497913517022,103.92386750060552
22.705776301919258,103.89254796571689
23.42253744230038,103.86538911551952
24.071010376966854,103.78543863984821
24.837049050456272,103.73119692402764
25.324694842806053,103.75923804403068
26.036190308536106,103.8617185893465
26.637868437634097,103.95288352428251
27.32189802267419,104.06172210427133
28.25609165068846,104.20202776878716
28.74171973434744,104.20507162500738
29.421941377709857,104.13500239316458
29.934103499543625,104.07959957894514
30.50588607229298,104.11092592062968
31.385551015882072,104.09694849787572
31.96187797588152,104.12257391671797
32.67656480679017,104.00719020297463
33.25432700314809,104.00219392826598
33.86909600777801,104.09539474324924
35.27988290840804,104.20038409112765
36.572240509945175,104.22459482789935
39.4373389080188,104.21836628403717
43.62854634446171,103.33028944568196
48.3467978317328,102.82384041339193
53.60545215355347,102.90073534828554
56.05351381075526,103.00106192935894
58.71081067362542,102.69845465975838
60.05897891483909,102.53135737672898
61.526124186755,102.29479224557781
63.48758887491523,101.94260106142295
64.321391141357,101.606846256517
64.7818339203236,101.08217544723925
64.80941075543655,100.34563154142258
64.51455835299616,99.88524180671673
64.12610679909864,99.22403166749439
64.28485266477608,98.70834491946587
64.68533638680235,98.31909632415143
65.28237760570664,97.99820009419366
65.45050649981913,97.9609834962791
65.49992577982113,97.9411776788607
65.50228790833945,97.86598348621766
65.49215009853664,97.76526821452943
65.45097830535327,97.72291872991755
65.46818854918874,97.72938423869597
65.55956780546246,97.88074341358984
65.63740234977251,97.94630509255056
65.62346672532102,98.01371267823421
65.27708535784598,97.97530972920703
64.590944950452,97.87980122483198
62.886552643613115,97.77859805454295
61.17576103017507,97.20803819137552
59.201229238501895,96.53967294781643
55.353653818949,95.44798756693896
52.81888491448879,94.77382490119811
49.132706212877906,93.88788947921218
46.85515845994942,93.5245476747444
44.87011544125184,93.1648618001894
41.71873049040943,92.92750773031025
39.54341513277035,92.79890600090961
35.605517912434095,92.9148344407033
31.64275919393043,93.25473171467159
25.247795444112853,93.69064214357815
11.864590613099182,94.55555582694481
3.2817836551094217,94.660624848432
355.67001006924977,94.929230691968
346.32074497536877,95.01188517657894
341.33328197487566,94.88474465495162
335.50952330848907,94.75803372486934
332.3681651780761,94.77399122387887
329.57259039330427,94.70723356923757
325.64088590708263,95.02266450144187
323.6254934400277,94.92765085648604
321.7814339129658,94.47586675907348
321.064886068156,94.2039451788973
320.7789443884244,94.30680506595579
321.0804665157815,94.25357026143747
321.3682106909428,93.96236548739313
321.5175529630111,93.76455106478176
321.41500627745273,93.65666969326699
321.05942832372807,93.61244331760646
319.82415918322835,93.80607281819142
318.9062166253017,93.8607438334861
317.71135596985965,93.42703613930458
316.92536453733624,93.21462687737512
316.1853101467254,93.08471827776224
315.2663394676015,92.78782691213715
314.68144856530694,92.68672281125856
313.83555108990913,92.45066685283167
313.3760210659417,92.13805256350688
312.9441855517321,91.98844764758533
312.3168510423558,91.58953990958436
311.8207859778354,91.37317138760578
310.8072236995554,91.16063292891889
309.94581057462096,91.16631332268338
308.94351094490867,91.16164655180866
307.23871046236354,91.3511313321973
306.168891571248,91.43832602476668
304.5839011988934,91.71749983018088
303.51184656057114,91.856230452213
302.4426243614545,91.93103684058975
300.6447931726318,92.02592629761384
299.3095211462579,92.12529394353614
298.0188474940367,92.06346948667408
296.2002187451213,91.91667141268475
295.0403451340609,91.82769402921252
293.41880052191044,91.66714402430668
292.39775941349853,91.5204446634569
291.3128570692352,91.39312817388561
289.7865490216528,91.27410586069593
288.69561298661847,91.27216068428515
287.11208215606496,91.39714675419187
286.0883650711892,91.42338706188606
285.0732678372572,91.40560336553504
283.6095201311549,91.49602411041724
282.6463345058185,91.53073934907538
281.1540895239482,91.51979986244946
280.14689215646507,91.5702691197597
279.2047097085854,91.44424455519191
277.83977690964343,91.43449807984891
277.02464484251374,91.46562539131058
276.24301312950536,91.4234522713128
274.80196151811106,91.60134952802538
273.7794542594028,91.61539676132648
272.33264274168226,91.67124664529457
271.55770847386174,91.68764282652931
270.6475214256674,91.62174780864166
270.1412686026024,91.59393595909263
269.724499851853,91.59494062300232
269.09494242150316,91.61285757767678
268.70617747688044,91.64465324139844
268.0456441203904,91.74170033378314
267.6431217234288,91.70072042747705
267.1704611110788,91.78157279054193
266.3422794861228,91.81301028191916
265.84977548665233,91.80026260270358
265.1532979849941,91.76780157665634
264.7476450721176,91.71575573432246
264.24269899618787,91.71831291475985
263.3052699024335,91.63263796964611
262.7821296496951,91.53102956353743
262.3452691117028,91.4145492341224
262.1363046320304,91.33284725414524
262.05226415151225,91.33166863385473
261.93835991093823,91.37021134975956
261.9030098330492,91.38708871970357
261.8093241082422,91.27319719969789
261.45785365743814,91.08977138358658
261.27704529956554,91.0434981578398
261.2449083970665,91.03395617673166
261.4003564236724,90.93025825835713
261.8093749553817,90.78724587506339
262.57997008318534,90.72087846167841
263.13295371128714,90.75909855598655
264.0462271708242,90.85642043843706
264.5837552904772,90.9819099680142
265.120398188045,90.98065437375455
265.82062050346394,90.91041479441448
266.1952014343989,90.97253998662455
266.54677056228627,91.15021988456108
266.62600276551785,91.31717214290835
266.6908534072353,91.49526990173798
266.5240862538931,91.941515800201
266.28083191347855,92.2516308683015
265.74613039917483,92.59007870834945
265.1641811716354,92.63321282543022
264.5058678919565,92.54944750396841
263.2744501892255,92.38996484813603
262.4239561891371,92.29398660610028
261.13492122256605,92.29130357516233
260.19506139604584,92.34733820364188
259.12627043017596,92.35407300941367
257.42143653273223,92.46730907785415
256.1205903838433,92.50532803371257
254.8242173582869,92.61788095918239
253.08111645653804,92.87789140598574
251.99224491449036,93.00069178051398
250.0618874686673,93.14347656260895
248.58955275642683,93.1797152148906
246.91691624749063,93.17766602984089
244.0536337491943,93.19431648047465
241.9796350570485,93.25801194339833
238.77787413966593,93.49393098588243
236.74126828599202,93.8099612684665
234.91827605683847,94.09161834489393
232.28939710184636,94.42655227870156
230.42388241246638,94.60921440116684
227.4306446798549,94.9373558413195
225.30563919188637,95.21145376134999
223.13276253032433,95.51847095926132
219.70883491903174,95.97577660259938
217.4871624777034,96.15416580139625
214.29525501489417,96.28059048244016
212.41360484633864,96.27908164289198
210.70437481109389,96.2979455312743
208.39789701631668,96.28403993937967
206.85103240970162,96.24445167234005
204.40998709224544,96.02619991934574
202.67803034474585,95.91045358015549
200.9081997703311,95.84735744991293
198.33443622905827,95.66188402429418
196.71613339205913,95.53241002563072
194.43299017369694,95.41674924516232
192.92535968134527,95.39178013734487
191.41743371614834,95.3533674832778
189.1807488963991,95.20359164903833
187.7503392019834,94.97249528729505
185.70359678981782,94.65866813002135
184.39844211081552,94.50769564012646
183.16967304327744,94.30720595807927
181.43969595717758,94.20507202083142
180.1381248234988,94.23250716343577
178.73472254117289,94.22143770247996
176.75522622981947,94.23479583279455
175.544631206986,94.32844445424132
173.9559523261607,94.61087657180121
172.9317510344804,94.78939367671079
171.8116371456734,94.9424870326347
169.94537285159933,95.19735235150317
168.61464555647947,95.40855389520549
166.65604547818828,95.57530236893183
165.3663951462363,95.54855338849924
164.15228679964287,95.59119932451674
162.38733711758135,95.63076671452129
161.13634782710503,95.68611806602681
159.0917278579947,95.57932972012757
157.5377627570827,95.31814854946931
155.7081980438624,94.93203766386995
152.7492563861787,94.40989172785319
150.61500617995335,94.17047495878654
148.20998724939707,94.0048270035657
144.53513512750024,93.88229118789903
142.17434275305752,93.88018703549008
138.79395211217508,94.037524474421
136.8037906766001,94.26527652233733
134.3705161647868,94.6108135418429
133.06371592156978,94.87625846885058
131.73510032084556,95.14108064824846
129.33958483422745,94.97241421495306
126.9933306744918,95.00833164405611
124.55775356728256,95.16246662978595
121.61907880557825,95.3851987249398
120.16620901318664,95.4016423108003
118.40353427460386,95.32656174945048
117.48513413252843,95.18861377871379
116.60435099648495,95.03209292954573
115.34562623524594,94.87670491669938
114.46557313796079,94.78800223303492
112.99826674401037,94.74618382016719
111.90438248817814,94.73538054885408
110.91695200820955,94.64449397871911
109.5421379304313,94.49848606248278
108.68849367431311,94.35680070524866
107.55351865413483,94.11416556357776
106.71511123024737,93.94917650098057
105.72408263090226,93.85164151971816
104.04216207313603,93.6967744301125
102.8056716203839,93.62411908408245
100.79165339088172,93.55519572062965
99.47849008522972,93.5260646262978
97.58910877953514,93.65697205975135
96.34534358364472,93.71759081025309
95.2253193659985,93.64139214552088
93.50594341124899,93.43351152348616
92.36225243963483,93.3794813382118
91.14690115243434,93.32771152629995
89.13202394345977,93.48685414269318
87.61904941960839,93.60766854854757
85.23548149840019,93.79501494897968
83.62497003771843,93.87638020348265
81.98428123316884,93.9319389149173
79.61351827181245,94.05745106498851
78.14989032305662,94.16682083065989
76.87057051709532,94.25911312588494
75.1366962646916,94.34009699966033
74.06212843867426,94.2390873032271
72.68745621837058,94.23074316952088
71.7664489487318,94.24336187347306
70.42830351094045,94.43926516150843
69.6482524297795,94.55632432613686
68.94272717338852,94.64717323942288
68.10616902177807,94.615689625264
67.66821470907371,94.58218501060566
67.2863775289322,94.48364683456037
67.0144118459772,94.16346877321094
66.98153979049859,93.9675124013635
67.15015505358647,93.51033923670805
67.46267344252468,93.28198419066467
68.09446177400426,93.11035570699737
68.88313596165517,93.01685189125399
69.16556790819862,93.06562140972893
69.16546886957894,92.96893745070105
69.2081605937421,92.92139666664829
69.24071308945892,92.88618190707226
69.24989955670095,92.8608891864698
69.25144889645843,92.87382976324876
69.3432980818295,92.88734236649715
69.50332252631804,92.87568079027206
69.7773703888938,92.86166610283584
70.2336187025516,92.88996440406099
70.45517035279647,92.8562422595185
70.74602689887219,92.79492749811877
70.93076251631032,92.8086697736078
71.06582261613426,92.8323874828095
71.15720239093478,92.84661445981205
71.22608831137795,92.86100066027325
71.29687031818774,92.86234455589485
71.51074896290389,92.7733720432056
71.69836642569827,92.7231992912793
72.08505333261216,92.6160916535964
72.30780838960541,92.56023011362129
72.5819523807482,92.49612909048645
73.21160295398204,92.40067980005048
73.76114496154538,92.32626389293634
74.91964763471698,92.33256919775916
75.89469837202365,92.49409608429238
77.26000767872159,92.86159688916749
80.82157588935982,93.76208981683952
83.94631186955854,93.91201599191565
88.3034470452341,94.0143669480667
90.74560242143576,93.86554655557444
92.8263847436539,93.52989852333606
95.24010152413315,93.00231431910191
96.44556012490771,92.6777186301036
97.80520173080438,92.29039300305212
98.38752960781592,92.13152905413637
98.86805686251108,92.01013161178106
99.34736258722985,91.90084172954134
99.48180953741524,91.9345578244975
99.58329791950567,91.97829005458118
99.60941971511983,91.9906580856821
99.54940054058282,91.9965628087584
99.33467928064188,91.93704200698917
99.2855020443686,91.90970725118565
99.32080196725111,91.91748919401648
99.40398560313764,91.92001730495885
99.50926328973462,91.93014808651185
99.55646356664849,91.96204631305356
99.54405108288633,91.98683146051532
99.43030617270782,92.04973394264272
99.32034027327613,92.12461389134046
99.25266612361925,92.15890867258108
99.21897305858135,92.19281724701331
99.25051188710731,92.19352532846474
99.33151191036279,92.1651295268569
99.41964255552571,92.17169109597455
99.43533709222629,92.18086811550923
99.35490711270259,92.21435411791434
99.2366286269876,92.20213705416225
99.09557576334097,92.26041305683268
98.98143190035789,92.49091947489696
98.95923529593169,92.73767399225686
98.68407510168683,93.07722267861092
98.58266567661832,93.24525428085727
98.38167860406502,93.56128601297871
98.29361911567658,94.16886260249515
98.33312533601935,94.66366494107007
98.40303007167917,95.33428172417422
98.64509486920505,95.62489457636839
99.0841431010068,95.62547995588852
100.36459551102993,95.31844693896768
101.46472065636053,95.38406370141473
103.02266014479399,95.63316531888502
104.07875778934661,95.79749489595609
104.68586391490385,95.94581888898159
105.12064227900503,95.90040304591965
105.2374355257618,95.88977578508688
105.25994401059646,95.73243184944482
105.33808079816485,95.73908405457273
105.43552918665983,95.76538212901774
105.56397562319543,95.79697028267815
105.67629600616958,95.77282163367576
105.77256561020447,95.77737391273195
105.88434234561247,95.76162434269031
106.0334107008828,95.74838963401078
106.24583724823846,95.78587092238388
106.32691054190974,95.82160048471646
106.43269282899914,95.88103503191233
106.46944670104173,95.93096234236131
106.43885103037445,95.95443707748832
106.2973537268039,95.95344509296848
106.16612984698965,95.95369901090373
106.00552282818235,95.92711070193741
105.74639078047088,95.76336561740769
105.72439160412284,95.74309866991936
105.68963346841254,95.72628228413058
105.698447808161,95.71442302437981
105.79042448695473,95.69866969987753
105.86567142723831,95.69697290163353
105.96717681185132,95.69253097654051
106.07167838070521,95.72661377875794
106.14667819970808,95.73295565445122
106.19606380296977,95.74293379312053
106.24093419456523,95.74230889463861
106.2460944976941,95.71726053076685
106.27246431757045,95.65124529935515
106.29119663524784,95.61807009733305
106.32621105555287,95.59724814850105
106.36785062752301,95.61580965107886
106.3701134452667,95.62479412301278
106.33118882922514,95.62656401150028
106.2896358982139,95.62728337711486
106.26146616179092,95.62836013578824
106.23782385936984,95.62503063289739
106.24407234055903,95.62289016435501
106.24621151401053,95.6209396241712
106.24915660187526,95.59078033718288
106.26312869451746,95.56695963539696
106.26388930687669,95.55611303227703
106.28118551959156,95.54974251093425
106.28947158652333,95.5492333318043
106.3031928439724,95.56202506814545
106.29044652463203,95.57966979122266
106.26671689656749,95.57494292640871
106.24453236951865,95.58932418420366
106.25258872220049,95.6118020479163
106.27930239868688,95.61861180709292
106.30371299625826,95.61947192753627
106.4176962465663,95.58961912428985
106.5025185239852,95.58406212618824
106.58781515602749,95.58909211012393
106.64891235581266,95.59308150356476
106.64568132247408,95.59892366451425
106.59961796628605,95.60970120262547
106.56019507921681,95.63487364020983
106.53878137463512,95.6587718857428
106.52752687180846,95.69639222885854
106.53454112197703,95.71417363709688
106.54390736045686,95.73489450421044
106.55623550826932,95.71845891007413
106.56446441177484,95.70143185888249
106.59900786363706,95.67882951239976
106.6227266461835,95.67739382074609
106.64079031810327,95.67282923337044
106.64132829510613,95.66900341096337
106.63106720426637,95.66527236263964
106.63268486179247,95.65787017152572
106.63221541627148,95.67133083160641
106.63267949203201,95.67302054127961
106.63188086736082,95.64842970902778
106.64446864412265,95.62549647935535
106.70355162510299,95.61614178462291
106.75112146323245,95.62507632284381
106.78500032874304,95.63271308823623
106.78213047768526,95.63287229125748
106.76862582291993,95.63431787878037
106.7335767128852,95.6435253592839
106.7188083441258,95.653479939871
106.71521665390871,95.65899668693119
106.72345900473367,95.66979991397758
106.73168867485671,95.67319729358559
106.73102165687217,95.66704152259985
106.7432532269187,95.62330130338175
106.77222471808132,95.61625890938305
106.81518954315045,95.61719792333594
106.85287425789687,95.62272092337102
106.87812759731672,95.61745422348072
106.87837450488418,95.60421590825533
106.88434645830677,95.58086828888011
106.9326863964036,95.57894095091441
106.95516575435579,95.59197335390314
106.98480016685468,95.57878205044354
106.98207324069186,95.56422387118826
106.97332436022559,95.54626569638303
106.94354578466994,95.54680918188235
106.87487979923306,95.5909916983685
106.84252494530766,95.59023920590984
106.78360059227657,95.5649859785319
106.75410153475424,95.54711243609607
106.73710072647344,95.54777314858839
106.74524925316763,95.55795761849267
106.76399541866196,95.56829016677226
106.77272971792532,95.57172376287635
106.76242694039526,95.5671074682312
106.71153113096646,95.53670805036813
106.67365172401534,95.50875741187156
106.6426725411831,95.46243639071889
106.6279048731511,95.4381476930525
106.63984014838708,95.43448341847353
106.65790876149488,95.44835547389364
106.67523993151076,95.45431372653171
106.67988145401475,95.45465113361942
106.70181526046201,95.43039264420739
106.71005131791856,95.43063780164661
106.71778146682001,95.42931318372288
106.712258479115,95.41312917421422
106.70679123218201,95.39757804811066
106.71195558211181,95.38022883283486
106.72133192298348,95.38642484287574
106.714484760486,95.40329638488787
106.69204223627159,95.39892527163157
106.66441032960132,95.39203717021101
106.62375826586096,95.39378539389804
106.62074662837536,95.39085228841427
106.6140666280335,95.39731660564674
106.61520930010968,95.400936535991
106.62620971563476,95.39780858580407
106.62427496378426,95.40118569856561
106.61962869604382,95.3778569537437
106.60344361064075,95.36099343750092
106.59621596004956,95.35674520348346
106.59577182436622,95.3684238552775
106.59204223695882,95.3779780600735
106.57950750348375,95.38531525867106
106.57659322012192,95.36007983703948
106.59199144997986,95.35985322685715
106.60912537010744,95.36960419311785
106.63085458192043,95.3627919262482
106.6349574072136,95.34348563139208
106.64917232280713,95.3157444024551
106.67877129213682,95.3144810875777
106.69729214312414,95.32155500987969
106.71856057540279,95.32528799111664
106.72626061537213,95.31854614398577
106.73889674117751,95.31898869984113
106.75043032143292,95.31673253606257
106.76869263266364,95.31074575508238
106.83819886529074,95.29700312469183
106.91178972091483,95.28494089637246
106.98580952482997,95.27338504156917
107.13326185263914,95.21987478771118
107.21336251034614,95.21114705551246
107.36288206415057,95.19056229150362
107.44632724839508,95.18282365807697
107.54480796760814,95.17650649890062
107.7111518266068,95.16191095833376
107.86127568873803,95.13792991390781
108.0985315386167,95.12843905476414
108.24480207221846,95.12838258717792
108.39856480706827,95.12170320205522
108.62479969973899,95.0472711566394
108.85792499946973,94.98314913169648
109.38363220454382,94.93215433180511
109.84834674311767,94.91890033666147
110.26532563129503,94.86497263253202
110.98764048825365,94.81587900142368
111.52007228525594,94.76517565087886
112.41849768104201,94.72417729550939
113.1314734170403,94.72195921221332
113.94303222715105,94.67068809763838
115.37399130558636,94.64407653300269
116.45357823042988,94.61382646402019
118.38253373619077,94.56715597088147
119.81916274079542,94.60682242568414
121.3487280872477,94.61963327851575
123.79281594776208,94.69177845105332
125.45987219424129,94.66682986654398
127.19327323747883,94.61562375756031
130.00869009999067,94.43437108114495
132.1161553577333,94.3680399547585
135.91853528044234,94.22011374918726
138.64229878052,94.28419260017897
142.83658766099066,94.50545532246976
145.7414463771365,94.65451347447902
148.83004339998493,94.85168027968027
153.69989447398024,95.24564480587743
156.96285558690067,95.5714496597984
160.37369794566916,95.93387663500505
166.2552785091475,96.79921858219022
170.31178973733552,97.52007909384575
175.9162216480211,98.36166034306942
179.36884588860738,98.6274284949926
182.29401015125654,98.67888248701009
186.02465086383262,98.4348432768076
188.12341152656396,97.95904788969017
190.54037717701632,97.38935832592227
191.53851901140624,97.19389135829415
192.2870912943764,96.91541831955682
193.1110088666378,96.55768436140161
193.39809863908474,96.39146119521764
193.44885757325073,96.28277480697128
193.4177638067663,96.1504851521476
193.18497717986725,95.90693559362488
192.57140290402427,95.49936941048942
192.05355618171257,95.41993215746018
191.92034430593935,95.07707823349355
192.1289455809618,94.98209779767001
192.5000468104633,94.95815518169526
193.31309841844987,94.75611194162634
193.88144944526417,94.600181045826
194.45071438078546,94.59280458992504
194.62991172990604,94.63156642037205
194.63682591053197,94.69407284174517
194.33975981431686,94.83401442274538
193.93075606858562,94.7683857630016
193.5014634214568,94.330887303741
193.34944781867193,94.02203966786136
193.29987603747296,93.73551029988191
193.5013681070628,93.48724350852154
193.74841341860346,93.51693190063484
194.05628548382327,93.6103612776499
194.23402372452802,93.65145378342098
194.38462036049205,93.62042400088676
194.51196058615207,93.42931648288184
194.54303253738308,93.37101696421296
194.61278593970582,93.35505107864256
194.89402035203182,93.56301684419955
195.094781770486,93.68437648840879
195.30653065665044,93.68302303875033
195.54183157940227,93.60952216509374
195.77832356584457,93.53527732372531
196.21704056157765,93.42564808618094
196.63545846356692,93.32328293392911
197.4099700805901,93.20134393081733
198.06748042729902,93.17201859789719
198.75715127726878,93.14752703084693
199.74174787555324,93.07860313403344
200.42919212163406,93.08277095026165
201.46526851778322,93.10492321534046
202.13018631135938,93.09768697997939
202.80668884482165,93.10041408762086
203.79081001332744,92.99479103782132
204.45733301491626,92.93645295113443
205.4031438439697,92.84819823809161
205.98729355448137,92.84583723649533
206.45493060145537,92.84797777087057
207.0201981873694,92.75769345609733
207.32873465937587,92.63769711244429
207.8630699795651,92.44281091391107
208.21585847279434,92.28850678758519
208.5908019204288,92.17322867796197
209.11066863718906,91.89629430622799
209.3601916854061,91.64385078302654
209.52798546882283,91.3119381320651
209.50762315692128,90.87410073271663
209.34916848231822,90.81206684188125
208.90726025570785,90.95933683960018
208.43302040511566,91.05531034047321
207.3276271844981,91.14940446904085
206.25644709566174,91.17669206980476
205.02761087169466,91.22621750249961
202.988154998923,91.33378378331767
201.6014605887225,91.42059157161141
200.3180363592022,91.51169396146038
198.7770077856957,91.51495879580239
198.185225233653,91.52555173216031
197.73102662986855,91.61742737774796
197.71922806809204,91.73765668519252
197.68202159680544,91.84323647190578
197.507512656643,92.00465619468193
197.34757788325797,92.04006974607881
197.0391470379118,91.99318341819742
196.8003658917047,91.94204786877715
196.70040340514197,91.85861803982446
196.4905582484293,91.77665153728259
196.36368843234902,91.76063395822806
196.1454988573649,91.79952295869742
195.94920382311363,91.84512963506468
195.72114919230674,91.8704354462115
195.25997459927208,91.86734965181263
195.00940479532233,91.87518490507179
194.67862661295914,91.82677745291143
194.59004770922314,91.82045786039477
194.46753794697875,91.8167350920503
194.31523750452857,91.75827660315863
194.22030060273156,91.71693443658603
194.09971604892345,91.65225031802731
193.95478933087816,91.58827709785558
193.8750417991497,91.53387512411251
193.79777835458992,91.46665282040911
193.7746761106128,91.42692790351404
193.76000046642088,91.39796863841707
193.74360397723854,91.37550649353226
193.72429942185937,91.3714645555014
193.68716669087124,91.37147352222215
193.66038752273056,91.37324088360481
193.6462769502,91.37505540576811
193.63911102429478,91.3770638923823
193.65601132013654,91.369855271467
193.71322152536624,91.36531240519066
193.77397060052147,91.38551147910162
193.8739978957728,91.43214021527677
194.0772433288592,91.49213844859598
194.2233569807152,91.55524292869573
194.36595286840551,91.61867395374932
194.45404056344893,91.64531445887285
194.53135792511338,91.66270817289289
194.64071734293205,91.67410949256782
194.74960913889709,91.68910958439008
194.96523929278925,91.73173233409476
195.11552346318305,91.75065332810335
195.34111846449875,91.78683634791915
195.67911077370113,91.82409646912876
196.00144756657681,91.84315287134743
196.75653619807377,91.86588414445515
197.3297030715201,91.8854971040047
197.9415303232434,91.89593518935689
199.21058029812298,92.00173883747028
200.24865302246985,92.08931368136598
202.43753184733032,92.34776498849016
204.79815404265088,92.72672775679547
208.62863350413974,93.30975930356936
215.42333865919807,95.2496004884182
219.11601468226684,96.07028588720085
223.6852927652345,96.30780266744522
225.9979580657145,96.18334263221016
227.64233974660397,96.0077913107905
229.22732259888758,95.69469027748943
229.88286337504348,95.42885367265407
230.49426789208843,95.1838852544651
231.72196435580815,95.10775952529498
232.43485934675513,95.34846569075341
233.20576220016378,95.49263633435118
233.48824718277473,95.34215221708797
233.5500663210128,95.25283018969293
233.6737407690021,95.15406036827785
233.7016526861629,95.09398915101028
233.71461044967612,94.95130379950686
233.72133762782119,94.8607166208073
233.75438419512884,94.78018030818355
233.85451760657557,94.66348033365594
233.9169267330917,94.627714116188
234.0178118469456,94.62830740144854
234.04809882164656,94.65232572537344
234.04438832433345,94.68683818544432
234.00073276741608,94.74955702437681
233.97838118312023,94.81568216015742
233.8927265009855,94.94889369896269
233.7736885848086,95.0121223149467
233.6515210355875,95.04611541838675
233.4373366262717,95.09045637582018
233.36945791160247,95.12456829048153
233.3179537044179,95.1653479742625
233.3228314743231,95.16728646388911
233.32694440275293,95.155512317248
233.32518912202497,95.12642388070688
233.3274038758289,95.10957553141897
233.31568890842283,95.07719479729363
233.30481749869983,95.03922186302106
233.29733837423944,95.01295796692372
233.25324088729704,94.98351648217161
233.20027019589634,94.97959026132695
233.1512182432621,95.0056559538821
233.12817935185862,95.03748164378361
233.09719841210858,95.05565292104477
233.0385196110268,95.05533603783813
233.00173423489986,95.04583888114345
232.96368088615543,95.04580301824828
232.90584545631623,95.05595549697959
232.8623119642756,95.07870811308605
232.78887532643,95.14670759334709
232.75233478107037,95.20084011185156
232.67869591576564,95.26263994366367
232.45740934066316,95.37520680064239
232.28678993904612,95.44770063307281
231.93517636676526,95.8160077160232
231.55838155853723,96.11865580474137
231.24592915714828,96.3620266083961
231.06292208657118,96.48004636006453
231.23656267974505,96.55491945776268
231.73525331946558,96.83445657876291
232.13051332918104,96.9416112891342
232.49484047254006,97.0571107495195
232.9490888436105,97.12085913228043
233.14110410750243,97.1344520634554
233.26195734837887,97.33541358518501
233.19846389150055,97.45315666344098
233.0712954181902,97.53268931691676
232.80746004548112,97.63417636814081
232.6485162345165,97.67995800195501
232.3823155658638,97.71200747052151
232.2674316629722,97.73240938308862
232.22137223440984,97.75426196274167
232.27618545918716,97.79433897080193
232.3499737609376,97.81681868960294
232.5261611846851,97.80619040495189
232.6076584109749,97.78147488371101
232.67160801714374,97.76655400092042
232.7202245555436,97.74495621628641
232.72237787893272,97.72955734087692
232.68603749609233,97.70357415756169
232.5476632637668,97.71323394661339
232.45330606771807,97.77210338565051
232.3105309283481,97.83603982622324
232.21278762804812,97.88371082572374
232.1539691668422,97.9083448201124
232.10744432769954,97.93270121352724
232.10356391173087,97.93582657116033
232.13094040258233,97.94096905495802
232.15515121246347,97.92761090733438
232.19414137659567,97.88575300343658
232.27779059993458,97.79651485320102
232.35766719109392,97.74271115341617
232.49227070663778,97.67623792690752
232.56905086553726,97.63045409814931
232.63974963080403,97.60636040336253
232.7302542505023,97.53637766299394
232.77581107246536,97.49713659720551
232.82901121879527,97.45196698183929
232.8514777313202,97.43070016300977
232.86816580743346,97.43133136798085
232.85527994553988,97.43950166712852
232.81733793086022,97.41532610320454
232.73151674976856,97.42365749843177
232.67106251989793,97.45381344937331
232.6242646448227,97.48976193188932
232.5588756987143,97.52994851004921
232.53018220564257,97.55271407732232
232.5142514419954,97.57550770382834
232.44986908911181,97.6252075833788
232.3407702385755,97.6975835607227
232.00334616307393,97.73469731695293
231.6158448651227,97.7451067187201
230.94684983792897,97.75688524456358
230.4668638057561,97.73944555141387
229.90715390741815,97.74165666768066
229.05569901161442,97.73607816168308
228.53998930963616,97.77664912284648
228.09710254525243,97.82449408677209
227.41067132539462,97.89168596662284
226.77367679554897,97.9009050679939
225.49895479002606,97.72181187858976
224.58117816050492,97.62255792905442
223.5943074653442,97.50051343025478
221.9574945637466,97.49212629752137
220.74184966764713,97.63424410773773
218.2830637543323,97.52976088361733
216.2835811856351,97.21313732805122
214.15493606766964,96.76327090044002
210.82304692952846,96.0371557730783
208.55258543071844,95.52557762351726
205.29965223498326,94.73938293429627
203.42046517067877,94.31616071663393
201.76592929442486,94.02696123162373
199.8368624244616,93.83079479150432
198.94354841175115,93.86021955793238
197.82593758441234,93.91675328382236
197.21392506810378,93.97442890875958
196.58098293249373,93.91351526738875
195.61307474212236,93.4047053113273
194.92494800006057,92.97079714251925
194.11516484889583,92.62730256094676
193.7187953494965,92.55422821353967
193.3604715925404,92.60763218289587
192.82246363895396,92.63331139231083
192.30525665610617,92.47483486244464
191.61093023780126,92.14062372892157
190.47469176214747,91.66774111581753
189.58986766965296,90.97590887874235
187.7591898259458,89.29298810641603
186.5460374107894,88.33773388121188
185.31238073203974,87.59083820722346
183.95231574680122,87.52180911021937
183.40555220941735,87.75529512479476
183.17968406632082,88.30795787102892
183.1725860597952,88.6769085509675
183.24079316651387,88.93710789084051
183.27695139075604,89.07861409163775
183.2874328171855,89.19826073239702
183.18540614994978,89.44032392106656
183.12015370467057,89.58264255679973
183.0513702478742,89.72154876468112
182.9563766787579,89.79418329490981
182.83802200523485,89.87758613757211
182.72887058619898,90.08537434956169
182.63941097213385,90.24206220363479
182.51994462049174,90.39037186874252
182.34223091793643,90.49276225371703
182.13886118254445,90.52274579477624
181.80395160772235,90.4800426156461
181.55959267759917,90.44107200834705
181.41303835063897,90.4101191050079
181.28877818324523,90.41431108777769
181.24906921055666,90.39714480980363
181.2737616912108,90.37898850712389
181.32859543196238,90.39051068256502
181.38135116193413,90.40399486905424
181.4683703097691,90.43252392016372
181.58388674806844,90.45242680644051
181.8184194003415,90.48280463614365
182.43224183824876,90.50291964391361
183.00044229224721,90.5506647358238
183.94581698633124,90.58529501444082
184.61404158987656,90.60796328439893
185.74627912901823,90.63823882481036
186.5994156607635,90.59164648564737
187.55546473872016,90.52846340942092
189.33147342662707,90.42817316984751
190.85018182269113,90.39448883838179
192.69385892609333,90.41535754973833
195.74252097396766,90.50786306959684
198.12899638789918,90.57103243275742
202.34137514457169,90.78671485662149
205.653691311389,91.06493155520437
209.36296525617763,91.52426140362348
215.48223543233274,92.14604331238365
219.99507743489465,92.39670273781877
226.98397597393068,92.62237370547713
231.4959361949043,92.70225417055883
235.71080421117924,92.74201326600785
241.34504389739516,92.76116906069346
244.62875474476175,92.84069313798226
249.00797745948242,92.99442324947464
251.54868433237357,92.98106616090045
253.96289373394367,92.93100973612549
257.36083157817757,92.77428173014758
259.5802269057777,92.57895746926644
262.861717149785,92.35454255046965
264.91556113131685,92.2582001179413
266.896524637801,92.12728186878635
269.5657435451657,92.17287505033023
271.15124891547794,92.39715927503036
273.39485061786473,92.34841305003425
274.9185848078241,92.0973237858457
276.99794987195344,91.59328188093592
281.2938536267508,90.83073100575335
284.10780950206083,90.70654850506912
286.601129096073,90.85058160966686
289.46188649316275,91.49347176573218
290.94890540437075,91.82965191292192
293.08516342373275,92.04975534737191
294.7796744076177,91.93864531556078
296.5108616925081,91.78174464774862
299.04883298757375,91.44187211948945
300.70230138312286,91.01739641635008
302.62899652053466,90.73146073982959
303.65094871148193,90.8123933659794
304.80469066572874,90.86618593074203
306.8635377175924,90.98353209748734
308.23128262204085,91.13384163944353
310.3794894986034,91.38475621200317
311.8136098006266,91.35712716620284
313.2658314156048,91.09738566998259
315.3404720880525,90.85467301456472
316.79890167782264,90.776495343484
319.04832630788246,91.03692889790395
320.6638557398095,91.49059047615644
322.4924153937277,92.0608137891805
325.5726670653575,92.88802023302499
327.6717631624485,93.49128505440291
330.67030495564876,94.38088743779036
332.55570109522523,94.80515364575305
334.2404911333456,95.13832488467862
336.4749770164783,95.5710199870423
337.7927221309729,95.89902536093715
339.7374748532008,96.59860738146696
341.0986814417487,97.0121988685031
342.34794675630667,97.38926621310183
343.81921207834597,97.79125902150649
344.5076474739179,97.92776202993758
344.98530337239515,97.9226906374826
345.3836000348763,97.79885280920291
345.56050739814157,97.69450875435372
345.6814996549084,97.56105738480046
345.7311016448487,97.44124446442395
345.5583132889236,97.23853006661292
345.29575879413346,97.1735535165606
345.08520536785005,97.12148077269514
344.7677380548105,97.10410384031098
344.602762453977,97.10750707032801
344.4519803309482,97.10971294489042
344.3001135346419,97.10699357850464
344.16878664331864,97.06032697894645
344.07321781880637,96.93692078171811
344.2339816985611,96.86870663910636
344.8003122432824,96.99714948858238
345.87346193057476,97.15814631086043
346.5223505770614,97.10985254571344
347.25111499761215,96.85713784222926
347.56597233777995,96.62798014597053
347.8084157727459,96.35142011115276
348.0883156812828,95.95973928077714
348.42163141488163,95.76261472281374
349.1250680195206,95.63516850684283
349.69485117010015,95.58652976621954
350.22917353187484,95.54506529864855
350.8339553871001,95.42420370235149
350.9875852931442,95.38146176438491
351.1076220923674,95.32064757980127
351.2080239046901,95.29832101124954
351.3085449701564,95.31721705700842
351.3445487522097,95.45595166077635
351.31931559981183,95.63342049163222
351.2316127610351,95.82918863937832
351.0470641919717,96.06544096410664
350.84988221979836,96.21445103639118
350.1931587301243,96.36694218389007
349.79540920394936,96.33980550733126
349.31676882131353,96.25297235586324
349.09533250919173,96.16918252936895
348.9940805002667,96.13953108398071
348.7608590742608,96.03181452506487
348.51975387733637,95.86724186579626
348.27672987053916,95.71578384894474
348.0751658959493,95.5997228477047
347.9412280525694,95.50714078659769
347.5820361778651,95.34051410638953
347.36536210071444,95.16390708292516
347.0174863831063,94.9953286851966
346.33672082747125,94.67818987393935
345.64100472484336,94.40970180305268
344.39886743783984,94.0080608524991
343.45846086920847,93.76810220836852
342.58630739543804,93.46387204157719
341.32503580184925,93.13123634993528
340.5658051899255,92.94883417473754
339.4082578837703,92.8471613489557
338.518997279087,92.92701335524089
337.2753703969272,92.99157349526104
335.3319018770911,93.56530265268837
334.1761570256855,94.04273267635173
332.4966803810063,94.40509464795527
331.08185303127937,94.54587078293338
329.3725993265178,94.54871563831773
326.3550471368768,94.77825105087226
324.359827976354,94.78614972614757
321.51840851791474,95.01501879736927
319.81530710676066,95.15684805018053
318.0549681881931,95.39687325409625
315.38455050014124,95.6506280339545
313.4746157040613,95.84649521523814
311.4957581136935,95.96143339883345
308.1774801083359,96.17493003505508
305.7324013845801,96.1996058376011
301.8882031478672,96.22140987472275
299.4096485587793,96.19766101292339
296.95181255958414,96.13793786894875
293.4190244217847,95.96377540879823
291.0024321477593,95.89438799627328
287.4404188291283,95.67500036317628
284.9253860305981,95.51611050343026
282.4088245405634,95.39522726959979
278.5756398017209,95.27816087416377
276.0160795102198,95.26528977812025
272.3424395447671,95.15299051640442
269.89449525854263,94.99206436277521
267.52933735135514,94.88872983469466
264.0696440705027,94.90134758091351
261.9104591782001,94.83387447505946
258.9686769848786,94.75606483032634
257.2251594087405,94.73941687203606
255.53144494619877,94.81314941946971
253.027619599774,94.71366552207235
251.44070770745617,94.52545892185371
249.1068855828653,94.22250855399858
247.69688242432773,94.01747485835571
246.44558847076308,93.8252400345214
244.7660406549854,93.5097206579105
243.7814390555815,93.3390166491743
242.40107793045448,93.15193338527044
241.42773931880924,93.20985149646033
240.34370877681374,93.270549857746
238.74468902978836,93.1733781092314
237.71709533825384,92.98599467253239
236.70676924036425,92.74049639148862
235.30629910213275,92.55517115267743
234.356273568552,92.52034087484273
232.97243232081024,92.47130953580901
232.07636102330983,92.37866226882187
231.28792440739477,92.27716785399579
230.19933423626858,92.15499715034412
229.49264893847126,92.175188638185
228.34505862494657,92.32879821459797
227.47265575330493,92.41446350446758
226.57414115658452,92.4304185459007
225.26052441597227,92.44972675309512
224.41539641962746,92.4932936328991
223.06215679587098,92.61201714525828
222.0823729261249,92.66673156954865
221.15195057581798,92.65684763816418
219.754318235609,92.49743434464258
218.75988332894784,92.36345098055081
217.11221053155788,92.17233262445906
215.91055597588968,92.10354431217195
214.57741196071817,92.01999804762995
212.45026114040286,91.86274458434995
210.84467290139415,91.81313289186784
208.27745980553837,91.77914124221078
206.53413206658985,91.79320230357898
204.72263702564712,91.82120497605132
201.84817085786395,91.89918214062041
199.7774791081151,91.97416505519108
196.54289616501185,92.04791483162606
194.32660262275903,92.08682096342463
192.09227930946784,92.02761127352692
188.85256130214117,91.94721079580063
186.79018077417663,91.9238205390377
