180.27751500059117,104.59758019456078
180.36484920317434,104.43005873191073
180.31743739189147,103.67371228089492
180.27916239538027,103.49189140793504
180.25717004238146,103.3954257996794
180.2331481050478,103.28911212225265
180.23617404122803,103.24200991502954
180.24120380625945,102.93792257815969
180.17891616792372,102.32412167756979
179.94117389264537,101.22768199828674
179.72382814119214,100.2561079390298
179.4325295344851,99.04305618115617
179.05516761016543,97.14776372409104
178.88337366614746,95.7919594656704
178.85635284375186,94.116877891326
179.0156171108478,92.46651684998744
179.33290708780044,90.27829398830391
179.99564036690256,87.02525586998706
180.6319006956709,84.33064554573674
181.39033759045017,81.70859748436337
182.70122450927977,78.12061489698371
183.4852687692189,76.22698131620034
184.65470964429605,73.70111652417751
185.58154790147964,72.18957062320469
186.55709844192606,70.99280133648514
187.6520051692478,69.73104811657913
188.04403101784808,69.07530080810297
188.35058670204845,68.2441082599678
188.3340296058633,68.11264553370123
188.33158814973396,68.16966809101314
188.22406825348196,68.92394631415969
188.23993681717468,69.19509236912855
188.47248866264235,69.15256776323244
188.7358017456465,69.01332161313078
189.0692825176183,68.73869679082159
189.30377784858942,68.7025522974958
189.47705301999588,68.64528810503137
189.7031310367077,68.50023501300836
189.82213892811995,68.31600646058331
189.8953590323232,68.11021738635014
189.95011889524923,67.89877717042623
189.95648181289778,67.84174572476275
189.9784059131535,67.7707223342143
190.03051184170315,67.70092385564024
190.05683395929069,67.60148876223212
190.03717299012928,67.51038729182571
189.99789086486743,67.43857384341374
189.91306211812474,67.39431614584078
189.90693296891823,67.33654538655007
189.91134234743015,67.2809377055414
189.99340578573918,67.17940759688281
190.0879031910921,67.10065876101534
190.19823823611583,66.96580259955981
190.26421868649126,66.84924498931662
190.289039039127,66.78966444703144
190.2622746741531,66.73025009098286
190.22812400411084,66.71825459977335
190.19133060938222,66.72492877336363
190.14371642827282,66.7131317201277
190.1273062707239,66.71691414828128
189.9879326187198,66.7894288859764
189.8670510228496,66.84908733064007
189.7781534151216,66.85899351967589
189.6682566513558,66.87804160121237
189.64330254344162,66.88213970321338
189.6709413071562,66.88518067138253
189.76685707228117,66.87611556502398
189.88653721604848,66.83736955883477
189.9983091904064,66.78581325225412
190.04395189960235,66.75651828854365
190.06754644347018,66.74976035946722
190.06720531677485,66.75590432100785
190.06759118276503,66.76371655344732
190.04277434322,66.7977989978526
190.03049481282451,66.82964103449784
190.0447048851485,66.86131633956525
190.06932071671775,66.89912655429957
190.09194639302203,66.91947189444637
190.14247741426013,66.91954966859693
190.1834447529547,66.90244324643281
190.2262727143921,66.91143640814259
190.24966330310386,66.91484986488331
190.26358211983845,66.91986565235723
190.2428385334586,66.93333051743821
190.24025154140833,66.93307456332555
190.13368301052085,66.97966730707695
189.6194582554642,67.43623857951133
188.94677100229495,68.06477706114538
187.39934925048857,69.68909822814614
185.96957179632136,71.27792812848233
184.46346908381807,72.78547041994022
182.00078713368825,74.81400525143658
179.78723372228438,76.41324659773878
175.06089017758697,80.53924451845855
170.94609298793134,84.92799149614049
166.49977853394932,90.04606304086667
159.79839194678522,96.28042176510522
155.5863353251479,98.71909823702963
150.12273641812,101.05386694055288
147.1130551849099,102.24149951167462
144.57741662723197,103.2202402118308
141.39457754798525,103.31869416314322
139.0719384071653,102.50693860121639
134.61919850842142,101.30510189699388
131.24576669784915,100.60616010425989
127.58708181435028,99.58170336077902
122.14321445445637,98.02739623334149
118.702307282278,96.98068397454418
114.1624319648008,95.64747473079768
111.55248849551275,94.93655681164736
109.45648697727779,94.26371559819258
107.1686465343142,93.26602399897124
106.05835094636957,93.19491295461775
105.09457124172192,93.74683006132372
104.61403904068212,94.22129115060746
104.34681104031081,94.7578659116618
104.75049683323208,95.60016309050653
105.00277558722469,95.81274584959111
104.83900479745915,96.28013648477807
104.28316574537688,96.61182618329111
103.65134214949092,96.71993278626267
102.71351419689707,96.88539234391921
102.3026473302697,97.98939462434754
101.86015893496118,99.39602782653257
101.35888535463225,99.87562502450741
100.59508625570767,99.99956735501772
99.24477519874976,100.0661741613078
98.27486815108774,100.11156141520817
97.15866814654765,100.81636837280335
94.9622357360901,101.96946453342768
93.07712365982113,102.04939669175288
90.05944717672675,101.94013253744956
88.199638243661,101.63869757433366
86.6153768558223,101.15426456862207
84.75113618531152,101.12081131988216
83.69713150229944,101.17432669510049
81.8336904304881,101.05201582042966
80.46100108705194,101.19295243300229
78.97615443417043,101.34015880292156
76.57883050447697,101.44545497118895
75.14362517165065,101.69565196995066
73.18368897789739,101.99962940182706
71.97162195410647,101.81965281996375
71.0205697866697,102.14554941428833
70.14097517364995,102.92114471056449
69.72781574016426,103.60473888721435
69.60337088957128,104.73723421280489
70.42648027959521,105.89751133397617
72.1081958227491,107.65286175906029
75.13159511429843,110.03554410065752
77.1193820210014,111.46546303615251
79.33318108016744,113.4343959125558
80.1465062779076,114.74396295521454
80.35474327765118,116.06795574944493
80.10484080366147,118.18152419527533
79.43421604809598,119.54412200046454
78.03611168170681,121.16359708825686
76.60335001330378,121.8630364924868
74.83805568704447,122.27826142558862
71.36791761075922,122.50876471655238
68.53780846295467,122.06380459896275
65.33921199090165,121.49775227527019
60.11715623231886,120.8095635685104
56.64759814860453,120.40653784989814
51.635710917009305,119.4953378772954
48.61091868713777,119.0115270985927
45.96890402845318,118.92837764531093
42.57604009906362,119.07164512439218
40.53250640825743,118.61844833129645
37.5948985407783,117.77991174404355
35.56214410951782,117.09882983784063
33.585976684913646,116.21452215163391
30.08041876052272,114.70459045239224
27.108376516875694,113.57329787184113
23.03243323977128,111.27586343686667
20.734508312186847,109.55321896232726
18.640591205816207,107.97741419067326
15.751613938496376,105.73130513971881
13.912606806556994,104.29823389213503
11.538429292334314,101.9503331951648
10.018334858594415,100.45326931995939
8.453804593671748,99.45673141061502
5.629317862376155,99.5717782947892
3.2445424211555576,100.44165989470233
359.23642525818184,101.4137341014237
356.26166985712075,101.64209896973985
353.1705993723767,101.91112443995613
348.333825616735,102.1941184311103
344.9378318228836,102.35899672881325
339.764794086489,102.60128822362249
336.53748711586235,102.56247743223594
333.5131177162385,102.524516920416
329.29241054446413,102.70532876508051
326.57245667411246,102.72307616126068
322.4233132109377,102.508891723297
319.7091359566534,102.34743269333
317.1600321477782,102.30955771757718
313.484535939444,102.39347437429547
310.8483802686772,102.80067139519448
308.20495608454223,103.28159747440898
304.6840064614393,103.33929036077122
302.5312540671809,103.5190141445453
299.3727774893656,103.64287182243214
297.3844681511507,103.14388645482607
295.38455698366664,102.5962357627244
292.1982769762437,102.35716561591788
289.757240394675,102.72956827183928
286.1073023903009,103.39282874419843
283.6694203109522,103.75628097831137
281.15906135604814,103.93044129640188
277.6461011389464,103.58975665124362
275.5868068173202,103.24948063081861
272.78258526175557,102.60199929048773
271.2088361689346,102.12359470582503
269.74743446545347,101.4020378250468
267.65534061621116,100.16115875805971
266.49453259062807,99.28351980520901
265.2994376120636,97.79856202395456
264.9085114987126,96.4280726160868
264.77537245017237,95.29291932523
264.5602564137162,94.23602406138669
264.49592446668,93.813094236486
264.1532311540477,93.71201014576879
263.81247332264115,93.6270016686001
263.3738424785611,93.17640039987023
262.769797248244,92.00512780247115
262.33181151166934,91.24259376569313
261.6771918794742,90.18071141186147
261.17094533659963,89.47701145822258
260.64866899993797,88.58538993760702
259.70667138079455,86.97590194397478
258.6942486061342,86.24419775676154
257.41874491394765,85.56964899062774
255.22875061995842,84.3806061584523
253.74587406469377,83.37347243359125
251.6096092649492,81.88109977695713
250.26205750512364,80.90607017646458
248.9595697152683,80.09117157565626
247.2405028809895,78.90170449010333
246.0679184911608,78.27815584284582
244.12059580856874,77.74767545203014
242.87272936072725,77.40649409795635
241.63931418617483,76.9230245339553
239.84572958806936,76.57621759537432
238.63540199825428,76.31222749088627
236.66896959509697,76.08157905069082
235.1947412976798,76.08790873621427
233.7292404503312,75.92872468353049
231.30732236767147,75.70636754480921
229.50346573483128,76.0994731301972
226.9655065824602,76.62377062355232
225.24669161641748,76.87737347682155
223.4051492498254,77.25917420378384
220.29609443973754,77.89448552789818
218.06674843562172,78.40643433697188
214.64808645933155,79.11001891265973
212.34152846404214,79.53628959920776
210.0699774302932,79.95576460282868
206.52548749182967,80.5554658495728
204.14059735878243,80.7091746225699
200.74676397523513,81.12222158696144
198.86180593059066,81.1117947957533
197.32731379494362,80.87587489976262
195.52072641305162,81.21724982212709
194.5316455585209,81.66307659974562
193.62743593669927,81.8511124554588
192.36228002971103,82.23239091546262
191.49304576926048,82.76043686641823
190.55153644463172,83.95281707543724
190.1361182623767,84.93035957656731
189.78678867364533,85.92589728993833
189.35841142875262,86.99631222006411
189.04106222334218,87.6601331918814
188.34796714462408,88.3604518506636
187.8421473345274,88.90735438500163
187.35926528030353,89.79648284097105
186.9484222888275,91.3256693029789
187.2050640150165,92.45577679860254
188.8571720525144,93.73804234957107
190.7869963792718,94.41670797641856
193.2822529003114,94.96157040995845
198.0344465234473,95.47496162442194
201.6435438409891,95.64765460162701
207.32664020006635,96.13261495037085
211.11220499487533,96.54475334395937
214.93649865876316,96.93379874953206
220.47919979641156,97.72371447358506
224.00614839368401,98.26198540167873
228.92277654484496,99.13677216438002
231.9007219634306,99.43549740043748
234.63150466850124,99.63076991541456
238.2452570526964,99.79366908534203
240.46046832448485,99.6421436803803
243.41568654196806,99.52392625598073
245.4187221520143,99.42249111966035
247.43407357466464,99.11343284043673
250.15049039778415,98.65993439067685
251.81544475105562,98.33268827866253
254.0436591235336,98.25590033269368
255.38626311548666,98.22072061200211
256.62425524077247,98.30180760962062
258.50373340642614,98.61191337675972
259.6700070786711,98.69171242140465
260.8134981264029,98.80603942358604
262.3820161563803,98.92029924847131
263.30802374042395,98.94237331046045
264.3876888063975,98.92857229310371
264.90761315532086,98.91814433518162
265.1860614655435,98.84491484650265
265.2077688889174,98.7139460458945
265.1514955130557,98.76235739458613
265.04067881541596,99.1255960645824
264.6484528779788,99.3960382508694
264.3284212585226,99.59564409085743
263.6193402392331,100.1892417094822
262.81725628779503,100.58634094259713
260.7841269106616,100.9723777656379
258.9275884854347,100.94279118084823
256.8271390253623,100.78940637136654
252.98677751515385,100.80311940939225
250.32741894387203,100.48995214185494
246.14726328403685,100.21019695741505
243.1939957294421,100.14788407205218
239.91987294460344,100.78021955301597
235.94314523207066,101.4867019439408
233.94683381849714,101.81375558430564
231.6587685666618,101.663938607766
230.2773620186165,101.40009232009632
228.79552264364196,100.99309188869444
226.5512345551772,100.08913588813053
224.92021758302297,99.11150599196607
221.94859321508574,98.3107763502076
220.0456567157376,97.79706428128107
218.20488600188582,97.4154840085967
215.73672644266358,97.38210349730726
214.4234097956866,97.44199771192639
213.28107102200147,97.63728982544052
212.04502018859287,97.82411431957388
211.40435851325435,97.8255548581411
210.63580416950103,98.23976139480112
210.3010059182643,98.59069863309018
209.9798938563083,99.06669982349635
209.16437859867222,99.82286539586154
208.37678195550058,100.12396917023506
207.09023510639793,100.24928476283748
206.22312416628694,100.14222398362547
205.18534633735848,99.68944733870475
203.23722782274882,99.04922861170914
201.6736681819637,98.62660159147376
198.99157936923623,97.62495419709109
197.0812804119534,96.82394980591243
195.01007538289122,96.3554883842834
192.45281193526378,96.11650418481308
191.1366546308038,95.87002750643938
189.37584514222831,95.3808210280604
188.43546067916807,95.025003019057
187.64723211070284,94.77400242050551
186.70155661067096,94.44533243378838
186.22437698679866,94.21542068432822
185.4720017563202,93.7021759390537
184.8931288384077,93.58973905078992
184.24240544669107,93.73906578703306
183.4541439692776,93.80118181491497
182.98087893944088,93.81522297782564
182.4685473495198,93.5425959027014
182.32754725472464,92.8219120313558
182.37843173070448,91.6449275677867
182.63751713600738,89.1195725238982
182.99448556868452,87.10160748881069
183.29554305842154,85.25361316884815
183.69469979321184,82.93679020367439
183.92767122893684,82.2872848043323
184.23386657568838,82.24660082930647
184.69510803106428,82.32689360119456
185.23168245400475,82.38341514765193
185.86845856161315,82.24387196047294
186.08759378642128,82.30186113328051
186.33867773089725,82.9088972147473
186.07625955227758,84.44682965899119
185.58809606171758,87.13729541894125
184.1457400526531,90.80168522070616
182.86616994107783,93.17353356876987
180.60923876027115,95.30387675966716
178.81220897300543,96.1486309637781
176.96133382519665,96.67165437432193
174.13597682671897,96.92055923625765
172.290795164279,97.00458286030018
169.47049224821006,97.15044648168227
167.608204820674,97.35417623868582
165.79664551392017,97.42828993823689
163.38148041588303,97.76331088854289
162.32339176006647,98.25627957798464
161.17088974607597,98.8521098168417
160.6895426373628,99.18701233098459
160.30796376275273,99.39318560854171
159.66531972947456,99.48249268233417
159.0875244158696,99.46003001573118
157.9413353532534,99.0400464941908
156.87432683925982,98.54923391420273
155.39737165063025,98.18293516445709
152.57275117391114,97.42792575348535
150.16555731091984,96.87115090983357
145.82353695278937,95.9482916495195
142.6559865204667,95.25249656944945
139.41617728066927,94.4317553213307
134.81110376728148,93.26912668108913
132.09134402729208,92.71359674045353
129.74296966336243,92.23954853245232
127.23829560337927,91.54863667247398
126.21678266806188,91.22530947861347
125.73317661651859,90.83562132475778
125.87375296285533,90.71502436961049
126.03875781043405,90.57869172296625
126.35678740505966,90.40853167094647
126.60825871340936,90.09261630847607
127.3509992917379,89.41858058083284
128.34508981919424,88.66208856344339
129.56698057428423,88.06372517480675
130.95210371728868,87.32369594213667
131.48217687015818,86.9638171160342
131.83249253151627,86.42156832102972
131.7195317603754,86.29664101340519
131.24501985572837,86.6384859566033
130.60414937130722,87.09880403208503
130.36296820991947,87.29597730643242
130.2885076043624,87.45911311564701
130.2433711987759,87.54588938842588
130.20374219959365,87.70288505099035
130.33186352320322,87.87675056447056
130.4805448260024,87.85975994035414
130.77477036546045,87.63556249149865
130.80959724819937,87.61397631512135
130.85386559476592,87.53512995677794
130.82204496422497,87.48720701343963
130.83418290918624,87.48986461474018
130.91197414373116,87.4983036109887
131.12884356201857,87.45151684433324
131.62443303948342,87.47114481868299
132.52719941883538,87.47718545940333
133.23113068349284,87.69050811536327
134.33158122169664,87.79483826380485
134.87371221510023,87.7850013227289
135.36402568840168,87.70466046667565
135.98958035870382,87.62641777170336
136.42739753590797,87.52690355795743
136.92322390420563,87.44061869830249
137.88736868529904,87.37095881706169
138.660483174418,87.2299516392935
139.75891684526226,86.92374794736584
140.29458570145758,86.77616605920596
140.64073494058232,86.5942975515033
140.8134634086668,86.5025124328634
140.8128619061716,86.50207778645549
140.84862477236356,86.51089804261197
140.8946092118659,86.64509345818892
141.2985159234474,87.31205837711174
142.8936159588813,89.20921649968743
144.5651635204468,90.28630541359288
147.44512617417323,91.88574945518113
149.57948043675344,93.01642551600752
151.92594857221863,94.47883432295524
155.74511795999078,97.59288293315275
158.72275120349576,100.65911198499779
163.66202293480345,104.02979641882467
166.7853019980926,105.41496867061471
168.97867385805867,106.33546051647373
171.05764032943011,106.90975763981288
171.9469549738884,106.96999803868309
172.5075979927239,106.83647047296236
172.38068382088676,106.88317967961024
172.28884927504572,106.85172673413462
171.7425082207086,106.62138769939911
171.27553167587118,106.32167128594746
170.72004722902986,105.83926793137242
170.38264409072397,105.41415361752466
170.1055971144314,105.07531372595449
170.01766258699215,104.857528240227
170.08741704132268,104.60628225876022
170.33129082990078,104.20269399861095
170.99992316214784,103.43288168631243
171.63126010991337,102.83275611882816
173.00444374134648,101.94357147620174
174.06074835108896,101.46733018851909
175.10139311796868,101.0091841549347
176.37450529206475,100.50436664145222
176.9699727896515,100.1700170432127
177.44976367702884,99.58214360544868
177.5283115951786,99.12395359855674
177.52340882646592,98.47061348396402
177.5486338913697,97.41949134233732
177.77162479686518,96.49110246330577
178.43372125581672,94.71790711691845
178.94437438715087,93.4830044828755
179.3390193693071,92.99769922074107
179.73852035720853,92.88761318016137
179.9172565053803,92.79000810912085
180.01460311211412,92.81519301658159
180.12008708910625,92.78090265699952
180.23499806731556,92.71436546902349
180.58223584679442,92.3557303347617
180.95491994539458,91.38243033309789
181.3771695628395,90.07473419812162
181.66314898554134,88.86266028068815
182.08007097759443,87.35134685738653
182.79667076341758,84.5249009739676
183.2212686178529,82.6260433569804
183.7517011583447,80.1566206947663
183.90848450538786,78.96286592115023
183.8802876712296,78.00158067518137
183.39601772991384,76.94033311889163
183.2293078318029,76.43703723601092
183.28586243352473,75.90359470129368
183.55005564493922,75.77912838002406
183.95331781556735,75.58271727712855
184.52258878038654,75.40491498157577
184.87826377731946,75.16571536355359
185.17008344584792,74.9287640548378
185.3358331757338,74.6501736816779
185.30574788866835,74.62030402623012
185.22417312648102,74.5783340583193
185.1358025083849,74.54061133309438
185.08901684259337,74.43820634418138
185.14558170551948,74.28947282607677
185.32385363117731,74.15326011496319
185.72426961332593,73.86254663404249
185.87729060724718,73.71301985100038
186.00453321539473,73.62296186456578
186.16953937040586,73.50014347213063
186.28791810075938,73.44445860608661
186.61434997677878,73.40468345694461
186.95469893988772,73.3457658226458
187.40297588305245,73.26988551762675
187.92982935339296,73.08840202272854
188.28317523119526,72.9856130587007
188.5914770405445,72.9831291184384
188.79655546376523,72.97853055103867
189.0039239083074,72.99334941141728
189.41249308818286,73.01949864683968
189.8239223937878,73.03477722735366
190.8744315387557,73.0962567527655
192.46067640294763,73.02265613726374
195.0474698807061,73.09257784548043
199.83595358723323,73.82354225849431
203.55577807621228,74.79957560604376
209.4832607350737,76.30618796070138
213.4410597204553,77.42589123208525
217.353430048402,79.01508949397801
223.51765227404024,82.72732873725923
227.27959365008576,84.82634669276182
230.67791328165248,86.77092507706487
235.01325770325883,89.6533495451333
237.59336445896375,91.56791336785484
241.0666841790527,93.90058647534896
243.24059144248997,95.22235375114174
245.4693783241371,96.38475577239463
248.4594738027047,97.98252484680482
250.02109151058738,98.76811325055917
251.75016686846135,99.46660632503608
252.43957281213937,99.664699107819
252.96288045793534,99.68688653586776
253.38074611403815,100.14991497235134
253.54134584826005,100.5478778839947
253.7161937485352,100.82756926385451
253.8405756144507,100.89619109464269
253.9771934415613,100.88558673229738
254.42300737329418,100.87632740619514
254.70022669076513,100.83490816073335
255.3113669050148,100.94275459806597
255.62642670383025,100.87656894617938
255.74081361780185,100.84021410549387
255.8009248981692,100.79870310267465
255.70171641197547,100.76780830753019
255.24375593312215,100.63570890534774
254.27249987294726,100.31363441375386
252.68396717240842,99.85885893503371
247.84351423016471,99.03796227558516
242.6913312774497,98.85053168320484
233.83001666662335,98.46652028132513
228.35865640380285,97.95896468080576
223.33729396775487,97.29978619652528
216.89506631153927,96.53015753501909
213.40800761396363,95.88561147735429
210.02748015184832,95.3085952639268
205.35908580339535,94.5957144961586
202.01905763579379,94.31438260068448
195.8100733273504,93.86507923185941
191.43749424516312,93.21192456275763
187.22144783936787,92.33607238152979
181.60190880008759,91.48864076815946
178.4680349194258,91.17175120705915
174.75653098087778,90.88285597202895
172.62329651669538,90.8906338634179
170.8488632943328,91.03743734809407
168.68737553659923,91.49673989171099
167.56934482676596,91.87391073878055
166.51333262591965,92.63524208413081
166.1301611260804,92.7724309914882
165.91418793668402,92.90156636879449
165.70175313524106,93.07320082187417
165.65542828472496,93.13250418805664
165.60816404102667,93.2012150260392
165.62869592826746,93.22900835873249
165.73265431594285,93.23284438106027
165.9956649439235,93.14895275580236
166.21556539809936,93.11330422347591
166.60435602910758,93.31476997247898
166.9457346421797,93.36169420897843
167.4253709495088,93.05220976056115
168.2175238671432,92.5946949212679
168.985979918096,92.33873742551773
170.69368837459172,92.22164197130101
173.09656116951442,92.4369364687608
176.64199385332995,92.7764833522115
181.7704467066424,93.2423393750742
184.75158613122068,93.30338081332904
188.05443902669757,93.37420777935208
189.25443311996497,93.69523543322298
189.95689566604275,94.16888295819592
190.81742457569337,94.96410553497567
191.04040656029903,95.44257777072475
191.08032586653903,95.7051490734439
190.94840164104582,95.72702449250674
190.795517503686,95.80686289393202
190.3764558416161,95.86743179465904
190.04051778859255,95.873818701191
189.81622840597166,95.91358765832084
189.54834400343515,96.01066068010535
189.46944280697457,96.04512619263329
189.3343958529797,96.04919383745842
189.22290555682056,96.02890468390213
189.10836996797877,95.99120621839779
188.8843555441941,95.93637049282302
188.70945689710436,95.98186636605682
188.508132006114,96.08072066234668
188.45720138073293,96.13724127264831
188.43892762701938,96.20299611642284
188.45520360386874,96.27484465168156
188.48973943218374,96.31824892712898
188.54859723272918,96.3556243687687
188.5557925237527,96.37420030569461
188.52682121834303,96.40153392228615
188.443139326956,96.42274609893286
188.36644910472597,96.44916619837674
188.29148569191977,96.4656751320734
188.25237998953037,96.45874034759868
188.2165732077277,96.45128653755961
188.1571155470133,96.39699541581754
188.07104031511744,96.33019182235988
187.84241908113304,96.1803553937312
187.61585939438731,96.03538512716925
187.25976841282045,95.77291431830808
186.52657370326193,95.24418219854584
185.9285791807915,94.63068378723665
185.2931715808027,94.04631293835264
184.23192408212384,93.35146862096425
183.52519547418322,92.85846168598806
182.38715408729857,92.2612009920824
181.5847653453235,92.01914293135417
180.81538023731275,91.86480012306616
179.77884859500296,91.69766401530502
179.17216386561503,91.6146979844518
178.4423695511242,91.61981295821953
178.05727178613114,91.66986321999688
177.79296126065702,91.71567645332156
177.55672059012517,91.7052158636253
177.40552991680752,91.6994445869573
177.23841422297113,91.68196557246468
177.15864867727197,91.66017281614863
177.07061807384605,91.61645022169672
176.90118281662905,91.59211932843318
176.76009005559922,91.62810150888896
176.22459096039867,91.99983903772406
175.7806801029403,92.34921102273677
175.21420161146355,92.74666949938084
174.22202982395623,93.32803349914224
173.47688448990885,93.81244782224141
172.38740370917523,94.4306150034808
171.6279500851181,94.9007773857719
170.90200337743977,95.38322836028449
169.868034204209,96.04189278925479
169.21097058272352,96.42947177380859
168.36386735064818,96.90859712087102
167.83698752866087,97.2061490297195
167.4307608054281,97.41155526621634
166.9054412239495,97.60914733986431
166.72746068701355,97.63942337909279
166.56152887433745,97.73970284773746
166.47580995360715,97.79342952938956
166.4197022881978,97.84862637582408
166.36385138563108,97.92816661090657
166.3594652263484,97.97294857666502
166.36709051835837,97.99941578911059
166.41780925787347,98.03987666290807
166.45419332301617,98.05539786858834
166.54295625420693,98.10926031173057
166.58231567153263,98.17726476502462
166.61521059066285,98.22742017868079
166.66041403202493,98.28609467312532
166.68086395398618,98.30958366126504
166.7130585109936,98.29118080537793
166.78115146088496,98.24015309837179
166.85501674381234,98.16683394260002
166.9514527149093,98.13644199538469
166.99807091683712,98.12906860604551
167.04444889354696,98.18139682153588
167.05661380969428,98.23707623800641
167.07192632455042,98.30775438653285
167.10757438105833,98.42120750219784
167.12405405294095,98.47619685391491
167.11021475444045,98.52600646811845
167.09831090278823,98.54766442008184
167.06950275730935,98.55181504071216
167.02957702855625,98.56063040181517
167.0191913051294,98.5572418503466
167.04856561014458,98.5367674993557
167.08131532005444,98.53489794414355
167.13829019919908,98.53672907388388
167.2082014563791,98.55302432388757
167.25024593664904,98.56846023288252
167.28968674348897,98.58110070187986
167.30484183303426,98.5722407589308
167.3140041925614,98.55191150612107
167.32155175293428,98.51360232581965
167.3234007432015,98.47653337935807
167.3363522414212,98.44068880199337
167.37307764170126,98.37364968816067
167.41063691364099,98.33218670865848
167.46855661835258,98.28637731893522
167.47705694646146,98.26804696776313
167.47343693247683,98.25898199329947
167.43358806039694,98.24152855580898
167.40870308270556,98.23681861183101
167.37893302359458,98.24899777371449
167.37094662086622,98.24694154805053
167.37445149239292,98.23194654446019
167.38108381130166,98.21927741284807
167.38280721844478,98.2132408716121
167.3670324580272,98.22923180694313
167.3437810459778,98.24567224525424
167.31441888669386,98.26274071194382
167.26137512724605,98.2857505283175
167.23139439636665,98.30645861125296
167.19302004177226,98.34448121089952
167.1751899847991,98.37047480972802
167.16460799536708,98.38971251262085
167.1537841292235,98.37212200202525
167.13125386947164,98.34562017628255
167.0662522627144,98.31691552886845
167.02694086870574,98.31922690243616
166.99504663921502,98.33104939568574
166.96522316496765,98.35951716023115
166.95987060264207,98.38976001030639
167.0254138645047,98.9529571186324
167.1528465652091,99.79788442058127
167.4814569470294,101.16060127454008
168.0303952603621,103.28539599918156
168.11216785836154,104.85257525866771
168.20563750113158,106.80361467963024
168.56750242396967,109.74645199352447
169.11837639379593,111.93882812027974
170.4258930224162,114.90496070270484
171.63415819535726,116.982037793092
173.15512558822408,119.15814159818214
175.64325522305822,122.2992679294091
177.46526165641532,124.32586790202646
180.11181616708538,126.81581605738695
181.66967655317765,128.14745068784094
183.20430332703103,129.40863601615925
185.27463888738507,130.83461116065197
186.36120982159306,131.40325997454534
187.4649969825535,131.6684619211529
187.94498409171513,131.4083178988252
187.99686734056144,131.10429603378532
187.47301047713282,130.09722438922796
186.85684532555973,128.90808171415478
185.06950178215357,124.85933772849965
185.02031819396703,121.17329195710792
185.39503584184504,117.74837539802911
183.99625028655205,107.78132581232921
182.79983644198148,100.03379974196233
182.10090663920295,90.0493456882984
184.13854786892867,84.18052242429671
187.00869750622832,82.37291867858796
191.11321638506695,77.8730514203467
195.44510270718112,74.35880795030147
199.2254715343011,72.99291496284597
200.20181324257925,73.36527388953982
200.9407506945393,75.15426770301781
201.1674728196328,78.02649600238988
201.3405871012818,79.68378580446866
200.16985069188217,81.46345649345227
200.94604334432984,81.11065928650899
201.51323203618773,81.04975206388694
202.89358559013587,79.77747264167324
203.98534051478558,80.12304286282827
204.283277327227,81.99461432189105
203.99495432643792,83.78579078852496
203.63819120057585,83.04725314095668
203.1356996231283,80.29868521503758
202.95331168329616,80.31381210388668
203.51036232682893,80.18185590161892
204.34355132336833,79.85413989580144
204.85632548536518,79.61102532030506
205.3425346723311,79.17044462023294
205.23797276168216,79.08288234393157
204.9587952122638,78.95209564111366
204.36170061718425,79.18170815419225
204.24062890549516,79.47227485896758
204.62532106053285,80.11311761509623
205.02366175596643,80.30542327789108
205.4519943770153,80.67562430521112
205.78746722853083,81.84208534433807
205.71322919020542,82.63619273571783
205.68695740306407,83.39200001242088
205.63215465590864,84.07728148285594
205.5172240018955,84.7882698413803
205.18395611846583,85.69123413378485
204.94004067493933,86.00842277339964
204.82826988247876,86.28581461453035
204.7580911137106,86.33666919811026
204.99462265269003,86.32289583501988
205.28726498267812,86.66935651976405
205.28715162154595,86.95235923139316
205.16003337491915,87.22262328297025
204.9738778184081,87.44947332298854
204.7501681029181,87.63867551319
204.2331381262711,87.82912340146103
203.96013188349167,87.73337632347042
203.6894985764178,87.58161164438347
203.42394528658986,87.88300077107056
203.03240541191056,88.38936939716224
202.09689735270953,88.57460779485172
201.24002323254504,88.61089934962146
200.58564553578955,88.83089862289397
199.99993485109675,89.63383034482018
199.9182436728064,90.26968988548158
199.31573023931048,90.85997824080752
198.3107304561488,91.15520216957697
196.77670243894767,91.60144241211576
193.55654848222122,92.22316016212774
191.04578976704312,92.22332492212914
187.0018641169487,92.31553932110062
184.26849918654443,92.60973409997301
181.5076560468652,93.15085381052667
177.55938072628268,93.56155654615144
175.07817765078178,93.54702881780389
171.54970658948886,93.00533179350336
169.15929481988567,92.36315508620342
166.7334089922334,91.8399554042256
162.96756275852724,91.38600787037508
160.19152764385552,91.18014980121738
156.231319198084,90.9235336121641
153.45230485562817,90.54028978759193
150.57001157769693,89.97073699294157
145.84431697865472,89.44798741229708
142.6156661734493,89.30100288891855
139.7036745092447,89.02987017069401
136.03737526777596,88.95972141751172
133.86609989530984,89.04770726664277
130.76653307024318,89.2816802631037
128.8240354150724,89.41020629316574
126.21181666156764,88.70979396005258
124.59776598649813,88.2100356026863
123.22081062386161,88.24580085311608
121.4912942567631,88.58937297159447
120.33866676959912,88.5522345007037
119.2635805158989,88.13675822104392
117.62051320827015,87.80209216585544
116.58330914609596,87.59655917635212
115.2177848478716,87.30471676085489
114.14632465383477,87.59324597874003
113.21974349434747,87.63281488873858
111.57215980106199,87.60624732392122
110.5741532323818,87.42198696485572
108.99817085951034,87.21981919324655
108.01265586568637,86.98125926416483
106.92367258311765,86.72441240989492
105.00671882486431,86.7631250790104
103.45823761255906,86.73830824250776
101.23745939918125,86.7348128607378
99.86616407867643,86.92968985383888
98.66444935086598,87.24063802946813
97.0101374124734,87.4610899866277
95.78154362562786,87.85658378848271
93.80626452452952,88.57119448631227
92.26743464189788,89.36446692331401
90.65185260958049,89.90857132467146
87.54235301241357,90.79107358107494
85.46732269600668,90.9509031540058
82.21644642924115,91.95010459430554
80.4180199739386,93.10083969410121
79.00686318493408,94.15823409298682
76.51111065226858,95.42530454820496
74.94436319365848,96.55565498941009
73.14576013958545,97.84689251506597
71.83498585078814,98.66486462168638
70.62274088693253,99.65375999935097
68.90395694999216,100.99964047469157
67.82225094074336,101.67922400493075
66.64232110191963,102.55765531320574
64.61750329292352,103.48788239760533
63.29829011216174,103.75361244514224
61.85722349844056,104.07635842596868
61.561748679915226,104.55282044409493
61.41186025989299,104.80122193287112
61.49264094745604,105.18347079957502
60.93478339714714,105.42614876811076
60.58509091917911,105.4961734643452
60.24075321137222,105.54930688509893
59.913145950251376,105.28780093779503
58.69731527098256,105.0947958487466
58.10642223757834,105.01626575510187
57.063248517250486,104.89462562103695
56.314490770534945,104.9379776177525
55.87037745316843,104.93969378425608
55.61527112151711,104.82727222014387
55.79595251194225,104.86090181412044
56.88339535106918,104.89460846198232
57.30762510723352,104.89202535510157
57.84339002261065,104.88800980921417
58.39341704696899,104.88923459548161
58.9153648060861,104.79200613133588
59.001774600013334,105.09630745018052
59.60972556215275,104.73207470087343
59.55905260351244,104.79345444688845
60.0872726559447,104.55175383858318
60.37080480234893,104.43367306284158
60.73210420318084,104.14088884621535
61.10765978001602,104.06162175518259
61.37946915034422,104.08362064505171
62.016254636939394,103.74380671789596
62.31870308922818,103.4196460776881
63.26276572045789,102.78675037039515
64.05125051977443,102.73607262933345
65.03277601190867,102.72058714911869
66.70382158549735,103.02056322211565
67.8924093271109,103.3031857125921
69.16082849127169,103.4695938857595
70.77447216267744,103.81671608325186
72.16103696942363,103.87454649461102
74.50178750937579,103.52321511298241
76.08379090377541,103.33775968608795
77.3802061431433,103.16175096415255
78.68935763842084,103.52615152638072
79.40993084291101,103.56073780351497
80.51315421340102,103.26218428554431
81.17879979842316,103.27405298801196
81.62683902833147,103.71613709455995
82.62908366154392,104.0386393114665
83.32888200366439,104.19604564410321
84.85395688507059,104.07576791257482
85.90890415011876,103.68563492900054
86.9175732164215,103.45971639554938
88.45248955151351,103.23895210568273
89.51607326093617,103.01495974117427
90.94479732784254,102.6317850036078
91.87716836507838,102.5042345535448
93.10588316863165,102.09558643114325
95.68211646722683,101.58069359423402
97.74418286981967,101.17687897255468
100.91317126652474,100.26218801623466
102.78959200104107,99.4531262212258
104.70550774540793,98.47821066316952
107.56839445649152,97.02932099406529
109.44936495260204,96.27828052476576
111.68676530416201,94.6489796117944
112.89467998249049,92.78723684319239
113.86167295649324,90.80970118079738
115.05800416598515,88.00516339563917
116.05818656309177,85.85598920292806
116.98315642660337,84.18131575088447
118.23873712720527,81.55922531988374
119.00261597497945,80.11271717695587
120.85007442977562,77.4749310970289
122.77762807356851,76.16184543409092
124.93760989023278,75.84807891074054
128.4618455227196,76.11218907687295
130.77989747198765,76.5523931912669
134.08659889609163,77.54933017545585
136.01121378257318,78.11260862155801
137.4280697214021,78.97647429233456
138.76880684760687,80.91286004719325
138.82631672769702,81.9770468148634
138.20707316837144,83.23494531206175
137.55871414350153,83.61709761990731
136.70789696381854,84.2893647762042
135.46300821711515,84.71291046129215
134.48993998534206,85.07296480581307
133.10601743781126,85.4153232361936
132.18900997611246,85.46984948292972
131.20512229736198,85.67641882715404
129.91348120000225,87.33819234073944
129.18876695227237,87.9554218313522
127.79626169441178,90.22993965912474
126.90449873557664,91.34628243360103
125.95776418127298,92.41083413330293
124.86501921368551,93.05228620761541
124.13143052173126,93.41088567742021
122.95698071527912,93.51559776406586
121.96546162607427,93.53272991516333
120.75870898866025,93.73187038671782
118.79327519610777,93.8266712975551
117.37787182669928,93.94750464588121
115.87512360025258,93.88742873518403
113.40581759046938,94.26690799867153
111.66268844362008,94.44730661846789
108.57378693530026,94.16250720798301
105.77866199688214,93.83271160261384
102.01547157851554,93.59899387174221
95.5291504376396,93.1341117001331
90.95582370236643,92.57548813433547
84.37489303448503,92.45675980414035
80.33581879565888,92.45194216428793
76.52466331516756,92.45123731437575
71.30948623118802,93.04667973335341
68.12600583420785,93.5311105678873
63.36309359773375,94.39502170960859
60.448197840278965,94.68759546746345
57.626358095501686,94.84692200040402
53.86815481236475,95.2079862606116
51.56805945648114,95.50921029056427
48.44556956136665,96.15122912226012
46.43145305413273,96.5493706457039
44.44230923669372,96.9413628279344
41.98194696860406,97.17324804892498
40.48348185033964,97.36835399343997
38.37642869701753,97.50761593024774
36.85007481109261,97.56902693374609
35.23769613825226,97.62806045981705
32.76937064374894,97.72377682818085
31.221636136398388,97.62252370846255
29.092868255063365,97.20166566849063
27.786824567664382,96.9621947530044
26.56777445802527,96.85183163178822
24.74657124185967,96.72048896023323
23.599577900796646,96.7860386117212
21.882277554987894,96.79301066732967
20.648175389715163,96.52532349835217
19.3192314277953,96.36640375453703
17.305256049806616,96.13783354261618
15.913354123437074,96.12038584971513
14.525996013651678,96.12750429936342
12.386652340970187,96.07953871206558
11.034107084364564,95.91847753665769
9.32554354164472,95.41134022550645
8.333285648745061,95.426692784698
7.476777086081711,95.47192072492177
6.359101577136329,95.42186854865751
5.71430938694408,95.58717304613862
4.6777572264089144,95.72778587385555
4.0490580501668205,95.92909083175878
3.3656494969456787,96.09590498740725
2.4107803328062403,96.18771586080945
2.0010168001187196,96.29267887182337
1.6060557443681773,96.54414199867952
1.2976865794183539,96.69876157518156
1.0443845061878392,96.90817857651948
0.7917667628616414,97.1612151400191
0.7215151637093129,97.03341146260688
0.2837771110599192,96.90835214113467
0.004397939225810887,96.90205317938437
359.9343260998758,97.045535039792
0.044463204802553946,97.717763112724
0.4132499613784262,97.93094993932124
0.7227636834356019,97.90737353031246
1.109363968871122,97.82584311412457
1.1068596528545243,97.84625942237086
0.8797114402482293,98.09968461907492
0.5307076535392525,98.30635631920704
359.94966340942324,98.50538914049453
359.5101845774931,98.60627477310442
358.96072560469224,98.8121367606288
358.26319583395764,99.04653373468544
357.81412867880374,99.23730932342866
357.36094487976055,99.34992139658071
356.49321351774427,99.76259903667469
355.7990865977859,99.91233176366669
354.63461133119785,99.87045529811355
353.8810881764709,99.73291507318139
353.1414880371132,99.5655913034879
351.9015694713027,99.79493387426223
351.0114519136987,100.12544944841011
349.5412667167979,100.31633995243351
348.570384489239,100.30752173966225
347.5264941791911,100.46431095911028
346.14160685134846,100.6429186814319
345.304808696312,100.7506030597148
344.1793400560796,100.94871569136004
343.50383498295207,101.12783607036175
342.7510614380758,101.40326775114674
341.487305313849,102.07291970997599
340.60056615490146,102.41067212427055
339.1923008827807,102.93880529974258
338.16326063897134,103.32391642432378
336.9252357639909,103.60022005170467
334.7916840603539,103.96582057634544
333.1846286192129,104.27460670525733
330.5375159694245,104.59102748704905
328.7290087296625,104.59356322252412
327.0649297579263,104.5230140248531
324.68664117813137,104.47718897327121
323.1243570452755,104.65255918513826
320.8525348355295,104.84274070041437
319.3757290557291,105.01032513055314
317.8292649046723,105.13655646893714
315.3758633323861,105.1402457128965
313.7307816340652,104.94407258767743
312.2293593683204,104.68958793018803
310.1278045471835,104.36893589117561
308.77060205814405,104.34177851032851
306.96752310647685,104.70669148790694
305.8684822889302,104.84374283889225
304.809519025759,104.85473391136645
303.38707093800525,104.8819093973934
302.44735104554036,104.80871105172079
301.2934999525739,104.56655952522968
300.7294798825068,104.26555328534704
300.22044053420916,104.02985181358753
299.5753980107348,104.09718241414082
299.1494156248036,104.10615460914764
298.55427287233266,104.06358726993922
298.1740563926961,103.98893310353989
297.74645894588355,103.83969534751056
297.1697772396382,103.48926387425064
296.66655523553993,103.2710765817012
295.7571896220395,102.90583780525165
295.01155635512845,102.60266073170214
294.1365110860167,102.34724968241696
292.5714870128346,102.08335001003496
291.5078527840043,101.82836597536559
289.92564933623385,101.52002454059901
288.8261993861414,101.42542725861836
287.86839735991066,101.18351904673366
286.8141512811851,100.82710261190385
286.35315824844895,100.722684155391
286.11851276105335,100.71177218615753
285.79127945917213,100.75675133408066
285.66103300696824,100.80575862786334
285.5031676886134,100.77411205811904
285.4562240830408,100.64950821345678
285.7150068573992,100.35455832677393
286.05798297054,100.45684624322064
286.4705538359955,100.64856105549326
287.3425413221738,100.57332119244167
288.0541343488654,100.68054547965633
288.9220881909665,100.74759580925247
290.49957495219167,100.59653751730053
291.7229603051617,100.69066935839142
293.76243884763875,100.78206280001152
295.317967089601,100.79961794180782
296.83814001397513,100.86851244555983
299.0660799511284,101.00320137031794
300.37433976880516,101.31101086636926
302.0354289081107,101.56221847066456
303.1888271289333,101.67764683254516
304.46595679971205,101.63475390932483
306.622151287772,101.77094933934376
308.2547351075551,101.92517591045774
310.9346933742577,101.66502447331132
312.81992234537597,101.52132727995172
314.659457084928,101.53440989898988
317.0831466295606,101.68455642905036
318.4818072927052,101.80100053211446
320.5049799685571,101.96558417538506
321.92547833708386,101.99114845498963
323.3616458104335,102.05352147032505
325.5322043681791,102.28751502628782
326.86889115397287,102.43948923642434
328.59223299939435,102.70626614746732
329.56801698746074,102.84741571160744
330.45804188231943,102.95150524714488
331.56356090848317,103.16166385760813
332.1745403920285,103.24645985505725
332.9538742068063,103.21209437821014
333.29401387175585,103.26826050124279
333.5182920155804,103.23772772850717
333.6870454841099,103.03547919070454
333.66571665635,103.07674825871432
333.45700960432316,103.09581137804379
333.0359418973789,103.04627767510424
332.52364089458626,102.90310576864907
331.563529727547,102.39313128390188
330.9002062568168,102.14399833079109
330.2586254274572,102.15227478818932
329.2502975483541,102.44779431736161
328.5780090367972,102.6011084346803
327.52025767561963,102.6972892116931
326.75538813626224,102.8395222336953
325.9436380906011,103.02049664350314
324.5350793277254,103.41344759938514
323.5262704585747,103.58211422968634
321.7652340366572,104.01770337158108
320.515741631423,104.36996004309306
319.26443609035994,104.79122821513558
317.07976666443756,105.47916139326115
315.6464672613928,105.61125632276318
313.5305720131007,105.43511897718857
312.10679542243133,105.44934111199301
310.68923808179034,105.80534660166781
308.5402568372978,106.18555652042195
307.1454408710735,106.46650371708397
305.1466357860079,106.60494253080573
304.00540400540035,106.33318865556527
302.9892976696052,106.2768882888077
302.18558090705335,105.98716448756952
302.04375927785804,105.63614962564591
302.851285307339,104.7556996670813
304.1652214236217,103.9545025286032
306.1129610682278,103.21163277109557
309.81407344265153,102.60216734834825
312.45059536064605,101.99369067640426
315.6058519500302,100.96952439175769
317.31111354270627,100.68141039502876
318.7825593785367,100.09132403503497
320.8817505327636,98.80257645320776
322.07718233545404,98.19605586897393
323.20801242882743,97.22852158301016
324.33143622737975,95.61788371157252
324.95957461716915,94.64235777591054
325.45728712499965,94.2434372877938
325.864079984965,94.13638103387123
326.58160108625236,94.53460849296286
327.7907628232647,95.81436896230566
328.8226348829017,96.60621592064938
330.62511694719143,97.73524171234361
331.6997792281661,98.09590561772463
332.78523468812307,97.84610251094588
334.9135760436326,97.1271373687149
335.83256288704183,97.4330108345323
337.1871973144992,97.20195360802951
338.21068105085374,97.09226879945757
338.6315487004165,97.11753552712491
339.77835650571336,97.2439109616442
340.856399391232,96.5616466665037
343.839090999163,95.11420589984989
344.9387332579556,95.26658689504957
345.210758668896,95.14582634643723
346.26404176313133,95.02663447572155
347.15275234437416,96.01491779863557
348.5589423358589,96.4292248452136
349.9921422613983,97.78307419472743
351.37681860326245,98.29112145050269
352.68251432422517,96.9959838776825
353.4434250248752,95.79319296479244
355.53753567638904,93.74608376916223
356.4035499457728,92.56168296346443
356.8190119797538,91.7469881044771
357.78564150771945,91.36494264924963
358.48146024026653,91.65076220014524
359.02474962759356,91.41869776231657
359.7320772934705,91.01616883002644
0.20747280122964185,91.08281562155709
0.8434532259728087,91.33494404537005
1.073287747190875,91.66962080158814
1.0560437125964768,92.5087012188828
0.9082833483526827,92.70192116760289
0.9359935038690423,92.69768998366922
0.9243444164680454,93.24423541718556
0.6859218766953745,93.6106712825956
0.01610468566158829,94.13347970678683
358.4775375443097,96.04582381401254
357.3970633777047,98.39179843743752
356.06822688662436,103.1344422493954
355.0724306670778,106.24619212489549
354.21832708043553,109.94207188880203
352.8049246177304,114.68046028385706
352.38356385032245,117.85197967928056
352.8327240045479,121.93643548396855
353.2831318918286,124.05668185970055
353.8101550961604,125.79531186239637
354.8790844473806,128.601013554329
355.43594046459884,130.21710686605053
356.4871151726968,132.53177820596179
356.55121087147234,133.45495275721558
356.22257675367223,134.2473807579035
355.968973188904,135.50602219698433
355.03868998924713,135.9986065638123
353.5978298311271,136.81032374730717
352.58898359767977,137.27989245490977
351.75919164676554,137.6174267036063
350.5486367886574,138.07428601172188
349.7092994697383,138.35748411393394
347.8222835395139,138.54287879051446
346.3265466096383,138.73438291858548
344.7157246499493,138.89499032465494
342.5456290936684,139.1342540489195
341.1096455208633,139.24740509888574
339.2947688863369,139.23572428440522
335.5560758738043,138.94881837405745
332.40868914335033,138.29857598626546
324.98215432581435,136.92182823849564
318.92164153493934,135.44099656742458
312.6748518741679,133.5823172833908
303.5125233577993,130.15486060221474
298.6495602616949,128.24765396673524
291.84208347963573,126.01932856661034
287.51979179032844,124.68444916071152
283.5248964976306,123.55520431945999
278.48652537140794,121.87961818620845
275.96726064988,121.42429162883141
273.1054054146615,120.74480661857052
271.63746410096815,120.2107535195149
269.4405791426609,119.3993869220767
265.7494123472619,117.75967191579358
263.6150120828171,116.2486015618266
260.52266602958224,113.81569833273788
258.13054916095746,112.31102926614246
255.22332523217605,110.66972218931056
249.6498955953985,108.6372892004939
245.70603227268464,107.71900913828291
240.3065815797958,106.51408045127616
236.96140126993242,105.40892213665103
234.3593829678781,104.23020390829998
231.4282695794705,102.38019254596794
229.5837853729396,100.9964764356464
227.2829733302769,98.5611263600414
226.35059826755418,96.64000620172821
225.66511587818098,94.55746033153396
224.76692570597783,91.64660284947733
223.7612878389711,89.77239600475664
222.67747399923942,88.12732558795123
220.02388552158808,86.26575759271628
217.80534949964522,85.85147827873939
213.9497004674007,85.81813347840817
211.53428045700275,85.59226402784488
209.38196839055018,85.21993111055295
205.73951564535284,84.9572904958688
202.9042796723434,85.0174954203035
198.82072414684237,85.33613803676944
196.52666716182082,85.2891322523501
194.69844503338638,84.90152412425795
192.0901243397991,84.04066801629828
190.42294041718102,83.03049459510261
188.8209001449487,81.38980161025295
189.5492150382833,80.58556898474914
192.18395640049073,79.99645706089574
196.78617585101657,79.53610440360663
200.0969918855253,79.57628517249013
204.83214848177013,80.0804297269887
207.66427504599966,80.1746063253653
210.16508756100941,80.16526823601546
212.76938564534288,80.13237930922162
213.9995851988349,80.15141642182489
214.55355718618068,80.12335814758005
214.07144491479204,80.16115185356684
212.90210039067549,79.96187370412736
210.01764416704466,79.47729700965347
207.63243562393274,79.08990611620032
202.7377074293309,79.07218420850603
198.66093249596543,79.2455322222715
193.42218703441299,79.74157190350113
185.28657255864292,81.17033757676911
179.5658499269521,82.47549422013431
173.87709605033612,84.0369967225337
165.51938410043786,86.10322969844884
160.16101073580558,87.43887001360788
152.41065071328075,88.9960233302927
147.43971629853561,89.72913487516479
142.85193249971917,90.14570759637553
137.0081084305096,90.29306067807123
133.62654877988433,90.3574369264568
129.17329008934286,90.599975477288
126.76988687788186,90.97389167022081
124.83971152010876,91.33479854304164
123.01319345106401,91.4608579023623
122.87847896081449,91.56882802211746
123.6396378595048,91.44336072199069
124.82787054558983,91.25225557983549
125.81094827280917,90.96929581345005
126.49117440712934,90.9439379628156
126.84079689853188,90.96839098889147
127.99856928892241,92.33427996162597
129.5981261263558,93.10491416972917
131.63837248052138,93.18131261340828
135.73353756288788,92.65241349437662
139.07357234110458,92.27452866388037
145.15827407452542,91.51268009757655
149.95578755820316,91.00601335465711
155.12026903933364,90.53771787163804
162.41367999119532,90.13989958326945
166.79098198551543,89.87251580128176
172.20480469845228,89.37963381243236
175.34736443873206,89.11238658316199
178.19468004377993,88.89835560059916
181.95890868076225,88.87134223638371
184.02690397744095,88.97609033229233
186.48645747543844,89.44876348613727
187.75815689895055,89.83966668596298
188.7165623038268,90.10613110379967
189.8316894964617,90.30991811239966
190.35612817991017,90.34935617821466
190.8163712391393,90.442785906556
191.1159939803513,90.5992673840508
191.01841380165126,90.62562815372647
189.99190637696174,90.66334354299458
188.9735963944933,90.40373379009537
187.88590751760614,90.2964280454366
186.1935881832886,90.2216344571994
185.2592593135658,90.13339010015444
183.39408939609592,90.46557674818919
181.76110675537453,90.72672927544225
179.84948359402856,91.1612391481459
176.87979729627102,91.80919229377602
175.0802380041712,91.88410293894546
172.53072135483674,91.86654624745302
170.96105408708794,91.93579472316148
169.45188641279944,92.10022874131138
167.69462811692463,92.54969790119833
166.8606871530997,93.01393485478985
165.75209129871342,93.70820471156638
165.1310007536708,94.13634543839265
164.59336022502683,94.22996151710862
164.03060431076156,94.0787504867323
163.66726514436908,93.83920522477541
163.3957178989663,93.77943288747528
163.02352377647753,93.837506276937
162.68464295944878,93.9031518193234
162.08045684052877,93.96679563141963
161.61541302637593,93.95703523776868
160.87032351600757,93.94611477457914
160.1887386337622,93.91023071458392
159.40361839227526,93.89527217124308
158.0147217131357,93.88950850103099
156.91922473506398,93.90901773502286
155.6782620707271,93.86995233702869
153.34350538029534,93.8711215976067
151.5317251074977,93.90336129386786
148.41480272968053,93.89203716994831
145.83218107302213,93.90555284128828
142.99121014983717,93.95291585812625
139.05385263036192,93.74990857044965
136.7675944106361,93.34886788747238
133.75686573884212,92.90168620644677
131.9902080734895,92.94636954114759
130.4286485290736,93.0561508715476
128.37633459666972,93.28505622084688
127.18130315534326,93.38968655954162
125.66427625009054,93.21680155219116
124.73550348624228,92.75108714262562
123.61441401663981,92.09168236377663
121.3862627615363,90.72531504763556
119.49026608513915,89.87151609263023
116.40616365756034,88.40070027856895
114.30859103691198,87.48219827800476
112.19895158132348,86.8337794873629
109.05208159061881,86.47601117739704
107.36099505687315,86.53729932348053
105.40781451394423,86.93911331039368
104.48239132450625,87.45235683800684
103.89276123905155,87.89198448613296
102.9997594480032,88.6794331545831
102.36710313416542,89.08882104575237
101.3086129742778,89.48524631049906
100.55542926438588,89.24350564922848
99.67780262502843,89.12964520207048
98.64684247126725,88.86300182851319
98.29048717939935,88.72659682383114
98.4047960221418,88.66701804988853
98.4391510757407,88.6415608538728
98.85285351049617,88.49595473396757
99.85440211629796,88.40670807409407
100.81801517731682,88.29596183646633
102.25033418597577,88.28732782434926
105.82376160540015,88.04492741093352
109.52383433644552,87.9232250702793
117.43008571579549,87.9188767550767
124.03776586630124,87.89100042008465
131.0570273863275,87.92250004291925
141.40627089058904,88.35330004094303
147.6921124835515,88.87963235272335
155.45798146976847,88.80792436786204
159.57468551359855,88.92843728892818
162.95444102394688,89.0858123232354
167.30249354305099,89.33963428597039
169.7214727889874,89.6116047511503
172.80473215804395,90.0984103360754
174.66431377448188,90.18270096809565
176.48734124522088,90.2941943275415
178.99798723231066,90.37546290830811
180.81173250207726,90.468666882819
183.03540525329328,90.6626859561933
184.0386449704522,91.14570868217277
184.76565612319035,91.63150661002572
185.44175956621785,92.33908861337486
185.61807510894332,93.4604740460109
185.81393986389966,94.17526595724168
185.58429551650102,94.77209072715814
185.17826158225037,95.5114070000193
184.09973303812663,96.23340322163772
183.0372596528722,97.12771708403156
181.07390230587052,97.81546576871578
179.63253469279957,98.22041001851416
178.09626877955358,98.5447089621967
175.67611281615962,99.092940548533
174.1568863617871,99.27233505678537
172.82542595782914,99.35505835540367
170.95382946337548,99.41121423990971
169.91563302208542,99.3395223142991
168.58724275288506,99.02319616536809
167.77934758302595,98.97527557582636
167.16738468715428,98.91746755961125
