170.81812520469228,86.2408827999685
169.16578456878952,86.4584564418622
168.70953845437296,86.2976464809684
168.2410151268314,86.10756332430847
167.36667569691792,85.54595711860833
166.67055996848921,85.13874816497514
165.66678862632088,85.11735007465647
165.13790842068332,85.60095596852751
164.63859042741404,86.02568455244538
163.9064729550575,86.06657641189165
163.46418568615513,85.582445753986
162.51711799963624,83.99056199143216
161.78869796682739,82.6053081857463
160.88048157213353,81.22599624448983
159.4165760205131,79.22475295104886
158.29571728771833,77.96758637024882
156.46851166616818,75.93953939403765
155.1455220434013,73.9867880888008
153.7342922097263,71.57744406721004
151.99255988126941,68.80534216994823
151.02686034453498,67.32159958788762
149.22421537522337,64.83940034063976
148.05142310696735,63.16200159604488
146.9162696740342,60.966234532196665
145.5596930352169,57.4708899910282
144.84561721400672,54.95726607503241
144.3265140343833,52.78741772110571
144.10504981898765,50.977172275044595
144.4779414374925,50.1935721807717
145.04493474655968,48.04137411258038
144.98812245249727,45.99609835723447
144.6120075325474,43.832241009295934
143.8441688604065,41.47694429699781
143.4579948072702,40.707175674965704
142.99441280509183,40.659821770706344
142.66254941075627,40.6492332340283
142.29600180716287,40.306096997804865
141.74821568983998,39.55006829972842
141.46574370311504,39.12291717374568
141.12662440523835,38.54498087052529
140.97292463988262,38.188656706423096
140.8358171520395,37.89943703058073
140.9099076111619,37.654636514396294
141.02677260982446,37.528547611372105
141.57693015454146,37.4842444781887
142.27864364619387,37.53990892310016
143.1614294085017,37.604066991081915
145.0422243889039,37.70106024379143
146.43287315922993,37.696261077679694
149.1774910098884,37.87933795772103
152.64557888000428,39.16589317172102
157.1718402190457,41.1478852812598
164.17048850907028,44.23612415202934
168.6744910782804,46.63558488742622
175.14050703449874,51.65738987126228
178.64850584857575,56.05125617513428
181.70017377713077,61.66435867319052
184.61458015963865,70.75540188161062
186.45291358082193,75.08936100167732
188.37250888226532,78.14746909228609
189.1730964290582,79.00092169029757
189.53905130362995,80.10146973262547
189.90927070759724,81.55652722363936
189.73242236511555,82.0131704475407
189.51708272483248,82.54569941675264
188.82254604602824,83.05676322066286
188.2349792308682,83.54460858756259
187.26905372880395,83.913867612909
186.75193291302168,84.29447462078498
186.43889151474355,84.55486593204084
186.03795296856356,84.90029152405513
185.9886352242459,84.89144340245724
185.5904717089058,84.90441497451113
185.0824275076774,84.78645731297836
184.44209133554656,84.6520832445371
183.46022972122262,84.31338329997678
182.6297100032991,84.17015814089326
180.61307551804185,84.03853617985783
177.87609147327692,84.39890052997188
172.38169139919785,85.69381900646422
160.4952737567991,87.93713469180904
155.08447762637894,88.00994576934342
150.95662358309875,87.47817411972518
150.25347019980578,86.95580614719609
150.57804256674038,86.73702244629055
152.11474921022057,86.37577240300529
153.20583495815268,86.50278791064471
154.26159743998494,86.57277235611849
154.48430031014877,86.6070343845476
154.45244174871317,86.61290224300944
154.3074419892633,86.40510449930831
153.11675797956977,85.8683319255607
150.08607989779478,85.73029408454319
141.3474757160495,86.15221338117937
134.41740215956773,86.35451824740248
123.42326285285866,86.76774695845852
117.01399445326138,87.26078759073275
112.36011856496201,87.141420259284
107.92814672517235,85.74464956868543
106.58202002482892,85.12075609579729
105.70558668237958,84.36159954946886
104.94842173342226,84.21630302742855
104.04207957294312,84.11021513141212
102.58258420890834,84.1256661917603
101.62187513634566,84.0658961815569
100.78663194751223,84.05082328068737
100.42088079753833,84.06307201924233
100.32750961395575,84.07777477883377
100.2851299993842,84.0381916347817
100.25383642085878,84.026784391892
100.21759869383521,84.10969832560086
100.1999653647858,84.23187320083218
100.1937402459507,84.41134580153609
100.31419075336058,84.63862443958487
100.46332032057695,84.7258488912613
100.85947202158692,84.81637866118834
101.04623069169318,84.83155357164134
101.1887498672102,84.80914460513526
101.25970713665292,84.79082077672669
101.27458006963697,84.84224102455526
101.23263638713902,84.95039763752345
100.98937640595506,85.15924275676585
100.34859423793598,85.63221981285238
98.52356072098767,86.87930955680923
96.79663451691704,87.89057380369171
94.99602173832012,88.28258040276647
92.24627486820029,88.41102675785038
90.39387640910971,88.14390366449864
87.62538873809937,87.59792814122065
85.68969872652156,87.35642104001991
83.8357816181578,87.18397072410612
80.81470840920596,86.83426436299828
78.55682554298058,86.68224481303267
74.72565276377036,86.64464559506563
71.95356605894285,86.65924334162885
69.24675066087299,86.70628048293969
65.28680069721855,86.68714535931655
62.77116056915504,86.66810518831613
59.11750381544314,86.39507342041017
56.63046521511028,86.19653190033077
54.00044719200382,86.09040408054642
49.98881028567257,85.91770788569059
47.54989739795465,85.820050633046
44.80166520364568,85.657022984621
43.52192139344612,85.76591100493742
42.454105155982376,86.18289801036828
40.72245893533574,87.03360602019703
39.1534354884011,87.3535862158775
36.44571615659024,87.34059749076212
34.95410595351524,87.43633948818699
33.72132408926734,87.6054596421595
32.397167366196754,87.9276609406981
31.421233144585784,88.07881492307625
30.440884858412915,88.25579619511821
29.28297863602492,88.7750871643977
28.398544405500132,88.86008512286915
27.384799530154538,89.3316509702355
26.837145277578543,89.64592071850291
25.913019743008476,89.84432971374339
24.977232740565398,89.96387233749377
23.87413256516868,90.14218638370464
21.941361438949684,90.27334573301792
20.663789021910276,90.24090064055224
19.104727325734217,90.18515880377284
18.31189810315695,90.19757679362044
17.449931268944454,90.3772407058861
15.612084926579712,90.41558140221291
14.15320434912391,90.60780190484853
12.507066525720631,90.64399916131335
9.975294159589254,90.46954523879697
8.660829798564805,90.38026587626983
6.911247966076303,90.08587439644567
5.7164520915345065,89.88014363425756
4.531667277072046,89.58659606948285
2.9935564369927192,89.68281710690837
2.0123392603235573,89.76947067545379
0.8018317560312482,89.7624414721519
0.23170488749744322,89.62533383913276
359.942275255019,89.50562234196268
359.1365763604447,88.57157411322176
358.5681478975249,88.21817112362814
357.675376899606,88.4157708134379
357.0177129335158,88.66358015990122
356.28689979350645,88.56370800219754
355.44867931142363,88.233173832544
355.0462012447796,87.93264040265353
354.53226762224097,87.77418930526089
353.92696715426746,87.72909219392784
353.09023969534746,87.50607350684331
351.19664692067556,86.99692813671066
349.6970131936815,86.91161514485547
347.1007076245047,87.10089455012672
345.4177015300137,87.04480281215343
343.8980413392678,86.69532109006975
341.8253939743844,86.2178087701578
340.65766050594505,86.00370259626368
338.8746640601775,85.91591314573168
337.58623600488056,85.91422679162592
336.19994931242104,85.94946960788522
334.097346997238,85.80980713568894
332.7829260709981,85.80565720138759
331.60858887206666,85.72789703445352
330.142353192423,85.64019255616377
329.262424201234,85.52813916555765
328.0778766514593,85.43889800689833
327.3496424678245,85.38849774990413
326.6397998644393,85.43953964860502
325.5271244624881,85.60896813831383
324.8308380262117,85.67867741202879
323.9193674803636,85.8263598464551
323.42364010742733,85.89151920127601
323.00480785777313,85.94347064137615
322.69495239274727,85.95095154504237
322.5696011693319,85.94054371902372
322.2293323889162,85.91627977614785
321.80876658669797,85.70895111270139
321.31383896773264,85.2764199860974
320.40602308761174,84.70448683032213
319.7490964534596,84.39700298275194
318.9847514088351,84.0549403257044
318.65025937340226,83.86036649906856
318.39079703041887,83.50498134369387
317.9310330076231,82.87734978589565
317.6397391790122,82.50734871093395
317.1371593769504,82.17515634566104
316.78985876859394,81.99907107037626
316.47262585144244,81.76634773652056
316.0005719418099,81.43755712297627
315.69327714090787,81.2261592651919
315.344920760411,81.05121952585554
314.7447127802818,80.79196082146899
314.3232512038145,80.6209480991079
313.47873443294407,80.35392129045992
312.8572539851944,80.12739879291499
311.9969114376297,79.76982652184529
311.55644453482523,79.412230744208
311.3765499930697,79.16933702451838
311.38348908378066,78.91081549559516
311.4523337564192,78.791788408206
311.55256923852096,78.62440653010697
311.6860599553778,78.47697726499496
311.74968719297385,78.37519426021404
311.8559146591028,78.23162555143679
311.93993101294114,78.11086048360839
312.08062769680146,77.98815228006725
312.53204281237333,77.82226984833171
312.8686259071268,77.7016878710575
313.3401424281841,77.56093031197844
313.70562427596224,77.45840840426645
314.19363829682777,77.37073229666375
315.23431654588853,77.26250152434147
316.256907223241,77.18935034999767
318.16704691819575,76.97559580822642
319.82935356932467,76.76582687140166
321.7039856017972,76.66852162071274
324.77167869631336,77.13916185656589
327.1968210470552,77.62041948153276
331.0428620117211,78.20610513226711
333.7682029813776,78.6095485183763
336.64975666029136,79.08931836566624
341.0429127569067,79.54425503030572
344.4102801320219,79.63197080933426
350.59069066182553,79.16521112438134
355.8363299579861,78.50781133091031
1.185280949491613,78.48061617959674
7.710464979946977,79.75129689154026
11.619814218323313,80.30809300103626
17.781179004773918,80.999704854399
21.921238010112518,81.5361296653796
26.035243410408924,81.92373719325836
32.04131747352449,82.52069328174967
35.93692459076661,83.04208872954852
40.0972586742657,83.51027903333576
47.0449833939104,85.26000956211162
52.115391265025806,86.83301816921707
59.87901957270287,88.51175431389123
65.05210326833404,89.18949121978929
69.87633686974699,89.88801609770039
76.22593810191383,90.95584958008565
80.23276138067861,91.32421568366489
86.03243505510625,91.167038484064
90.16416370101072,91.21479219457721
94.46778683997843,91.44808918056695
100.9334367934788,92.01320071594229
105.19526546190943,92.33558689660536
109.3636917113903,92.53544420555805
115.34048231871,92.49618129143357
119.1376598990589,92.55852902507505
124.5634015704251,92.67512982900213
128.06389142459952,92.78397939024275
133.05055763766788,92.66746723868302
136.10536467766204,92.70086457309621
138.7998104573488,92.63431594896855
142.28672422164053,92.37732955921
144.40591665829604,92.46056740757815
147.2943474426535,92.51114915409339
149.19874713211152,92.3624674074582
150.9775994415267,91.95837596339163
153.07674428833062,91.20095553049082
154.007879787746,90.60251211507422
155.05641651427416,89.67331238253328
155.7792270527204,89.3166108510431
156.4354636740864,88.86105223698705
157.55239222574647,88.32128068402447
158.37562242352044,88.05639454940447
159.9254184169751,87.67367546932446
161.02589127704164,87.40822981028872
162.27407309592235,87.11372464666835
164.29352004008635,86.66987165948854
165.749363486013,86.40345712298279
167.1910522900165,86.22283358448436
169.37563232094374,85.92124583955972
170.79418953854088,85.64560373080558
172.88748222588072,85.18014283324042
174.24298499385225,84.76476547209117
175.53257754303922,84.3360774554175
177.59176075787008,83.78524806370733
179.09514405502836,83.44510237181473
181.49885824392206,82.6010102953102
183.11335783231212,81.64584005365231
184.6653626079754,80.6201524761053
186.94657675807946,79.3228860827799
188.30823111148263,78.69812651173964
190.28754243096725,77.92616705425593
191.4744196683899,77.35392130551897
192.58749510683808,76.73775669808391
194.40784979084376,75.84361845430166
195.5517184909866,75.00291359834205
197.06403471251554,73.81385854467317
198.14492073069482,73.30704981595377
199.1228901775769,72.83374306368565
200.367438989108,71.88821905799199
201.1804846544909,71.24589456510964
201.98796153295933,70.6319266101948
203.24477329085173,69.89835319805091
204.17590846625947,69.47645106384982
205.69374368959794,68.92395581941491
206.81721966541136,68.40044460343321
208.8352806536033,67.85123143588635
210.15856607236364,66.9878752274929
211.56412838142185,66.02762132721308
214.04963456545164,65.19596136177023
216.03814213835474,65.15141818236087
218.11991903360143,65.31839327904649
221.20286325873923,65.81634465773732
223.27678102901893,66.28998158988374
226.21582155362972,66.84828112533619
228.2414464388829,67.35598941039899
230.4363896982264,67.97836339087218
234.42892368385552,69.26609598610133
237.37153577789536,70.07645492507166
241.9914512728006,71.43229237235904
244.8588859601419,72.43688218972245
247.4728538448759,73.47272140603891
250.857385233581,74.8576251541644
252.9044360682115,75.84619831726727
255.55350753694262,77.07698890818035
257.1208990327731,78.06434830396822
258.3855024721974,78.99813924710271
259.48107789203016,81.20777881298591
259.6474807370338,82.9344959270527
260.0808202104517,85.31464314790126
260.04902270007557,86.55501670872154
259.79319747770575,87.63268251878046
259.15235680038256,88.53840307590382
258.78669915311013,88.91297447118811
258.34711840516627,89.21020564693173
258.2308434170698,89.28275704472976
258.09171289672673,89.44438881026149
257.8258219237371,89.83654506068582
257.63321592998784,90.2267566321316
257.2011359931288,90.81640337049976
256.9208860016495,91.12612067309601
256.47034979073027,91.21386761807787
255.8962996985456,91.26959510012108
255.53135516715002,91.17052529099915
254.90550110050225,91.02050006809591
252.93105478782954,91.4492595732007
250.92571226979135,91.73405557459816
246.70907332811854,92.125460671384
243.68406334678284,92.17898009413662
240.9825726890102,92.33597867605283
237.64953780040517,92.4361417778173
235.95554463595118,92.61248917946561
234.25594281193406,93.04462411880624
233.20832081498955,93.13075360337096
232.16469410832735,93.01310304177328
230.39393789108723,92.55740627648318
228.97339613642004,92.20835960343058
226.6623820255919,91.48622725862525
225.1422117409489,91.27239552790536
223.86592851046123,91.37231525261102
222.39812478679548,91.60078754298509
221.56213444186042,91.7417164497051
220.47307000486205,92.32844843849165
219.8041020515857,92.80581289852576
219.24831562940113,93.11784190821416
218.42928671696723,93.2208074496641
217.96559512182822,93.14840334680751
217.36391981850073,92.63236659645176
217.01327812582258,92.09503626558245
216.71438624739682,91.51182155017166
216.2617179900481,90.732761884572
216.0065262040335,90.48446954109937
215.67751850291128,90.23536598981286
215.68576831588126,90.1513067802194
215.81884944646714,89.98673661546654
216.03766989370575,89.83667561629689
216.18703092395384,89.8822007241258
216.2305820208103,89.86254818302399
216.19738247652154,89.80747770570106
215.92195086666874,89.6128481589758
214.98495404860057,89.19751629330707
214.00340714761182,89.02921465557634
212.68652611202862,88.66322134485856
210.49691919251288,87.78121678083662
208.96771901607036,87.01583995363706
207.0109995738232,85.77191591072125
205.9570380643269,85.03152172656178
205.0136643004834,84.32905752500838
203.7676108329701,83.37806104859948
202.88105546771055,82.74612936479842
201.3259782853974,81.81968614885372
200.23749898572993,81.33414491534052
199.04707400664594,81.0856544768147
197.72187385684205,81.06629829535989
195.6225470183597,80.52046943738857
193.57372668150123,79.80867502502743
192.35341259098433,79.43875442771764
191.3795210558727,79.27008538102423
190.1860540939113,79.16348994214792
189.49136395821654,79.31458010012165
188.47325209693332,79.53878127514514
187.62578062631545,79.64090537883294
186.77152987002043,79.64900521958438
185.32357530479308,79.36849689604567
184.42977668594366,79.06665785696578
183.1957423302948,78.72875789440793
182.53484224693116,78.5355961287899
181.89493704312287,78.32136717246391
181.0434030427549,77.94695527204264
180.4083971976958,77.63034959264515
179.73758464845835,77.43773485017414
178.71774970506408,77.30663237908536
177.9691969611293,77.31341789395968
176.8936198122819,77.649288594362
176.09144883751586,77.86678876337953
175.31509718826018,78.14589203621094
174.0253352756882,77.95252483130426
173.14702824493835,77.64446046317107
171.82944567622113,77.07268300997151
171.0394522237396,76.75174674126465
170.22136469660484,76.76010066192653
168.91624113731245,77.04181153552712
168.07442731495132,77.07150694562856
167.01747388063967,76.61141524299856
166.4939195315357,76.18087629412037
166.10864136248443,75.66559089804261
166.15610663747788,75.36264865898036
166.55385741224245,75.3117151048109
167.58155870381847,74.95810297151583
168.28482495326537,74.75225514435688
168.9911369181232,74.34272423253421
170.19013269580174,73.46392856211995
171.04373182868605,72.64494237904493
172.1850572979199,71.45137945261163
172.8779064186908,70.86236630055146
173.44778910567578,70.33269573979986
174.03119575598916,69.52620160690684
174.27648142750405,69.0244611335266
174.43185741067177,68.53113194150387
174.74058023033135,67.873003017871
175.00521153906132,67.52346018989003
175.46233778600202,67.01495707582953
175.78206530640676,66.68290948902734
176.20067648129262,66.3089345416905
176.46198441832448,66.0935993790153
176.71626078167708,65.92691791099568
177.01852249317201,65.78646878340562
177.180735710636,65.69155444107697
177.2689556086375,65.57966406264158
177.4173214703992,65.45631556690418
177.47599125301068,65.38595471002878
177.51288763945834,65.2398429326042
177.48639756273664,65.11496660067374
177.45895198225645,64.98760120801445
177.37320728500293,64.77746027284081
177.33629182978646,64.66863440455094
177.28022336171477,64.52986103807969
177.25549276922015,64.48276258057886
177.22850464666038,64.48170404477659
177.19701938865694,64.63728331710571
177.19371923732822,64.80760142216258
177.2775667804911,65.20442412980276
177.3216264025149,65.60571550906526
177.34035677847845,66.29955149056633
177.6064508111312,68.1538284152795
177.91723561831884,69.99650204607157
178.1875927493993,72.65012026613395
178.09374170980158,74.36148531315129
177.79388787828412,75.78795215948138
176.96354304291623,77.46242849949604
176.35246539016887,78.35757918239142
175.47032493034405,79.56539629093481
174.99099043499078,80.22419273308815
174.61591792785666,80.76140212863837
174.2484096461287,81.5034407696112
174.11850996350955,82.02054480472017
174.0560860751942,82.73040443686942
173.95096353777592,83.68225694882479
173.90512956025643,84.18335590725951
173.82757471526352,84.27894556711271
173.76974131329385,84.19956500389138
173.66984389600094,84.14265565014823
173.6194082347643,83.95928918125172
173.62425125781587,83.74453748023501
173.69730445202225,83.3767967958532
173.7602742991582,83.25212879252294
173.7894260328164,83.10350542051242
173.84461095536895,82.99106634234091
173.86116177904134,82.94841572583694
173.8864561194929,82.90548464769545
173.8925004751856,82.90879987981762
173.8638310446224,82.92323310951983
173.8741544131097,82.93904891743598
173.9068133312679,82.93608675691866
173.93223685880537,82.89856873719535
173.93455746707764,82.86676946130709
173.93396364261795,82.80999773179715
173.87950625717542,82.73001336521389
173.77671492075854,82.6674741987069
173.54948165073407,82.66829894572719
173.45315630145805,82.72106324821898
173.38710089118618,82.76497959988295
173.3107791245924,82.79515883474068
173.27160898181168,82.82207715737025
173.25355424912212,82.8605231701345
173.22478113800707,82.85535041932563
173.19845422728378,82.84519157349196
173.1218080939842,82.85667884340226
173.02374221351815,82.86204170132108
172.86935902994855,82.92610918158145
172.76076410725221,82.99926796320051
172.67504677160963,83.03895305059639
172.55596017332883,83.09090073679738
172.49886534999612,83.10174553962091
172.45419882807144,83.08612147644266
172.4498769064676,83.07301384688
172.4633578166587,83.05768416809909
172.4678979369202,83.01218251246063
172.46545088081598,82.99849945651418
172.44637631075307,83.00397232433501
172.39216087232396,83.04823964186934
172.36301089409386,83.08270908849741
172.33151530594785,83.13734142557136
172.33629991268634,83.18784008649698
172.34782004367426,83.23085281135346
172.38544299941455,83.28207049202766
172.40514560392924,83.30373849229568
172.42928137375714,83.35125441234644
172.43800794141342,83.38858510689909
172.43915890161057,83.40329736681832
172.4242884776087,83.39457800284582
172.39462784547248,83.38500864601477
172.34633645477717,83.38833650669972
172.3138348765591,83.39824391859936
172.25917740806656,83.39241691690992
172.1718088027872,83.37991689321807
172.15240706998446,83.3740813718754
172.09043326608676,83.4031683525365
172.03558359999047,83.43974025031856
171.9871602319048,83.47916343085679
171.94057161608512,83.55064514673214
171.91882963516284,83.64726540065116
171.8772344406647,83.84495179163197
171.8277926506406,83.98356545465491
171.77216143435916,84.08056979243618
171.72400934952822,84.22636353239054
171.685524322578,84.2147322580755
171.6876636044331,84.27647530978157
171.6944127924654,84.28784732323251
171.69965754688042,84.32469340722298
171.61153666526207,84.76268168668744
171.49839104739408,86.04662595632563
171.33480234315746,89.79434540416437
171.08777565807364,92.34211519546758
170.84806374026675,94.1902569108512
170.34489419606956,95.89022244585253
170.02068379098216,96.73333382819976
169.5597473999369,97.49360774252496
168.85012223827482,98.55213483974111
168.32666109450724,98.8739732944958
167.6130053651503,99.14733069726368
167.15986426487007,99.18889329882848
166.79937660354136,99.1715448074963
165.83385832000005,98.92202969119238
165.40756446762245,99.00285114252532
164.80294167344525,99.32511425050754
164.3749909820519,99.52576717900217
163.98362373783738,99.85371689630965
163.72222937618403,99.5165500260887
163.6659009002889,99.16665365432836
163.66193891272005,98.83574508132412
163.71913801568925,98.67252522605928
163.78451795478648,98.43805442174978
163.987857920466,98.00601484529831
164.07345752468353,97.83066022384206
164.25598642433727,97.50291934329107
164.36554674780146,97.38590625297208
164.43173342264691,97.36415100595687
164.4674200462618,97.38191718913667
164.49979201690027,97.43139942144403
164.5681280538192,97.43231410782666
164.61840228070204,97.4621595651468
164.71245416518883,97.42955120736275
164.88983920720668,97.34100651946308
165.03252258079675,97.24025733841368
165.17416636733017,97.10679691469487
165.3282356570603,96.92802277231259
165.41048061779537,96.84832353256108
165.49336801782874,96.77708912085455
165.51837755115898,96.76682345294145
165.55334073144732,96.75666235188861
165.57613259966047,96.70164044006867
165.52975708815882,96.47407292113427
165.55259415769999,96.35817578690079
165.5155317424989,96.12603223843448
165.48306036557375,95.95822559675622
165.46981651254512,95.79850833952153
165.44640461742372,95.62109031703312
165.47896298143158,95.45917113491487
165.4996747345055,95.39473815756031
165.50078058315714,95.35475243340525
165.49067713821697,95.3292137622181
165.48515125105902,95.32432163915865
165.48792976531038,95.32863824251095
165.4804906550192,95.3297437129245
165.47982707747434,95.27797168070953
165.5127035679901,95.2020882871099
165.55287409468002,95.16323410813908
165.58536516628453,95.1042212463869
165.59408762703663,95.07851885897274
165.59250517060508,95.02913020692242
165.59247330618757,95.01065299046418
165.60232794053826,94.99134121159983
165.62597783333234,94.984925284343
165.64578973327068,95.01992844153537
165.6513623442774,95.03663742815591
165.6296105902421,94.96580768430744
165.60177195913883,94.89626653934508
165.58459262849635,94.82454052779342
165.5552888119004,94.72473434072529
165.5465112953473,94.68342019019605
165.55114695511793,94.6717171364561
165.5496800054309,94.69549140773046
165.56267352105215,94.70371107973997
165.56909437825556,94.70125992692446
165.5665602441402,94.68856032250618
165.56448013329816,94.67489639758041
165.5449940282775,94.62249682435633
165.52257855305683,94.58683389965094
165.47336393885044,94.5353333468714
165.43985296226356,94.52476620286753
165.40777517342457,94.55962005010035
165.42098501155317,94.59700022308803
165.43307826448864,94.63415264982694
165.47219912115335,94.67595209590088
165.50357693381386,94.69431171717198
165.53300417795208,94.68350193774587
165.54277265543593,94.64690856583796
165.54299712110597,94.6250739556024
165.5078232458444,94.58692155071151
165.43787464132723,94.57002288685982
164.39524775403896,94.67904924978392
162.47383266163274,94.86725505474287
159.9263657408099,94.93340713520452
155.7998798089604,94.66350882261294
153.23686509675724,94.39580102306388
149.18849336940195,94.33543697472767
145.5683012448615,94.80383005652348
141.82422845639874,94.91076794667042
136.39331681868399,94.7236254490776
133.17983575326824,94.55544917770955
129.42282753249424,93.73556605655354
127.58455212157457,92.9976796584035
125.94650469010388,92.36119637593939
124.02968765888915,91.18350938183708
123.05852358078573,90.70897687516327
121.89935036834561,89.8846736455686
121.28832715780729,89.28345178751748
120.91790342528734,88.53833757801002
120.67950976602529,87.65701160286673
120.52621560809247,87.2703472767123
120.34839942719401,87.14005259202736
120.13622262010912,87.09452617997691
120.03863475019554,87.12662522858106
119.96824745515673,87.07690312628957
119.96211431667425,86.93423181302562
119.98215388626264,86.7125254579824
120.04555880763982,86.55881221550196
120.12094434469518,86.3759030258833
120.28320423386876,86.08918030810489
120.38497163723808,85.88733328641688
120.56636498616535,85.38220253952623
120.97305487415579,84.34425682793055
121.30940967043804,83.7007037352768
121.91464070681296,83.24599870922331
122.21214059710971,83.09819506701356
122.39368584860765,82.61928235616264
122.58653529326995,81.30641071347304
122.62377575602258,79.9438213975703
122.35369624096182,77.23049841980622
122.3271310974813,74.82585123383582
122.51415892196027,72.68714159751093
123.13205374488132,70.60133091609353
123.44091781255455,69.67437729072378
123.56932982372314,68.6344267462486
123.53215220011668,66.57309228847278
123.43475206028305,64.83688437111998
123.2872098179206,61.322219431258
123.68933394664762,59.0217186156027
125.86450558882458,56.537675867825456
127.88359876380761,54.7791053452763
129.37862563482258,52.37047404439344
128.5653958921376,48.47619408046485
125.21921112767171,46.359086721622496
121.66233330435765,44.99418283837071
119.41306179956035,44.41003618109386
120.63388305409745,43.35955194506505
123.84749537749774,40.321909596870896
126.2245668584572,38.33291023887969
128.44361853382128,36.72526760142671
130.8997521546276,34.83755743571712
131.80697465828456,33.61170151955962
133.28691296731623,32.19306026372164
133.87688528739474,31.186687118372156
134.67707874522176,30.64588473686078
136.01000984893284,30.11163954734451
136.3549821291556,29.68195890161931
136.78224921818645,28.79212419666299
137.47996528609085,28.018124732976474
137.44483446075807,27.20888673883519
137.42637596511136,26.465878530201664
137.33302772986357,26.13267937689836
136.16710124918677,25.707852265250082
134.9394096710782,25.54948953014771
133.994678754424,25.38762464609951
132.98096203153156,25.297587282765093
132.87950920336309,25.435498612518458
133.47491781655887,25.515651892388235
133.42730124415283,25.38773428730319
133.0607197289064,25.241539132028933
132.63648608946332,25.01259403955231
132.63316757205843,24.982295713927172
133.06631022244156,25.04267567597708
133.95981222839146,25.190881083469336
135.04371352881276,25.421792771071836
136.77670591385635,25.719531199741496
138.14329230446123,25.94110848125335
139.38412151632792,26.196323804374188
140.79536682616586,26.533434442569074
142.68874309956757,26.871307179375698
146.03199144989026,27.217821741776426
148.70627898060494,27.86063767562846
151.87204244837838,28.79788701762557
157.8440833513139,30.460476701883856
161.9744710352782,31.527183243284362
168.65442742091602,33.70429882709648
172.98049972828863,34.97429523870031
177.39591738415166,36.24475344397378
183.98742419640752,38.2936814392582
188.37576677431835,39.83008587844118
194.41656887280644,42.45111988894252
198.285406988471,44.49468823802305
201.87665619256123,46.98275243664802
207.0370556641271,51.9306310459891
210.7426539783763,56.95598057415279
215.85011289646528,63.44444363260429
218.5136131013052,67.07948034075008
220.97739353149416,70.64193719294303
224.02428700750937,75.9690198964364
225.8446936815908,79.08299198696871
228.26335912077732,84.03080483897496
229.6154868897375,86.84325415775024
230.77284387048587,90.00481481416774
231.7845232262191,94.48367433130343
232.22368221798195,97.57279693788284
232.20257360162321,102.23223230831942
231.97712467744438,105.42084580496531
231.56378947958663,108.2866135691191
230.2446156704219,112.3609111204118
229.03983627283986,114.9025346779332
227.70183361234956,117.48865357294537
225.12763459679636,121.1174816712328
223.2533859597772,123.50334210864986
220.3334616729547,126.96403695112629
218.3783633912976,128.8485283351684
216.31066363930162,130.38050263322407
213.28203355265182,132.4489244087572
211.33444568112796,133.5728376869301
208.69366424035772,134.6753776066622
207.30337051719502,135.0572312571058
206.2617593972171,135.49668671757183
205.84037037296304,135.88578675277952
205.48805201801804,136.5629375216385
204.61098396398134,137.92391775467232
204.05567394096275,138.59287084307434
203.55017859233905,139.16709018074647
202.9061237901202,139.74477282483664
202.52176649659896,140.03804277514266
201.62796728191356,140.0194157700874
201.23968400703825,139.88700328898335
201.59894106445796,139.70525296763998
204.0604358430454,139.2413984807717
206.39206530055318,139.0317526902242
210.63165043679317,139.01891604643657
214.51594277255356,139.17730945626693
219.01359520233447,139.3600801036021
225.592659798759,139.11157152506058
229.25119293507336,138.52693726311026
233.2502873693897,137.33088527909942
235.2113398933699,136.54789793121736
236.948739307512,136.2903134595847
238.59357716095406,136.18783093848123
239.58723704720092,136.13015770766535
240.7538488544994,136.10849337346775
242.75516050501392,135.815444533018
244.17697704889204,135.50800644270532
246.23788020334837,135.15074943438583
247.3998227976656,134.91309274076997
248.38874798242813,134.73790919740665
249.7380909315072,134.6313036127083
250.6805407455583,134.5780718742877
252.22753466198685,134.22728144961545
253.0668831828038,133.70340656276804
253.91716346562393,133.4305866918721
255.54518709368907,133.66314191108717
256.95312543723776,134.02688523434526
259.52879137297066,134.77046184335302
261.51519366127155,135.29742742486096
263.480268365704,135.96799705352137
266.0507378509737,137.1897032693334
267.58408428227995,137.8595679060855
269.47925302836063,138.93851967822144
271.1092742989886,139.87103596048752
272.68239485309766,140.61445677172838
274.49686685680774,141.16747441192268
275.6164284310879,141.18902705263903
277.4244997490894,141.0342834788455
278.88279845467275,140.7383134641851
280.4881437445648,140.55259516488448
282.48381721993917,140.78424709109726
283.50093655886707,140.9425389254227
284.42160165180803,141.26308376746937
285.1406042472015,141.38181025535883
286.12704668666254,141.58851626815715
287.8852126576354,142.09910212952497
289.2703784028594,142.44464929898362
291.61203323350526,143.00463369853642
293.3847559736213,143.16185516599677
295.1025209876289,143.18560235120702
297.62417594984936,143.38915302137087
299.2237489575268,143.2620300457796
300.6143107591048,143.23639033759912
302.296143577552,143.24845312550914
303.901699807586,142.88420402140827
307.182186354441,141.90033088959785
309.72688875481913,141.2294542278665
313.1269783901811,140.42512888415504
314.80103864480714,140.1361474172922
316.1012403783236,140.0691047883634
317.6284729150809,140.51637988904025
318.7308828642647,140.94853934344584
320.141562567356,141.23544800897574
322.23575973492393,141.29788225298756
323.6681484433258,141.1619091690959
325.56393046967935,140.67849779875652
326.3132767981761,140.36370564995582
326.78483548033284,140.16097598866372
327.97969685598275,139.82552404151335
329.05896872966935,139.61241406442738
331.1731784856702,139.33285924069284
332.6563261565421,139.1925256784609
334.27026568043493,139.1270726046243
336.58784467727924,139.0024762581461
338.064500767272,138.77885486759527
340.60737008314965,138.24542174582976
342.55734548985936,137.8503927125902
344.64675759409874,137.41273213758572
347.79797878157115,136.7774337047926
349.7232677298658,136.31333803603872
351.5091833698164,135.80958190928192
353.782663074844,135.02917697729353
355.00889650532963,134.62860238863004
357.0810993792959,134.02326499060456
358.8042132390811,133.53002163006596
1.572877862353181,132.86193267655324
3.3410378295764076,132.35788776262382
4.83659573248633,131.9276523340696
6.748465630493882,131.5602084955118
7.764272564328365,131.38963701287616
9.218103272832565,131.0780204027274
10.273915392462328,130.82868417725433
11.405292354570577,130.59584440181618
12.817813039812592,130.05584008284708
13.796372625087685,129.6986859861701
14.976476394990385,129.2787473022441
16.71354603760122,128.71067969095122
17.79892918512789,128.19341514618503
19.391013892826948,127.31574391953845
20.44607321409589,126.56679687089056
21.478765763046482,125.79380841913658
22.991046289476657,124.81390560845159
23.64824773481388,124.28558948062278
23.768597928200023,123.44880465865799
22.753658936043763,122.8554187834619
21.306298740760553,122.30907137112672
18.507897411372937,121.96042411158834
16.371734870843824,121.96514681757094
13.071855033031568,122.1444023617283
11.070974664465268,122.61948077702016
9.24887532225452,124.01973315851635
5.947062833628024,125.92916577061055
2.5002941616849057,126.39737121383351
356.65740657568585,126.29915641418805
351.79668113531056,126.04738140789748
346.2462069592028,125.76648601183408
337.4975794652487,125.21725159895486
331.50042083684684,124.42005409102899
322.33176226213106,122.7538041668517
316.2662862352419,121.2179902189464
310.150451070729,120.39428697352307
302.0735268652291,120.2807680821886
297.9088376040514,119.5676433903416
292.64044120807455,118.13064073767069
289.7720087370784,117.48446032030171
287.24915093304594,116.57618528584123
283.62957878482155,115.93475090518169
281.2846706196009,115.69163382425546
279.0769617471362,115.61687292212143
276.3686464292105,115.71711794523102
274.861039576811,116.04789079003399
272.7446979130365,116.60601628978534
271.4969367788484,116.73889633670771
270.52009018096334,116.96401396167794
269.1269568359388,117.10826948682444
268.4216845014532,117.16183125437814
267.7677009183008,117.62592747872918
267.3767815641329,117.86326819471539
266.9984735158116,117.97863749238223
266.23628893173964,117.79239295506726
265.5319233361964,117.15755931474756
263.2832650022371,114.71104058338452
261.2984008472122,112.80459671945573
258.632644791337,110.65226759994573
252.88482977618327,107.26272313488842
247.78948412387257,105.10167427038897
239.296599831661,102.30318387671747
233.6867708146362,100.65143988766448
228.79759669327808,98.94769667033046
223.01341532224768,96.88381051562129
219.92890809271006,95.61985802010832
215.90957873042262,94.10040089741373
213.09717730783078,93.25496083469554
210.2607952574278,92.74260728199584
206.05040681971434,92.05500332871385
203.44597013740588,91.46252517865798
201.24617980969958,90.83609038554907
198.58036084752757,89.97671994079538
196.83714594350675,89.53433840156846
194.63814179995364,89.07829077075755
193.3125012343376,88.84934544162644
191.39497118516445,88.5676502220464
189.98760380563235,88.37200877591822
188.5730500867401,88.1491444534097
186.5405984305001,87.66333377533785
185.3339573897947,87.51627865079517
184.32439697329642,87.30121408188872
183.53128808038795,87.05878523017691
183.6145410850425,86.93304298476436
183.66816907914335,86.87595942440107
183.42418190286506,86.83923199197723
183.3265381599866,86.94748431623874
183.7712326067697,87.11555599562806
184.7037526214605,87.09418727564163
186.69366989537968,87.2648191624101
188.6550595230894,87.28187826381803
191.52313943138182,87.2037368978241
196.7275960321754,86.73828985056254
200.48679145430157,86.50615768624623
206.2535974080774,86.24742437599316
209.9887544083688,86.32328856789204
213.75148413555115,86.47313219692143
219.421518087937,85.97191423959882
223.60677139922666,85.20681679885854
229.95916729371547,84.51443749447276
233.75712055853677,84.32171149594518
237.36952988875095,84.21093116427477
241.8539658082524,84.20518120592821
244.35383597602413,84.21857768694936
247.26760274821856,84.07721256514321
248.7690665356418,83.93410763499058
250.01696638692277,83.8576856275398
251.24398385056344,83.9276776178536
251.85045348074385,83.93768591833904
252.43588005560497,84.19288769902946
253.3391707631884,85.00906247705043
253.98146577641816,85.27733219128056
255.25166148331232,84.49639478373264
255.73557956469148,83.68022591880799
255.96941872285242,83.4027149683403
256.3092879941215,83.0045266135609
256.4289710789958,82.40068976100385
256.37709974761435,80.32575233543679
256.3742792499951,78.96266410965845
256.30961918492653,78.55458810555425
256.0956769963261,77.62547957898424
255.74697116485933,76.94487701431476
255.24292952801932,75.46333011298064
254.88743028838243,74.0314070781468
254.66527677920533,71.56402577574828
254.5566615658962,66.60327402360373
254.34043141988292,64.01453818505796
252.59957820234348,61.86357451685022
251.20045650355246,61.005463994558426
249.88179385788249,60.35463462313637
248.35617316542152,59.50149378847806
247.7282806513026,59.24122881665057
247.32483411123263,58.99406480418297
247.00542837769382,58.78199385053507
246.82674311321227,58.458006989285906
245.57630660072834,57.37621202994369
243.2405852339193,56.41094689118838
237.35853085520006,55.22161911178625
234.3003683344602,56.25826872980679
231.71639493497315,56.590173403001295
229.8195347947921,56.845373226697056
227.69394810657218,56.38831776063615
226.42158939542213,55.85208087316603
225.95110168339778,55.32598487480308
225.04144277045293,54.68794582043696
223.49596535207021,53.382922609431155
222.4583240989768,52.28350062615356
220.97928407644218,51.88794011892484
217.66739952852953,51.92490082724179
214.5847172659982,51.744323387518094
209.49903877223693,51.107922726650926
206.4756517391769,50.572947930959465
203.7591019043636,49.891162037930805
199.0795038432142,48.745209158544526
196.39286001315065,47.98341613726746
191.97028835626705,46.69776818423167
189.2967206539736,45.92017851703894
186.69204703820432,45.387902739939314
184.44540204086672,44.679250891420345
183.29524131277134,44.31983838762875
182.67896983277927,43.75166388733497
182.52283405034245,43.342949126675975
182.69315492456735,42.80648828919782
182.52168453727052,42.252743882235265
182.49160911689924,41.979028774983085
182.18200646929992,41.782511485361034
181.96330573115333,41.72435477677209
181.9188718227367,41.671693796332455
181.97467091770326,41.559404915380014
182.33370369532042,41.53843818124765
183.0076106661891,41.60658226693469
183.38177960393182,41.709486433122684
183.72716647901066,41.84955237106573
184.08098480621416,41.971769985052454
184.2395853632344,41.99932053320551
184.73060262181798,42.00501474241482
185.11959878218383,41.963246627306056
185.46754304975747,41.854539421211165
185.89205996258258,41.77994296707437
186.0656056818524,41.75726459458117
186.27001643443236,41.76408344127523
186.37002609656378,41.79839495306108
186.40360194010907,41.8245751692282
186.4907075949454,41.833451407498025
186.54892896205072,41.835907111884524
186.5921333788757,41.8154096840444
186.60868308848896,41.796689783794825
186.6313336560852,41.81271491106983
186.65432831176642,41.87417373276633
186.6681064127594,41.89423570305645
186.7102459328047,41.88814212685136
186.8595048765268,41.85307518642733
186.94649415206123,41.831978083082554
187.11131552571968,41.810810350027154
187.22889977955919,41.79506000442984
187.29178212790382,41.77916993814676
187.41750695217365,41.7640796907508
187.47754664811083,41.762191385036424
187.53867962469855,41.771352946204175
187.52472595041493,41.765618984495475
187.4387080615103,41.73042036811418
187.1868782970703,41.656540382516816
187.02354142806738,41.60345319137845
187.1330215078183,41.592286934422795
187.2699150315056,41.55648435022351
187.3152842701232,41.52642693782407
187.10902439967833,41.42969767994502
186.7663053250874,41.41566786507083
186.01461612420974,41.40268582739851
185.41018463327782,41.421755281005595
184.88313155411876,41.4274568538112
184.69361139806108,41.46695603611232
184.66998782696533,41.49326249436226
184.81690334587213,41.55415633813332
184.951493895977,41.55203738006522
184.96656674451827,41.529726617293385
184.82288436369905,41.55361553335455
184.5997021849354,41.64660393850192
184.14790231051688,42.03338660425317
183.85354867894682,42.46989816602838
183.6819249572406,43.330127271616576
183.09556842780606,44.999847924479084
182.98945155049,46.76505494457549
182.87051604421643,48.74318597031459
182.75785104840244,52.13642778800186
182.2160113938906,54.085338855419785
181.012931709928,56.905413340320464
179.84226826535541,58.51015178253681
178.31790626332804,59.81314881917124
175.06223347301807,61.76351600491016
172.6048942034566,63.380864384578054
169.06690484027826,65.62479935313763
166.85944139239436,66.88303375939115
164.92758842239041,67.89028086602804
162.44562676773404,68.93061409193669
160.99195895743355,69.38907082752723
158.94589580887893,70.00699471642537
157.50928893001358,70.55871765288545
155.8448019738817,71.18464681911681
153.13280273517563,71.935112999984
151.3891044129121,72.27272472890374
149.72514851428636,72.52591747622924
147.60133191030496,73.05370939551749
146.5496048595479,73.34818984859687
145.48339657187174,73.68209246269338
145.23448769516347,73.897274648101
145.28855794878018,74.2203289132809
145.43709978941212,74.36585894671714
145.5886694503215,74.50404097009435
145.7625231413963,74.69600818608936
145.81932320699235,74.87227190243313
145.9242852455823,75.11490398283635
146.35260810245632,75.5562231709608
146.8483840432487,75.81697781767286
147.77870377257466,76.22260287271108
148.4644421107893,76.53534723133355
149.17668744477402,76.89122140292052
150.3168298461153,77.5043461205503
151.00926901524,77.87263737835481
151.97705849626195,78.3670752737341
152.48235189187326,78.57474699417644
152.89323762995423,78.74230368588137
153.37944968950137,78.95678355429143
153.80964128151305,79.17769892149761
154.72541206142387,79.49781648187287
155.63112598863484,79.67314727384255
156.79449079683928,79.80866679775457
158.93357998040392,79.90406169135974
160.49932578119044,79.94575911459197
162.87779299094845,80.02079577609888
164.31658424745814,80.15538451930111
165.65745238997386,80.22821632307381
167.40409219619758,80.30242225765721
168.3406195278356,80.34133044940522
169.5752382497402,80.51205616248171
170.3082536938681,80.64032491323128
170.97413947740836,80.77361401895972
171.91833346568706,80.96485574754394
172.638709422237,81.18004735741975
173.76090649563272,81.34962258149957
174.63282179770604,81.42254658925029
175.50272778168878,81.49447117629114
176.939251227775,81.6033882364291
178.00394091425488,81.7683812136401
179.98045591269135,82.0042819880811
181.50169364788627,82.21147413929657
183.26009877403837,82.47617143206934
186.30355099476424,82.82150270455634
188.5365620568585,82.99507368095168
190.93534033615222,83.20357246786205
194.93152277458344,83.54286992404307
197.9038582269757,83.65329298844755
202.53014747467702,83.88845673364406
205.4295800573932,84.0366676450262
208.06644037698118,84.20650510690412
211.61673678507697,84.4885180116942
213.78644271991584,84.75067075989753
216.86242283539576,85.14724728196585
218.8079256521967,85.30718546895895
220.60157978887196,85.35742986300654
222.85537253674758,85.23265257692076
224.12083620062432,85.15251435391774
226.02725310516996,85.03024521278797
227.30977000319496,84.93206788222172
228.47441425526216,84.91766727111566
230.21757368568115,85.00868249562329
231.30264278799294,85.16623811166295
233.08142322638446,85.53936812235054
234.193021330572,85.75601423406151
235.31549459225684,85.98027396609932
237.13366803372867,86.36843839448203
238.36369225268157,86.48872095468099
240.27505458514014,86.73108001711958
241.48634796407381,86.91578052635109
242.6102013491922,87.28027031800106
244.49415340135818,88.36010388268603
245.92768851866686,89.06308006824989
248.073700465536,89.74038917419149
249.50647331119973,90.02982514633925
250.85000080282947,90.27295876209295
252.82293072425566,90.56148897552035
254.18470233799798,90.72537303526734
255.7066192725619,90.9049874031763
258.24606321297347,91.27476215321992
260.44476805999017,91.89842625012095
264.6093370917041,92.68510584498885
267.73349266680225,92.88324429885643
271.1138502035011,92.90243849422198
275.95418859601176,92.73190409798133
278.71527884559845,92.40780559791114
281.3032687356657,91.50700491480019
282.22030323570124,91.60088907956897
282.57200789961985,92.07045973750846
282.80363982209985,92.23171867820884
282.7773119971651,92.06241636270455
282.99075022412103,91.9838756613364
283.31283763276195,91.98508032447236
283.72162301877705,91.96807148655476
284.30659367679664,91.95764711941074
284.4649988010356,91.99529507295011
284.392371510308,91.98943447585171
284.10572501342017,92.02420847361783
283.5900821632407,91.70674524287391
282.94701496046645,91.48616159769058
282.353980212543,91.50472537079699
281.42938936748834,91.64855381735696
280.6345803408162,91.76093413733719
279.63006107604326,91.83176390998825
277.90959498887446,91.97133352926303
276.56854287430895,92.09889976080679
274.9578173204986,92.29295863319032
271.997843482842,92.43697369896819
269.44011934403034,92.19715031947018
264.9458390716766,91.97136519418238
261.73107494474255,91.71756262476815
258.6702727454465,91.4792517056251
254.0790808933397,91.3839564651311
251.50987389249664,91.26144737312703
247.950192524124,90.9813743044946
245.67469186574567,90.6736538583574
243.35353184830439,90.25266026492716
239.717387843528,89.56320129071814
237.153494620065,89.1446107279162
232.9996824889637,88.45945964424325
230.04803815674762,88.18719778964073
227.1605487049772,87.93029903064289
222.88362739974474,87.48218292854564
220.27476465588302,87.28634802108652
216.59270393447088,87.12153190416686
214.25713075523143,87.48456495344739
211.88323203585475,87.91811047670345
208.4099971526525,88.1475640536789
206.1985668764512,88.273353690522
202.89693902834435,88.36369478295475
200.7759473430391,88.39869742013636
198.69350857130195,88.2939174119797
195.51267006907872,88.02794597716903
193.49391237578163,87.96981013486072
190.4169306248235,87.7846179285646
188.43217332946404,87.58599849023003
186.39963047541718,87.40370223052635
183.3876532851288,87.1603862069997
181.38358347944416,87.04384327318502
178.30267843308934,86.74567030921541
176.20899327673018,86.52577273856423
174.0045581733973,86.28500822412671
170.29860049136732,85.8559083775939
167.52743494178787,85.59500961175951
163.37017855322446,85.28207185808586
160.7644534472576,85.02823730160102
158.288259016458,84.69512586485884
154.84895778665228,84.36010648401029
152.17159406988625,84.52169851008658
149.57710282181617,84.70412959267811
146.13642738746006,85.00654741364622
144.14721065220346,85.14344902689596
141.6309639154449,85.31078311076368
140.15304500555868,85.41045404771796
138.61285487986842,85.4725950237923
136.31129415743743,85.78897009860356
134.98456726195107,86.17063368761912
133.0950472306838,86.48989785112482
132.0831413639358,86.50201966504952
131.19619337327376,86.62527973049228
129.87864247479865,86.55707142020701
129.0876649254781,86.5589525068938
128.03176361728987,86.56255890029081
127.29096284372659,86.49583195659413
126.74097732660817,86.47316200294225
125.7450546608339,86.31405197831927
125.18169502558086,86.07383086685797
124.01276093559827,85.89358047683527
123.1953711198544,85.65195938996119
122.34395788300984,85.51865824667023
121.01713789511707,85.04303031006089
120.42658580425959,84.57566638488865
119.35863428630378,84.16201240249819
118.45076469081661,83.99081717021834
117.52905459161224,83.86462823827421
116.1041143408497,83.70949959049007
115.18691058908149,83.58774066273637
113.89127633702499,83.48084059239903
113.26482219907328,83.47710546420328
112.88224473339625,83.50216921223249
112.81080383314347,83.57159090860384
112.89662578383204,83.63757136459427
113.75640062246798,83.83931098375074
114.89975169431862,83.8473613614568
116.60206010438225,83.8089368220621
120.829623725154,83.94545900366636
124.23411464319156,83.65837798796261
127.78993074631853,83.70412408538735
132.69191374019996,83.89730416365325
135.38064054732692,84.02838015555483
138.30022908093878,84.05528513336708
139.83952858785426,83.90163617739297
141.0924149398714,83.78258935859785
143.35742674110193,83.6885794574789
144.9984599473163,83.72193169845778
147.3040536641476,83.81218749547716
148.7328238593131,83.51194649160857
149.93559205001483,83.41853489364577
151.22894414333513,83.17190569711559
151.91585720717683,83.01274263611573
152.86578333641893,82.90209097392687
153.48740101283175,82.88420588601906
154.23937331725529,82.84446751291797
155.61227434762648,82.80081999442658
156.75638063617822,82.69665485882695
158.72622758887866,82.73683021956181
159.61190083433289,82.60409270557396
160.76332686870643,82.51954348121909
162.4636950858259,82.6443496714271
163.5456886690092,82.71650066096451
165.24001250018372,82.87300958562034
166.31868046942148,82.98720789832969
167.39272685491466,83.05790719215003
169.00704064343367,83.2648699832035
170.05652292994606,83.37290865383514
171.5813994432795,83.41925624756715
172.66329989291808,83.51123241843379
173.7557407316431,83.72254973101454
175.88613901614517,83.80779453455519
177.49399208966892,83.9430649064522
179.21223033478702,83.645007308205
181.88934705544642,82.7495356068546
183.86396053000544,82.70610545027331
186.72637244169567,83.28901528378323
188.471547538039,83.54017910172709
190.2263770069202,83.76442116702954
192.52081592377448,84.03208932836138
193.95024955622478,84.21069170945584
195.21499072335854,84.17041940431933
195.71470611820646,84.39557177001822
196.0055876378509,84.41792156829578
196.0231059410966,84.53969617872367
196.01363046471806,84.5330619999309
195.9657617861839,84.49412848503543
195.9202947436134,84.4628094140478
195.90081201617892,84.4839052855505
195.92397064774016,84.61235070566471
195.93750831174998,84.77528449939162
195.98947485164288,85.11848265157727
196.0047277574024,85.29970353041062
196.02551988207372,85.39972877782485
196.03878970074751,85.49192375792165
195.97096173610146,85.49833234734811
195.79592252561957,85.50764778913161
195.67973736160639,85.4967760735007
195.679675596355,85.48103513728559
195.92646172510854,85.36078856874835
196.660442729573,85.12422297440091
198.68046581912552,85.01308447001936
200.52000293559303,84.87623991543055
202.6037327942683,84.93685171754132
206.0133327911744,85.13351475773719
208.21093762471355,85.21117796294911
210.8657007786603,85.53736527309673
212.29181396398386,85.69423282298003
213.4638417229655,85.72112418856986
214.98664785370732,85.75213296327993
215.77919939882088,85.80710206326515
216.61852044476456,85.90572069604364
217.54876728073822,85.99364344714328
217.95238609489323,85.98927967453058
218.13735510777784,86.00177864033607
218.1656283749242,86.02895107526535
218.2029845486808,86.07758306437745
218.25940801547796,86.19274718202477
218.32455234361552,86.35414818483162
218.3750989348671,86.38970855598743
218.4014679193137,86.51168877798091
218.34131243353355,86.55290813312425
217.965542863952,86.55802279951158
217.52470375991427,86.50108858322749
216.83085777766408,86.38560263159418
216.44614776324545,86.28719372610328
215.98468623432208,86.12365144577203
214.85212288002015,85.74451958839103
213.59381551985268,85.4750406825556
211.40836439099462,85.26619185158374
209.7240232613534,85.02264227334555
208.04087092070293,84.92538732033537
205.60274813576848,84.67596731136425
203.93090995436756,84.4457681590204
202.196819354762,84.18061634233527
199.6939753218619,83.78726696329088
197.90801960586262,83.49225061235786
194.81626223673928,83.27864559927853
192.59784387425796,82.91087802151831
188.568989534846,81.89545524557222
185.0426390871598,80.91505450878014
181.05950243151372,80.36450740581833
175.36663745414825,80.40827256807222
171.9689810455056,80.33602967461476
168.99591440414224,80.39197055917191
165.34584828027445,80.37935412558217
163.38616811775398,80.53110729547683
160.29801749801206,80.65011742440387
158.10109102312566,80.80106253645019
156.07667461334933,80.96413299107918
153.7815135188322,81.10339524851415
152.67453793208128,81.18707348723794
151.5213346466266,81.22025527436139
150.88353808369843,81.27591158012089
150.18524238521783,81.34826898211578
149.17655454555185,81.60613872811685
148.5731590046265,81.75742729570275
147.86627238768,81.88423100631901
147.56488773627456,81.9413786444429
147.51624529651542,81.96411048346678
147.50255062614153,81.91790731360192
147.50539359522276,81.8865696603554
147.5646040418946,81.86731491397354
147.6359982715837,81.8426802228109
147.7596259150518,81.84488809510526
148.0306351789254,81.9663107905983
148.30449728726614,82.01261175158182
149.00842293395783,81.950457010821
149.35017812273864,81.91508507522234
149.75667947684664,81.85249154355765
149.89229293953832,81.86341720613862
150.03230479742746,81.99687870982558
150.2175907588187,82.18861699125164
150.39057849334213,82.35227200985264
150.69328306670346,82.43090322688127
151.30913919320324,82.47227563269954
151.80454346991036,82.56150755648815
152.29916223872635,82.59686614371718
153.11973194777323,82.71389471088672
153.65304447618954,82.80505948344651
154.3129244893641,83.11506644126364
154.64922182508417,83.57152198963061
155.02734674136912,84.19771127703937
155.82576531357128,84.87514759108096
156.44200333649505,85.24833804851227
157.30075962462084,85.46368473100242
157.7346383165838,85.58983648019152
158.02599936706693,85.65138862921856
158.1926883364219,85.66591164824264
158.2407576840846,85.70571276935524
158.266708380922,85.7387931956095
158.25130304484043,85.77723257078375
158.25567729021063,85.89449580462697
158.34313702734937,86.09387398460784
158.43518696011503,86.18249900886228
158.6869914608405,86.30120526286179
158.77538541769633,86.30997458929833
158.8729272082814,86.30266939740665
158.93276760583427,86.25884468342068
158.92752321175243,86.21819953496578
158.81509752349,86.09745051172607
158.73883222331935,86.0472429665939
158.64432500308482,86.01889198596749
158.53741124329605,85.97883428981066
158.48791996169328,85.94950610364091
158.43197831172185,85.9502398931987
158.41489756368193,85.96118426832344
158.41320307497924,85.97406365644709
158.4370808319425,85.98157549862529
158.46471707206445,85.98889713280143
158.48450221258196,86.02812065637544
158.48155386487386,86.0510026275762
158.4843633560884,86.07898468654541
