181.84463069876426,87.21058420835668
179.3649358276477,87.97443536839805
177.9615541073384,88.18521245896113
177.03202179930756,88.20027456288219
176.15251719239401,88.34520430924435
174.73892371739163,88.62305164394402
173.82272138292504,88.55303021468627
172.61413433753538,88.37968441635378
171.8802243106815,88.36445384682679
171.14812140314132,88.31135744605078
169.90786909984294,87.99930386238587
168.89469121591105,87.45866679206704
167.5417581308202,86.55439738143485
166.79538696846703,86.24844310330664
166.15719028567653,86.07519652857324
166.13775144193903,85.78556613133881
166.85165785545743,85.838741761137
168.5331607528314,85.95611531844483
169.89342072480355,85.95016086374918
171.5256823229202,85.87510042673405
173.71026127319175,85.93154129306195
175.0581933671802,85.91830757537596
177.10325232238392,86.13964523353334
178.3372954276713,86.27226023786878
179.83071258755194,86.42820244469824
182.16026305926616,86.58810673759947
184.05872219533683,86.7999713471495
185.91627142907333,87.00544074218783
188.73365289465139,87.20584390538488
190.7305732064593,87.24781576941358
193.3952115869745,87.35794205534522
195.1572032932305,87.40181327767333
196.77498519001222,87.4062169107192
199.24799022637887,87.53929629530786
200.7165960145825,87.75393741912558
203.16475625455877,87.9193171334518
204.95753210881355,88.12250918945199
206.687024321673,88.33536903837475
208.9438258559389,88.51849121260337
210.39370608868495,88.54396741965094
212.55227893973588,88.46011910023913
213.91233309919468,88.49135308675353
215.266020158012,88.59782055908157
217.15159751187775,88.76657610291574
218.15469551822784,88.7355237061957
219.23968143806857,88.58921460389985
219.92415477714482,88.46456889480432
220.4310867575084,88.37969450112145
221.14032156119117,88.2090880704209
221.57365198594388,88.17551548129308
222.32870898873813,88.19488703460392
222.7776841017173,88.24843816773436
223.2596526660663,88.25862571235363
223.8921737148246,88.2703736421248
224.32921004125322,88.38292022292354
224.98640084762363,88.50883563036824
225.36094058312227,88.57067828696536
225.82534959728036,88.61201779142709
226.58510244654065,88.62839587510233
226.98161940367595,88.58418056645392
227.51958074817705,88.55778214911957
227.95928281993406,88.52966845724515
228.35220337496193,88.55277061306126
228.91084772392122,88.49793026514374
229.29271434698873,88.43401021730031
229.66421928043272,88.41105005249806
230.09367543785604,88.31524277046292
230.32275244143182,88.2309854981391
230.698484781992,88.11914804778012
230.95689224624817,88.08893141565197
231.2344033687751,88.02602222981524
231.7389272669415,88.06899820651665
232.10132900453755,88.0887685362814
232.6536501993485,88.1598760959686
232.95901559633077,88.16554801671862
233.3324210430998,88.19550908260935
233.82134215057846,88.34225885230313
234.18704074301922,88.35876776007343
234.60030764075546,88.39089009591119
234.77183884895464,88.38756891710588
234.85174038331596,88.3432419204996
234.86658085635014,88.30151862123283
234.99526710190716,88.29078582557918
235.21628840774915,88.34036724167652
235.48482416555214,88.49219404469217
236.00850109932014,88.64578964100369
237.2726963768466,89.08076015706679
238.37018117503652,89.30676030358887
239.54380880756455,89.47177841746849
240.47239711899522,89.66157244317422
240.79799647301434,89.59329284587885
241.26691673379884,89.47437995411482
241.46135717110442,89.41436213446715
241.6463423351536,89.23909340601351
241.66278506478022,89.14275663683493
241.72492390642063,88.94810410155438
241.717024132218,88.82861015745088
241.62339271235078,88.78220212041292
241.45474882543738,88.7425944318974
240.9820262442641,88.75479936675177
240.1902620075615,88.88291400812072
238.94266987758834,88.76503509513344
238.21209127498776,88.80289536656045
237.52139699617328,89.06602721162362
235.62743393474932,89.48022784940869
233.23318883221344,89.83880351697164
229.3316760451453,90.02593941142896
226.57699077524205,90.42156022394357
223.55832541982,90.79952716984229
219.38247550481285,90.88141119130512
216.61982692152097,90.96214754000208
212.77356763661567,91.11006898518784
209.918299445582,91.24400420418041
206.14639829284673,91.56898438774857
200.35505388000877,91.29068709951773
196.68925779546532,91.25627358677716
191.81269387294208,91.31856402777892
189.22864760221893,91.50161972773061
186.94026071393625,91.67629056891525
183.8609876114893,91.88430881406592
182.03126034530678,91.94234816781207
179.80965019060193,92.08730012660203
178.4371952089938,92.2976872307375
177.31655282172787,92.54194155165882
175.53295607033388,92.72257403626296
174.5317089560927,92.83631726863194
173.42052570345774,92.86852647299025
172.97698141775038,92.9170286852939
172.6591818646482,92.86989611777061
172.40270533244745,92.67655317377054
172.16664523282486,92.55091572725469
171.94783333325714,92.51009397717024
171.35673501824226,92.46308841186142
170.95644329271158,92.46984622856937
170.2762874478224,92.45986072747834
169.81962335032375,92.40111075614037
169.37288341497398,92.41929376230023
168.7865506166606,92.44147222274015
168.52805178133514,92.37460909605694
168.306275861028,92.29050735136191
168.20666587202373,92.23561788337155
168.1430358117511,92.18045428811868
168.06419791096948,92.07266838053417
167.9789769844709,91.97139370940377
167.8062499246021,91.8304276458379
167.66230766269769,91.77761766320873
167.50714636600222,91.78317848981432
167.18578594993224,91.86081883614735
166.97436272192047,91.90192655205139
166.71706214004638,92.01108488308967
166.5670436215916,92.11370204705764
166.41007860780581,92.21753181599833
166.25493464153666,92.25353464065631
166.16423140808135,92.28605847516212
166.112829342484,92.28192347349882
166.05219064678857,92.23568023655784
166.02769338482432,92.21102865279458
166.00014339461757,92.20063948286617
165.98708364897132,92.20849321100047
166.0066800300902,92.21477544656574
166.039072899708,92.21502037649488
166.10053637170185,92.21448589921563
166.24391148308217,92.1975162139679
166.44387510897178,92.22374895285523
166.77730110514702,92.26331115118606
166.89498113707526,92.29039985422361
166.97508249281674,92.28706324047388
167.02436308402997,92.25865228798263
166.9959331444393,92.23694103817306
166.94638483955575,92.23448842676744
166.85896493725042,92.31443465760071
166.84988088369326,92.32620127526127
166.91533351274273,92.39854335013094
166.972152162053,92.4085518065755
167.01182619823894,92.3892587557706
167.01080459008222,92.3891855724272
166.98044514057463,92.38299486535135
166.93565296797416,92.3511400988616
166.91976429076996,92.34941954207464
166.92001875215567,92.35163469026263
166.94930075011771,92.35249988185228
166.95037551512144,92.34760995524947
166.9333578450938,92.31616163181292
166.91919667563437,92.30493758648873
166.8879955600639,92.29475353019696
166.85903198007335,92.28083458076536
166.83146075845713,92.26288965032073
166.78596859907844,92.24943180103347
166.70639798783628,92.26325332557529
166.64821307024326,92.29920489109698
166.61713580803726,92.33333467840326
166.64339146051523,92.34568312557182
166.71287549784597,92.34279853553001
166.74982168575082,92.32290779113875
166.76053361851575,92.31877322500932
166.16686460700055,92.31209003021002
165.2248582990668,92.23949237980955
163.62026356446304,92.15841359625722
162.59613269897875,92.17928577056952
161.68470542622646,92.18488475885144
160.32097653307906,92.21853817622979
159.39163985929866,92.22631267059782
157.5474515341319,92.30181697494007
156.11223360156262,92.42414649341117
154.61778990532616,92.56185481696981
152.1053902814217,92.85261574201024
149.99774119074345,93.13964574850763
147.73842429738698,93.35612115528161
144.05510792194994,93.86218136548594
141.50484014690755,94.3162703352688
137.41843261414525,95.16635123149777
134.32995131524962,95.97103741462637
130.9598405299758,96.92051331019532
126.10398353576348,97.78764272704927
123.254933728446,98.21191876588485
120.38352380955908,98.31634637299207
119.27368210159102,98.33942513624203
118.69551573851257,98.07299985575774
118.15464268036534,97.59258057249536
117.59803752068561,97.46207567959922
116.20087434175326,97.38282853282624
114.8136027600541,97.36799082803763
113.3129517058148,97.31605246517778
111.02634629228622,97.28908172258224
109.76402437309389,97.21188639290673
108.54590295527507,97.35537072178843
106.42915318512225,97.65150072540203
104.70908470086941,98.02800230563346
102.23013301249534,98.15429598606546
100.80262740794934,98.11712272266782
98.82742689087739,98.33699517920374
97.57437136310176,98.3502134447967
96.28668025528819,98.40970857861247
94.50820350343571,98.49876674956926
93.48161458621414,98.57436585967942
92.6234684964213,98.67506167990886
91.32425708378442,98.70625193254331
90.25946087649204,98.74009889633682
88.7299624114032,98.55008597773075
87.65101071799164,98.33291277303776
86.53858143120725,98.07731744929569
84.69963112464902,97.1636609055359
83.01176796379623,96.82913517061635
80.42097785423202,96.32623988957006
78.85860686784987,96.25303071155737
77.44664872460321,96.31887306197274
75.57652753384774,96.25726769629338
74.34995150152959,96.35055107140094
73.07435751291337,96.47877729407169
72.65580728912879,96.74706868783876
72.17907805076345,96.90885108464289
71.22297032948784,96.97440125316798
70.78560879032393,97.1676875277288
70.32432515339408,97.51833258280979
70.04054649820105,97.50173984973841
69.51098878927944,97.4668245788058
68.18879844418375,97.56267034252565
67.04627903088597,97.59589878600343
65.39830980404044,97.72650747725153
64.54999692593552,97.83105410178756
63.87712962788383,97.92643143784595
62.925928918846836,98.08296074008953
62.10908396230299,98.0271162344247
61.18313732206113,97.97875086015303
59.54569830433172,98.13813048762569
58.364577130980365,98.34027501250365
56.602228908439955,98.87522414610302
55.458917288171236,99.16881878546089
54.26765309167409,99.31664439922699
52.831325057788504,99.09137066709265
52.341516631657356,98.99594619373916
52.465020303960856,98.9176029067956
52.478758779937564,98.97720231812794
52.50220703874217,99.09927345035503
52.96609997646429,99.52982466001437
54.338278794451455,99.30014179711505
59.799072915737966,98.25805662274365
65.07918172928689,96.89769093341198
71.47481651237723,95.73400280180059
82.86733838197837,94.28046238147522
91.0660464559129,94.22585557920505
102.93908062772962,93.81976532378182
109.87032146963772,93.5927902120444
114.61970202378139,92.30025348982294
120.9458024746755,90.80023240063963
124.43165379845757,90.44286601263101
128.60205280631402,90.13183555640065
130.31665835582882,89.79579873649242
131.52066244233504,89.44138941203275
132.40846582495146,89.11659026219368
132.51895110902018,88.82297666527239
132.0643879796316,88.4963064873455
131.60803805402878,88.22067244763048
131.11464749461658,87.92488228555642
130.39633008466802,87.70341919534674
130.06596010207525,87.59085623236683
130.05455026574938,87.76226181103237
129.7480291118246,88.5957556554275
129.34292458917244,89.43744639590548
128.49349463421927,89.8440990687304
127.86172039864736,89.81817608323622
127.20452738553001,89.85526069170368
126.44058881767731,89.80765003496023
126.2351119439068,89.73244508185925
126.41258631004492,89.60940003054552
126.6005290924885,89.63642447415242
126.62864000436599,89.74808413936992
126.32426993969597,89.9787415762333
126.19065666642186,90.01554393264297
126.16157285175365,89.89655674545321
126.3587168674211,89.62885782078779
126.6700414491177,89.46665402746196
126.93792380974722,89.65662008648444
127.05904653461901,89.71329983979227
127.23792518983164,89.66157531947277
127.3481429094282,89.5857829022175
127.4740967267087,89.48799540359913
127.59919681567501,89.4280968558927
127.67993800971561,89.4497669938187
127.78178749444572,89.53723614936546
127.84652317281179,89.57526456591962
127.86150603175953,89.58715763107755
127.93178252638646,89.5798206095102
128.0217968013552,89.55561721146668
128.21007617192353,89.54797134734291
128.19090076232,89.67866962335091
127.20911837705259,90.48439547448996
125.11801034684589,90.42282312481828
124.67532407019227,90.35381612727362
124.90540247507843,90.60245676764914
125.24506293101967,90.73671794896622
125.45050520272302,90.80810093125316
125.71447747481642,90.92035778639159
125.85295415176653,91.00129651718326
126.5140262481527,91.12267982974043
127.72996632626405,91.10231519769786
130.60871195959302,91.51265927705805
137.43317778516132,92.63166173655291
142.73800421823717,93.2452934870643
150.16924577279178,93.59136960726329
154.21491727353103,93.42544820336823
157.5586209469391,93.14116393491686
161.46294327168872,92.67607281428592
162.97965945035537,92.3551364988085
163.89365953015533,92.07811094387237
164.4765385802472,91.73095570355444
164.39072306152553,91.69487072546333
164.2474840801618,91.64101668499927
164.20639058527075,91.57906303246268
164.1113324185607,91.5939257397601
164.05123718570985,91.65582032188354
164.07737588885018,91.68802078857243
164.23464521071958,91.74881638502437
164.35850539042664,91.79735308623601
164.47108701293453,91.81755622657742
164.61930795967245,91.86214639353364
164.72947364404422,91.86452713925554
164.83040220322508,91.83803549721885
164.88588010912127,91.868068876153
164.90519088086333,91.95508102218588
164.92756744520233,92.1055541055883
164.92420765220436,92.19694891013175
164.91053908200607,92.33507138053929
164.89684933545956,92.40139230455276
164.88045820962054,92.41390061254968
164.83924669270027,92.33386048352511
164.79646373148267,92.21166687594287
164.80075524203374,92.07812242776859
164.828694914989,92.01585623467876
164.90809813202765,91.9653282163354
164.93087519014122,91.92628283995604
164.94121827954936,91.85373518993796
164.9031127329174,91.74033839228855
164.78806234539277,91.56361811807236
164.65882378089714,91.44616068052827
164.49211926547832,91.40816812826671
164.43522307486757,91.44551872789455
164.40093236328315,91.54792467633997
164.38552481724602,91.64881147336052
164.36646110198316,91.68328656455678
164.322575637328,91.6735446956283
164.29762708034355,91.63768585593458
164.27250389315702,91.59965530695126
164.2524902421166,91.52165916432978
164.2535150914956,91.45268488867809
164.25374550761882,91.41076797978172
164.25599880377797,91.36277560925663
164.23359208982683,91.33195623184774
164.12997200405027,91.34693791218692
164.01444325096853,91.34024834340403
163.74268067037923,91.3766022228497
163.53204200969103,91.42510016014336
163.33786930129645,91.43372215095272
162.99539972782372,91.39262472249442
162.72191496026218,91.33599055620341
162.0967492459689,91.04160907484516
161.84468009643894,90.62734122850968
161.81315936570167,90.22234237667797
162.65609634296192,89.38889400440561
163.63969089398338,89.0399464363384
165.02538242269435,88.74519150819967
165.8924324426667,88.57970411093066
166.75770409761338,88.27156080344558
167.55216186122195,87.90925029240165
167.7443872769804,87.67061519188746
167.6056106762197,87.3557544972695
167.26564734636545,87.19389455095438
166.8925201376993,87.03076379607552
166.61438774219553,86.86707646153761
166.49997189110508,86.81948074713868
166.3688321384547,86.8016443072839
166.23380386580604,86.66931766236799
166.1482145258982,86.5975364901583
166.5452779472602,86.57152896607761
167.2723687686911,86.73008154662583
168.72785299431632,87.03298003316979
170.92561048289159,87.62259592721048
172.4068583115439,87.92395964653106
174.374578991396,88.19422892060699
175.46199933398256,88.32751110258738
176.29134732363894,88.40747997143576
176.9661724864523,88.457962114521
177.1364460442526,88.41738044917672
177.17416818059723,88.34593574015261
177.2558163195585,88.31250635353497
177.36428664446922,88.15677141584375
177.38234769293555,87.97535714967123
177.43906583861317,87.89075483778578
177.5650467068068,87.82053714676275
177.60783996589225,87.7925175849843
177.64171472299176,87.7203968865051
177.67133135812864,87.67606962058574
177.66379130274655,87.66428426305707
177.68637129213536,87.66424509520382
177.71205791751493,87.69213543317551
177.78417493832703,87.74786304832254
178.08947764907407,87.84503838260758
178.45923977050907,87.89786018246262
179.17790348843894,88.00910156815426
181.10394084903945,88.3237353681794
183.33298209191358,88.55736029214951
187.99611838892469,88.9042165677309
191.91451665789623,89.04736717951634
197.39026073356536,89.38947122801477
200.2612025167701,89.54562863183274
202.632761896681,89.52441119586088
205.11174379505695,89.18547318300226
206.3713954172869,88.91860790814492
207.76220485214066,88.39529220482629
209.7389352223317,87.98978519511951
211.15987759688147,87.57918952205603
212.3629286277977,87.22523148092763
212.9013292350334,87.00799671511668
213.6335160872504,86.73326844500826
215.22844206200227,86.68495087606611
216.46236856007658,86.75339617275927
218.28247788155278,86.65094441071741
219.53770582126484,86.55847748124518
220.65802415338797,86.4954770772215
222.2376037297629,86.44926667963155
223.27049748017708,86.42696504804799
224.80435435431187,86.393657087568
225.75449451818358,86.45586672477309
226.6016289036358,86.42708778499848
227.62049435980578,86.41436500822464
228.35228353387743,86.50036608858726
229.69652940090745,86.44736011029158
230.51088490436098,86.4621598692428
231.36915500021155,86.49923576887953
232.60394212249088,86.43929547128212
233.32631087546935,86.39367424151186
234.02320889847,86.37663776628173
234.41448454827625,86.35650186248603
234.79448816670077,86.28712848971315
235.42439215911008,86.2675186216548
235.70603185198655,86.31297286139171
236.12795985030465,86.31743025690669
236.3088498045865,86.27391725822565
236.6580402496006,86.25229353197064
237.18758291350994,86.33123517263962
237.5457462127761,86.44356131138163
237.80407782469675,86.46787469790827
238.09241464047233,86.53325115541027
238.3334118382901,86.56181972148629
238.52794211251316,86.58622971722853
238.6238350042462,86.60839944536194
238.7035853504006,86.65850822989647
238.92817641283315,86.79710193675356
239.08110284931786,86.90764659142518
239.45816454140146,86.99841468901421
240.39288627263693,86.94728553822617
242.70871557726895,87.05874141854085
247.47158937801532,87.8700250660601
250.69262748848996,88.03763928221773
254.13381697645457,87.4922084575855
255.58265201380385,86.8600004965494
256.55640994976807,86.23385005717456
257.18818737213127,85.65829767491651
257.2086257902459,85.34350369172842
257.14523512291277,85.07141346525833
257.2048779254849,85.03121761447554
257.49829760112186,84.88417109838309
258.2974242675697,84.67161363991153
258.7112815040622,84.60965754970881
258.9353190949942,84.76576299347461
258.94750069395366,84.98870708401533
259.0328405590994,85.11217149082785
259.10937250735344,85.13287137164329
259.1279077115065,85.16084295791231
259.0605184364654,85.20823055426153
258.92182425556894,85.26271065585918
258.84284063580634,85.30289688260686
258.8026042506545,85.35641299339987
258.83675777895405,85.36478319962502
258.8464026158699,85.35638120448672
258.8072061754723,85.3092272160711
258.55581456354656,85.24851813959803
258.1408780602063,85.0384725521187
257.85811072651495,84.82470046166432
257.4282178835785,84.61630689541063
256.73381312492614,84.3155983376412
256.0318527156795,84.27720724718452
254.73579643093257,84.4022502242564
253.51753910064923,84.52773883166944
251.78060447955352,84.75123753910488
248.02022045258525,85.47421308798664
244.61203941556718,85.96165312541103
238.54861591372216,86.08496116510273
234.78542588559714,86.02516244891738
231.22157935567017,86.12219483452972
225.605166611084,86.50767595509835
221.13328801918988,86.81919060470314
213.08904140924102,87.41791886905553
207.75724177357534,87.68565626016155
202.80310441088585,88.00270136794148
196.60490833210085,88.60997113941806
193.2427008921037,89.13807948571821
189.04208092179005,89.75550477505755
186.59023039679013,90.35251508064623
184.08330311233055,91.01484395368729
180.225872251719,91.77845977272378
177.80578286990033,92.1671786217116
174.66182611269826,92.49530602402014
173.14308896334313,92.5210366611642
171.97795455023663,92.58479204478758
170.82300906301887,92.46351022090928
170.20813092144544,92.25496397472446
169.49011695888336,92.02341591414034
169.16229242861422,91.99735703773177
168.81538350136847,92.0703189704986
168.16743203650432,92.10584415162369
167.68516570908315,92.02814426211857
167.1940184408411,91.91562577177321
166.61999494157573,91.83732735481043
166.3857680660834,91.64353964778407
166.15735818895305,91.44928042430944
166.03577416120726,91.47370857495854
165.83410700917977,91.50148966794404
165.39282495679913,91.40128615241817
165.04961654531144,91.3644517826644
164.5124299746236,91.32201921435939
164.2713818534629,91.34159334398046
164.0859275610249,91.36515535212479
163.62228257531498,91.48324480139888
163.18094644402638,91.56834522922377
162.49909834817848,91.64612331273717
162.07565648071676,91.65885529530414
161.77885374140092,91.65493720412324
161.61669987640576,91.65223929431933
161.46785860298806,91.6002648313426
161.27241080412134,91.51016201737767
161.05186415227317,91.43043623839299
160.80343156821803,91.36103048271016
160.47024983924882,91.31266133604426
160.22302867997072,91.3624261620281
160.02270992286486,91.41249051345643
159.7922248372913,91.43645055398873
159.64751628581803,91.46251413381931
159.3870744834586,91.52810143868412
159.19374603421934,91.53406435577732
158.86885732250374,91.54736085093633
158.6413946009305,91.54836243723186
158.42823749119037,91.54748521208465
158.1732395876765,91.49150453415908
157.99899606757708,91.48428026216249
157.78008187470292,91.44929076491994
157.709359832109,91.43914253962103
157.638456069304,91.42623845137851
157.2881557334783,91.4337889627075
155.54271559849002,91.50716543151054
153.19079459148833,91.24471958464434
148.55611221814422,91.14455582997728
145.18514504591744,91.25041434055854
141.35246705913852,91.233633661998
139.3447620649685,91.39006668692899
137.82614768291344,91.47560020396563
136.47190555994484,91.55683016086802
135.99813979766523,91.66793470172094
135.6142012388321,91.92332278587794
135.4485397270173,92.04877006726615
135.34083412505984,92.10919734628499
135.09244432129952,92.1852003832698
134.9519014507095,92.25134439399906
134.6831063064902,92.24938968139334
134.53814266658623,92.2712783218068
134.4137184364578,92.25568575591191
134.29345817893898,92.25021731173779
134.24158325872173,92.2691566955602
134.2029696653708,92.28679761652386
134.1938449286589,92.2728793634537
134.19068879568647,92.24464122116984
134.1812472619007,92.16057313996835
134.15611623034897,92.08623052741446
134.09243681721074,92.00005701065356
134.07610642678875,91.87566240627051
134.09890420763986,91.75352643918211
134.13489918413396,91.62469297368953
134.16395818388546,91.53351509811783
134.14795887076554,91.49808823881358
133.96300953743423,91.5376600765176
133.63283922593482,91.51294207185417
133.11921010072786,91.22084895307016
132.77723033770147,91.0841076896568
132.4715123888444,90.98871950801728
132.24803396644683,90.85860263675043
132.16392359682328,90.80203613694692
132.08325422779785,90.76891361348383
132.04991525589128,90.73919313713776
132.0449877841892,90.7322681867674
132.0821632924355,90.73250831007911
132.13181473149834,90.70109494946114
132.19826517863743,90.69061345827596
132.2110495017527,90.70876397410774
132.1931336471572,90.73148036626395
132.17415113387946,90.71609980817193
132.16481284582787,90.71448681659639
132.28210167626838,90.63075360410195
132.59736121768228,90.46536489046575
133.23471091873662,90.06890152723194
134.7490457860861,89.47249199449331
135.73546460255454,89.05489374068237
136.73641159556678,88.20221996928395
137.3108008082351,87.67487403122195
137.71951687288873,86.98329402902993
138.09281949424542,86.16269727463333
137.7113413745501,85.65995657425982
136.54721997064976,84.77453322531052
135.75950590739834,84.28847223845052
135.11268537625213,83.92610616948828
134.51068563448456,83.71217652396531
134.34598975416768,83.68554737296307
134.32233027206547,83.69060013787256
134.26504253584852,83.65408639971847
134.20000232061676,83.66669492156319
134.15691609702077,83.65594161425538
134.09850657985749,83.69262084840382
133.9821768404298,83.78516787872226
133.8406717368983,83.91311431934075
133.7356116734802,84.09168240346807
133.60758995823954,84.26976427520938
133.5647119167958,84.32563487659796
133.56349094711481,84.3357434722511
133.6058802055401,84.32782473103696
133.6842039244853,84.30997984444355
133.81831432413196,84.26608268608076
133.92254463751962,84.21781482263681
134.015967884803,84.16137973356267
134.10495075758905,84.11670836395668
134.13347006432912,84.12620413713589
134.1402274905205,84.14235424558551
134.08323913346044,84.18633378143085
134.01076533703753,84.24168684131317
133.8647664988763,84.31962406544126
133.75709172233468,84.40728715988328
133.58721636124667,84.4325931275679
133.41188415768087,84.46615391509442
133.229848328145,84.48607186464479
133.11555760444801,84.5179281258611
133.1108527545805,84.60894732822563
133.15754464844917,84.70350449938483
133.18845284203977,84.74081104328513
133.18935626258246,84.74072819891646
133.13230944835743,84.6595530343347
133.08105267700742,84.59146454640945
133.10343300516348,84.49033721904797
133.22917990572634,84.46696144162753
133.43324475182516,84.7526388405769
134.64268608330343,85.46967065735876
136.33231945874266,85.92867194161765
138.48075727711722,86.31189077320242
142.92305129707972,87.07675117497166
146.10264565422398,87.95989374403061
150.52150017562008,89.21813236288185
153.0884712359977,89.96044197540023
155.49390342806277,90.54195017553059
158.93331223854406,91.24906522656912
160.75384114406103,91.63608271327436
162.96629905868525,91.74038516722223
164.43552805405668,91.71163123331397
166.0464875722033,91.6541936200181
168.22525279060253,91.91232326039125
169.58028561016803,92.02278392499633
171.49564904436252,91.96375464490933
172.74631992236777,91.86003176740462
174.32279916369487,91.37974618741899
176.97814466788233,90.36935509799562
178.212787259266,89.99898344452885
179.35315166622576,89.3881887739807
179.91135028606251,88.98510926189658
180.5306150647918,88.62105515830326
181.58931096768725,88.27450552830717
182.28177547401407,88.18281773054228
183.11081907700566,87.98790577404966
183.4360540032933,87.69775681761561
183.65723042582152,87.4971462430722
183.73589156002478,87.3504371428509
183.87547113993594,87.2111909571743
184.00827490847138,87.0675202824787
184.06476414416565,86.96941914748977
184.108069737694,86.88477921665083
184.0972175512092,86.88724595637635
183.95940739132953,86.94295325482385
183.64726419461323,87.03184643272866
183.36025868499513,87.09667232948752
183.00251747526835,87.13002363394969
182.58447375495237,87.04264588737509
182.4061154755651,86.9457928509713
182.20098469488235,86.78027460754537
181.83299037833373,86.46758649567398
181.52887368269964,86.30355748276833
181.20298955671592,86.04136618917882
180.8469194685478,85.98706114826365
180.32646625428063,85.92816062585933
179.4324681711401,85.91468940738686
178.71444659102218,85.87534227184122
177.37520749222801,86.03635114738655
176.4595892416292,86.13056315953963
175.54111768618586,86.21346186699249
174.32708850561787,86.35285992424272
173.75803315308474,86.53097643246876
173.34053816864707,86.76030998478998
173.20692219662715,86.82281158932985
173.2052237462078,86.8907148885008
173.21024262834135,86.95423928662987
173.27061656413574,86.97966848999037
173.4382483080979,87.02881448773951
173.54119862701035,87.07599903686449
173.6493584628031,87.11891098646622
173.75742651648665,87.1745730065057
173.78936094899348,87.22535738383664
173.77076244933335,87.29211887982764
173.68665911843905,87.37897289200143
173.5418884189786,87.46714520645966
173.08135276269394,87.67408600321609
172.5290886114465,87.81446030956548
171.99205603473985,87.88719904917862
171.0875204407847,88.00624301882651
170.53011313961883,88.07066531596129
169.74670623198944,88.11042795667834
169.30834409921377,88.0898926471549
168.73872802685148,88.02063635462908
168.5333208283012,88.05854098386416
168.48772908450326,88.08934825308204
168.34656950832675,88.11782411891262
168.27647624732157,88.14887909301454
168.16842081996623,88.13830625739689
168.0448906162218,88.11325450767114
167.98205547845356,88.09812922976164
167.95149259048324,88.05631323543471
167.94495222276356,88.05800675149572
167.93734838498634,88.05613596112407
167.93239668966,88.01494280298623
167.94111111198612,88.01167380057682
167.92131368685241,87.97073453824086
167.8854067935093,87.93225637967379
167.80768182491383,87.91313032921548
167.68242171462222,87.95879488988157
167.58238525015543,88.07124749255567
167.36657201458993,88.29577417281513
167.1327695664079,88.44980756561067
166.58469565037916,88.67548293852379
164.92896325564737,88.86967247984542
163.3563033166338,89.0051499878685
160.2335637988768,89.46065084665409
157.18861739084096,89.91972833878083
153.51254739959506,90.34027654239587
147.08483180032863,91.22859834808806
142.6701166318894,92.02786581127646
136.33394345409872,93.26598622898032
132.34942215666814,94.00238285607597
128.53791559153228,94.59004030881047
123.07823256426875,95.54209135758038
119.64328857054976,96.12308559264021
114.72278474000494,96.93885884251446
111.65738245508558,97.38139812707492
108.55617372566381,97.83644939054997
104.53039010806201,98.06577748926982
102.21837678026779,98.13925983998013
100.10780399361974,98.25613920217893
97.24334224848637,98.24226736219667
95.39745837338448,98.2250833873302
92.49407454468299,98.30425578585735
90.50869166804782,98.32451940744026
87.66454961042298,98.20810194055382
85.7523959900178,98.26919626844534
83.96060908595567,98.17275163823722
81.54879792586077,97.98385381696752
79.7932299466392,98.12937394722935
77.81159325771762,98.33621981518664
75.84740849138613,98.50839031473944
73.20645802674855,98.85502613363076
71.54784562700094,99.16804796373859
69.28778635996426,99.54823623505861
67.91835100771259,99.549106911006
66.13047186030565,99.43654947081211
65.2151078015331,99.33583860877899
63.72039114218698,99.55186666318141
62.64800040281142,99.75618078900754
61.554411023146216,99.94903380852544
60.06398049089702,99.84821870931196
59.22765881787626,99.77861523285547
58.05037469016676,99.647308167247
57.20494799470863,99.43252303706504
56.28611331227404,99.39632548733177
54.97770398011474,99.31327359896493
54.1629033140656,99.14969682095942
53.252553995056346,98.93655638325981
52.68458272953879,98.85783102061377
52.070682713381004,98.70252126052681
50.97632412297892,98.65999265091622
50.08290044247957,98.65596627377737
49.13094311459918,98.7140344571784
47.806831061610126,98.88116478726752
46.969849511377845,99.05638404039729
45.73657054149842,99.15647290088043
44.88124592507191,99.27351677690932
43.950732758490716,99.45209907302556
42.74523068053276,99.75066683277895
41.942891137206004,99.99445137372663
40.801896216204995,100.28675953513346
40.056923086628274,100.36785992426533
39.31076223731466,100.40209157272463
38.39100217704768,100.20487792211591
37.813436010750905,99.90234182074899
36.90651156988034,99.5412958356548
36.0556839364678,99.1935992248253
35.04950250566134,99.05501852750209
33.633008715635754,98.93093808282235
32.72633089814556,98.89760692921135
31.379781939366268,99.12378325711562
30.55740432874643,99.20252926027976
29.752955038507537,99.28061058438767
28.32961673419541,99.44262186259029
27.48503961883702,99.54145550243382
26.679578708585467,99.54117277280018
25.603754101363393,99.30541394567354
24.82180024340761,99.26105936214064
23.43829292280276,99.08507409234181
22.427735326300763,98.99962500396518
20.74081034201157,98.86381567192701
19.77912094725579,98.75061101912341
18.987115079354083,98.69155407546523
17.876541493433194,98.80097264808228
17.042735011167935,98.89905358267063
15.386566819007612,99.23956611342717
14.167889091255347,99.33023511173748
12.896556859549179,99.36912848702609
11.314543262490105,99.69079004346794
10.50587825708368,100.36618613796017
9.934387263129196,100.95199124804567
9.787957814526322,102.23072809695242
10.218863708151076,103.02636775560893
10.82703228367177,103.46552870144433
10.69677694603834,103.27053555495857
10.180717384800403,102.95803884995189
8.758944181741697,102.4723522878139
7.940578249143073,101.9946323006841
7.075369573889105,101.7420525244062
6.746250317826906,101.67994901879192
6.880407131925125,101.76118382387983
7.259894886022607,101.78662819837207
7.437134661065926,101.61224031748816
7.45475061860796,100.78911895642781
7.40332868610011,99.1828903357268
7.7682668043790954,97.65566647859255
8.912741909988824,96.37098731164572
10.063616726132977,95.77230300941105
12.881397631014067,96.02325347603477
16.071091854404102,96.03585588545114
20.18912930996575,96.22694941294395
27.12462127640609,96.29848324781055
31.517671771170228,96.23617216010275
37.247565892048954,94.92669391253516
40.25818982503799,94.08108153706299
42.139905977590445,93.72551193509196
44.21801524542951,93.80922645935897
45.68144683295455,94.02642221451912
47.24228903444012,93.90480300761162
48.33803580303106,94.34930421527976
48.92899675657114,94.65559633852192
50.19217105418912,95.27455278004469
51.213891381721794,95.68895818821254
53.14141557874986,95.93826703188361
54.947130199300005,96.22975963966444
56.339095859775796,96.1773938206675
57.89437895945355,96.1747242023736
58.65147565252168,96.42862497564812
59.54944748403092,96.64034061381655
61.181493793771736,96.7811537475672
62.37031527122596,96.54685544543725
63.62903197782428,96.16372434026846
64.20639486958156,96.05472692629478
64.77341356755454,96.08431275970759
65.40881426844395,96.14696146881222
65.86146858630246,96.22928068355971
66.42182695242877,96.34938509019844
66.6834670254856,96.35724300565155
67.10453325305284,96.44343972665882
67.6383576142359,96.34371330821881
67.98277690321139,96.28020085899277
68.21684785488608,96.27321528541916
68.38717182708807,96.3490448896894
68.50077960898562,96.37276064329444
68.69092514835637,96.39805951744644
68.75288111504658,96.41563527346207
68.70164242933853,96.46441652674292
68.53891789431142,96.53344134682334
68.46927831320595,96.55154232116035
68.37631096861203,96.5823275896927
68.26496993093794,96.53708574319883
68.09681010226113,96.51108464567058
67.87763631338267,96.47945071016133
67.60473000446947,96.47176567595665
67.40030907552881,96.47732763722493
67.26851800473963,96.43578978852553
67.06881972454308,96.38993424636433
66.9208351304014,96.36432454977044
66.75814217566203,96.33501030883767
66.60042952592246,96.30079073122401
66.52336996318019,96.28638020096373
66.44390824909871,96.28017033197334
66.41872084566192,96.24835098909774
66.37541094300968,96.21848855309007
66.28876413477725,96.20851083623229
66.19558900933076,96.24216784366105
66.15164568178247,96.26739170543367
66.12594820496041,96.31301383192299
66.13191498572002,96.3257028452279
66.13262999808721,96.37881738146459
66.12792611829455,96.41511259122377
66.14639744395598,96.45229676219085
66.1600866077471,96.51163483079978
66.16827970711999,96.54204325937528
66.16813173045615,96.61600544413353
66.1756442734248,96.65457515464695
66.18754702700338,96.68482573409473
66.16230114348332,96.74429368324037
66.11764194527706,96.78475220854115
66.12055146277595,96.83047038051863
66.12688027150209,96.86735627956973
66.09450815149353,96.90601917960586
65.99984528899282,96.97296814076404
65.94838805770115,97.00583352013842
65.8926452608112,97.02768022548439
65.82729742522677,97.05293736900022
65.80871242989542,97.07213833704776
65.80850170461274,97.04135512325666
65.79974450479928,97.04887007654415
65.75107989844895,97.08242552955284
65.72341787024149,97.07605881640269
65.70608387726254,97.08119117489022
65.66626120316218,97.1168273491702
65.63193624417147,97.13096543135256
65.59963745760406,97.15495808119337
65.53475615462321,97.1720530751986
65.44900758836903,97.20544685899807
65.32115038277587,97.24856258218556
65.24697088922066,97.27221267494188
65.0436322586474,97.32924636814691
63.91732105361045,97.51702019948877
62.752368360772294,97.88259443734155
60.72981355000155,98.29269554719353
59.325129584383845,98.5155782313951
58.037627109746296,98.77372301478492
56.32936392468069,98.78780799019681
55.405737634020625,98.7667160446754
54.1723448609721,98.78410342311149
53.4310126278009,98.68265262493247
52.76256808493491,98.61130958197498
51.96767056607723,98.37969858717953
51.43287151086548,98.13931676064416
50.818715207248175,97.5966543747833
50.59147738232383,97.18318717065812
50.546409084230476,96.78892464138823
50.59486996168573,96.35659780716037
50.623344672656856,96.13461939566162
50.543011169485595,96.13473064796531
50.23153464814794,95.97584323759096
49.742471083193294,95.96379121057315
48.83436380246735,95.88154732860305
48.39332272605131,95.86243570180719
48.04822774565619,95.75708376492199
47.74440441009125,95.46928021521008
47.595840054280586,95.34139499169999
47.48882372381655,95.24926834284776
47.481163220226904,95.14802410958457
47.53515655064999,95.03746221307162
47.5515024865056,94.92661121337692
47.54758662994604,94.90893467719054
47.4307882609466,94.81981777182024
47.35294133559154,94.7449525597517
47.22812640754796,94.63194272004115
47.13216736096197,94.42476985912862
47.1439326293069,94.21101625795926
47.17243410600145,93.88869092580937
47.0574509727212,93.61171925798931
46.59935547579053,93.52503777467197
44.95600353934492,93.1098381539632
43.3101825283708,92.83705215578779
40.40321969130005,92.5376280103878
38.12030840138323,92.25107835114814
35.388326587893545,92.01262332812915
30.182080162116307,92.05883343197509
26.502479618172117,92.3030400595515
20.851498212382893,92.58298116021874
16.826338905064517,92.94365838199835
12.80914404226803,93.28061048614603
7.528244077709417,93.85906548847088
4.774340436601136,94.13844004931252
1.9481621138785385,95.02888278118341
0.6350914348755339,94.86629723341599
359.51399274663504,94.73822508926635
357.9135748571117,94.77130781069214
356.82336289806403,94.95770859585531
355.45650268686086,95.10842847188982
354.82767764668813,95.13744466069325
354.1793337862349,95.43196425500625
353.0692203106336,95.81851383995081
352.2322020991238,95.81140653765479
350.4525011914294,96.45478898066197
349.11656788753515,96.6538705975563
347.6096492657366,96.9600420689216
345.5780344240394,97.66029396219817
344.6468344065396,98.0370287704578
343.7142194972667,98.26570441755644
342.07722394199527,98.70279496235095
341.06316610506985,98.52552681122906
339.30469815497213,98.67924054094134
338.33652717114825,98.10690448030488
337.60800851912484,97.62468607713637
336.7127639839091,97.61278044725235
336.252271578776,97.46065567286
335.4757609447788,97.46181709572488
334.9363120500077,97.39522352212425
334.3307039054171,97.44219515828192
333.3180674455741,97.93942453709876
332.845290517635,98.18401848612712
332.4582105404743,98.41530346008761
332.48775901847125,98.4621150540643
332.4857740451512,98.47839977533825
332.683403123221,98.47509399604566
333.1497057398018,98.35531153295962
333.7728127654575,98.10248553889816
334.0809684257064,97.92278753627681
334.384172146377,97.72660988308687
335.0238262464411,97.41015464229555
335.59073195484507,97.27093169068206
336.98997531549435,97.07279780780303
338.3826520853488,96.83737160456346
340.20406022445354,96.44191212383149
343.24018446459047,96.01256695876091
345.50244139547516,95.66542531482887
349.46160340465144,94.68544528020469
352.63388155656656,94.07623243219619
356.3412355573125,93.53833056618022
2.4457324198868093,93.08254291666881
6.625224646734381,92.49449266034198
12.631509721038555,91.94180563367479
16.444041843786465,91.4674706666054
20.08363838394729,90.85932771198111
24.747352427414427,90.13925554906575
27.431270127554626,89.79988133371403
29.883627421233854,89.48971348935433
33.488966882432806,88.98764337464634
36.16502074485621,88.60985132618525
40.51348730113935,88.32270470174902
43.49021914246006,88.16438137482703
46.66058642397857,87.95151550094938
51.3987979583068,87.58721170128896
54.66034505751196,87.19014095480482
59.2843370898338,86.70952762700922
62.22334046649679,86.57288244056805
65.12600736055767,86.53195898975304
69.38614987263891,86.51018791881809
71.88504950834741,86.49651551409977
74.0201223278409,86.32272448184416
76.83104481962523,85.89132891654916
78.50688589697944,85.49612990657906
80.6987080025385,85.10529679986263
82.77373552806797,84.81185140028272
84.49010663602766,84.71168125159001
86.65035537917556,84.8486808899945
88.89276640249847,84.88949002016786
91.72607182687581,85.0955603067966
93.14431876118438,85.07760284226423
94.24950464218414,85.04976092618766
95.57326606047239,85.01046287786718
96.3494420590423,84.84114733149545
97.61957138934886,84.46977225894146
98.37301675015823,84.28292362288762
99.5269746126639,83.91056473175152
100.45825644338021,83.66495539648703
101.46623353251096,83.49856418063584
102.96852168244251,83.59299404606763
103.81174061624446,83.57190905676951
104.58363112198177,83.56776185646805
105.67498651112881,83.73610369699142
106.48782232842743,83.90828813053405
107.82243278449945,84.21734526882679
108.62485772546673,84.3782839535472
109.62281592619576,84.35320014686145
111.24723590469573,84.42746861152614
112.45172446786961,84.58942838873551
114.6305295028822,84.85506091663261
116.11483591443167,85.03640224995888
117.55649516189162,85.05920479409463
119.70959232433592,84.98434761455059
121.66313768381693,84.94396912935676
124.64221114107934,84.77499104755185
126.16068699099229,84.82648553833478
127.1616816402848,84.70262555753575
128.85269158997053,83.9968098404197
130.24375156505877,83.7828033777003
133.0054049179103,83.14786547859975
135.2399234068107,82.9803775318035
137.63583930194724,82.87256699594901
141.2593545484679,82.81611290541716
143.4922270477095,82.7662118607286
146.37948930842154,82.65167781056496
148.13034426212624,82.54770362546914
149.49192329587277,82.67591042509981
150.8486666023831,82.99971719929685
151.45363726101013,83.26669492912494
152.19113667358755,83.29134757013857
153.22474634370488,83.24474540621617
154.0214025930121,83.19648522012018
155.1572472449222,83.17759658019031
155.84307346179918,83.30402504499021
156.23056214745964,83.65324858249956
157.03659542959966,84.1420503824036
158.35042789352002,84.28975458473988
160.4949227885223,84.67468115141051
161.7158600073107,84.7026569614098
162.64718932379506,84.62298548040923
163.80898982010999,84.32165455329674
164.77420696207622,84.07942705177695
166.45000918521427,83.99219124035281
167.75622347005194,83.87606993586633
169.08464897019792,83.79450217268507
170.91352745897166,83.52667654278409
171.89884930098796,83.29277277165694
173.2417166549396,83.04550073722169
174.1295181524103,83.00929802960775
174.98091690322025,83.02221877437509
176.1905490425874,83.0462675524793
176.98174181151174,83.0148617182292
178.26072459083505,83.013936221107
179.20407029098226,82.92505696825386
180.20627048243685,82.89685171543766
181.8085004792037,82.92652939444339
182.7210263069466,82.95604639425368
183.78281289673902,82.69414199685835
184.44811615501717,82.20186140835722
185.0737334899712,81.69497072576017
186.02057785062215,80.87268377837756
186.70214869150547,80.75172175968753
187.7469402829008,80.77997502779935
188.33153322691646,80.92666809674748
188.7291200067788,81.10025822179341
189.227100810061,81.45483453471135
189.36869833409125,81.54656628264205
189.44045140295026,81.7148420562042
189.3193293741649,81.88675979611324
189.1333997318185,82.10862928312122
188.38152055045458,82.34229089054229
187.64453000541548,82.45784195322547
186.7842672061274,82.54463359871409
185.55362525617687,82.75737844028235
184.83867588109814,82.8333418296248
183.96966865367847,82.99163473904822
183.46698391912338,83.22328588976264
182.95366871251335,83.50980751668695
181.3122104295754,84.18300637309608
179.718609024267,84.73093251994617
177.1190562957594,85.39131231496937
175.52473234271136,85.61763513182392
174.12959006325457,85.78259063982392
172.42899500756036,86.17134820203442
171.52534143669527,86.45331294978484
170.60132968713154,86.85266078601893
170.16982291903068,87.06871612443666
169.74137188657045,87.3722554519559
169.29592375899702,87.70740134104909
168.9674387377067,88.06164607980169
168.39915154389118,88.6003919933338
168.00030056651565,88.85913302082989
167.60494005026263,89.05027708882095
167.34967937925117,88.87476217738521
167.241733039565,88.84692165113236
167.10991985524052,88.77130883112193
166.85486448211174,88.59801220655416
166.32867689902358,88.34118133319443
164.9250104056667,87.60384454411609
163.65642863963603,86.97071948669937
162.30268405522585,86.35873477552266
161.63095681283858,86.20080656774465
161.34287396198079,86.25744650703234
161.25105376391966,86.51214356807802
161.20078979682017,86.62598125163427
161.13717189562868,86.6869663860256
161.13704398073827,86.60656976290727
161.09989152178196,86.77381110017728
161.03056574043626,87.0168924290069
160.96243834993723,87.11698850059935
160.87904525082214,87.12298279050083
160.65811173632375,86.9009859147725
160.5077775223637,86.57376082082682
160.41777967690246,86.20825445077597
160.4147078133593,86.06593510056388
160.3614874278109,86.01170626882232
160.12190406488833,86.01700236044483
159.87926319766163,85.93280710857354
159.29911150751894,85.71587178077945
158.8278458366662,85.5514065582594
158.38238300705305,85.23263728333075
157.78802129918927,84.7002042667878
157.49925869338057,84.39855407718694
157.396112164842,84.11631630125605
157.48254588485653,83.99667218988773
157.6254561982057,83.90235296403857
157.86020060556143,83.98076314575277
157.87586701043531,83.98708518251885
157.81688347831243,84.01397906500341
157.7614335078903,83.91654886213155
157.62580082269378,83.89830175112736
157.30335644868416,83.89124336286856
157.02734895528454,83.82169000251476
156.75688319590955,83.82488637001597
156.54364821301178,83.81853794080851
156.32928037658638,83.78045468922487
155.96929005591647,83.75578722224074
155.69517457584112,83.73113757997362
155.22446596240255,83.71369477445987
154.8041058201763,83.8399141807686
154.45747562223013,84.09263187331631
153.80195323240446,84.49493512962033
153.6221443346613,84.50830339054494
153.59715471224467,84.41356098657099
153.44711853964242,84.23986609929766
153.2092121448888,84.05646563005425
151.64611225139726,83.55081185945964
149.0372450188696,82.8602405865478
145.91946964199894,81.42438634681828
141.06954061174426,79.30787610390625
137.66996295479493,78.21239429472024
133.46562218515783,76.72302768184207
130.9490239583871,76.00837384877605
128.54741482692359,75.52833507389008
125.63344192622958,75.11896010175599
123.92501924736092,75.10021090829429
121.97098671195076,75.17548804013052
120.94332835869133,75.33220294907245
119.97227478867673,75.58436812558405
118.96277579816436,76.00570835228324
118.46087362813022,76.34443858110652
117.99161781232117,77.0232492938395
117.58128883216932,77.4330841049977
117.24476759966902,77.91897385464293
116.77972911133074,78.47457165081346
116.36680080787369,78.78124770078419
115.91883323149426,79.21987921121422
115.62153382142188,79.46724932427837
115.19575005875883,79.53697839686507
114.81888748669778,79.39856163296568
114.8422211464949,78.76185436633952
114.94440199334441,78.11486899105304
115.0325018563498,78.10926958727933
115.04507821119799,78.18708611401479
115.04095738815455,78.41144617596444
115.01228457587983,78.55096372110486
114.98546078607255,78.59621297531277
114.86568645537757,78.66779471770164
114.80724478261958,78.70913383398445
114.65615704161101,78.85404562218201
114.61180763767386,78.98303560790691
114.5299118562122,79.17419624090424
114.18375508819284,79.4683897705854
113.67803085937388,79.69155842398128
112.94097216541681,79.84405491837961
112.39527926884058,79.97322656627493
111.94700623834734,80.12096577473966
111.3020365916668,80.46285826529304
110.7305399878826,80.66987271530994
109.79765754284276,80.61172429959753
109.06857570883008,80.61580124398601
108.32735561782333,80.66304804524474
107.18994070786773,80.6939094117969
106.51775604491118,80.7569789170345
105.54729530687877,80.79116002007385
104.96596152252796,80.79053717392675
104.33648201730303,80.78751554606256
103.56814347460819,80.82876596601498
103.14317759544672,80.8841953289787
103.1826809893887,80.45091456075926
103.26644503610537,80.22946604475096
103.29747521332729,80.19530103678363
103.216930364933,80.2695152354238
103.07371916984509,80.43493440305082
102.69669536058498,80.56737546157079
102.51188388353478,80.47700963746065
102.26298287101602,80.50749506709475
102.25752843771116,80.63774066685207
102.90408357893197,81.14287809693444
104.64209993918826,81.73092695873358
106.21165008674339,82.14547667041305
107.73670221656849,82.54222258136868
110.06224490564112,83.23060883417865
111.23453068934758,83.75224327172657
112.23227476830012,84.16530672532778
113.27431477646581,84.72275709764479
113.64328701494985,85.18861282802399
113.99576816903412,86.07127656251974
114.0926503016213,86.5976981657732
114.13578649951289,87.02136109577627
114.2409328618914,87.47387187219141
114.40662506504994,87.64622049524135
114.69625819955587,87.93942041095654
115.00379472848681,88.04772724283025
115.32341379483924,88.05413983523779
115.77070800027809,88.11628321414814
116.1157894961115,88.31472145367472
116.79334691609328,88.73151399765389
117.35521513716357,89.06420590877411
118.02228870260666,89.30083012733807
119.49368116512659,89.65036532416522
120.5664259282483,89.86711532986743
122.21256781334935,90.037070756959
123.21430946891503,90.03874095221572
124.11836554595438,90.01732121341917
125.17481744429567,89.95968488139088
125.74465246136398,90.02545680100819
126.72908375015187,89.9854348248362
127.67851881858181,89.97016796441531
128.88919432361075,90.09994059989121
131.5404293075615,90.27904516054349
134.3237047960971,90.39235809023455
139.31594661805926,90.6715709777285
142.77145736499057,90.64489996982739
145.96816198254322,90.34402683346704
150.42293848750109,89.56198263608402
153.13394258967458,89.0022327712206
155.64748702307426,88.5880769556494
158.70831318885112,88.17084788401267
160.3271669300415,87.93228577539378
162.34921522136955,87.52350259493384
163.5587155214349,87.32811479674601
164.7089408678021,87.131678250147
166.14404991123212,86.9499337991401
166.9511354781476,86.85461134405611
168.24260458967734,86.51700309829577
169.27197273156065,86.04931422484839
170.44148100718695,85.77219328568614
172.39677317208964,85.2561684867659
174.04470211392882,84.66171779625323
176.55970695980204,83.22232703881913
177.97027033088338,81.7669231146613
179.31699240079897,80.39639725842717
181.83336689079934,79.4701480120728
183.8837201565748,79.04407571777631
187.02885987224596,78.40715196328713
188.87878119093733,77.96911646681768
190.339679454624,77.61453825718024
191.67252241720072,77.20136791005174
192.1965842005891,77.04344913169801
192.56625587140005,76.78662508426524
192.81361943234805,76.74417505707676
193.05677642517048,76.56093030452675
193.09274583130303,76.53714204380026
193.0237205596173,76.55966254040861
192.83506352156917,76.61857371810332
192.8966265914468,76.6298473456882
193.31811982096747,76.70951036385004
194.69469890990135,77.42779266615347
196.37114182504564,77.56859724530045
197.9237941949658,77.30265154876807
199.14996454302744,77.02294342845657
199.42308439898315,77.1351691881384
199.64021153277008,77.33711535863733
200.18561096420245,77.68687708749304
201.27877752565203,78.3750299454295
203.9313333578023,78.76908616010311
205.65814013856078,78.84979103440637
207.46241019809352,78.71769663254119
208.3139632894668,78.58658058407153
209.0485121171078,78.64441557439478
210.22821652975506,78.61655264506817
210.99626906939378,78.82787130197978
212.07675915288098,79.24885733745728
212.75204100337035,79.62114976953423
213.52267371846585,79.90928716534386
214.75607722370145,80.19537710793173
215.57533903121777,80.23412696078769
216.9773859517079,80.24177651383607
217.89413991648087,80.38427626837567
218.8656207706306,80.45988940615425
220.439825829281,80.39051275406315
221.3646840140937,80.30682477408281
222.7071534873594,80.08225234612854
223.63204418517785,80.00196990535704
224.4145715999561,80.00677404703427
225.5307120117289,80.29372353849998
226.22451505577706,80.45256130173762
227.2102835910457,80.88740763565013
227.5975988569347,80.97743478761613
227.95042795786014,81.06478784528464
228.3134181488376,81.2809390033363
228.5024154578113,81.3607634849582
229.13447085385735,81.23163031604898
229.6537738823056,81.04385580420514
230.14852516755064,80.79363167279786
230.75388681698882,80.48425142194662
231.18957138391573,80.21552095709934
231.58417018423555,80.24032110283147
231.8442266457779,80.67978516969654
232.15833200353407,81.03438500327682
232.6065097305195,81.52836721340414
233.18837624816342,81.71730770925797
233.7765722284502,81.90906027744393
234.92707039394276,81.96223505950522
235.7098500838144,81.9159254847315
236.81130134322768,81.58712038429314
237.613161121376,81.21891960895766
238.44550841019847,80.87242444908512
239.8570651535378,80.35021162955061
240.74941606281203,80.12009166024336
241.9374806779158,79.79917466589401
242.7431521409897,79.49492351317127
243.44964457019242,79.30210366722218
244.39989582055387,79.10362501455296
245.05224127497112,79.00165876429007
246.00249596307933,79.07331298773077
246.6718252599241,79.02489966348067
247.30723027174798,79.03352916973732
248.13751548546577,79.06078423897176
248.67049237388784,78.9696989568576
249.60873092809123,78.70280968827534
250.1600805269709,78.6833956245614
250.77179777389148,78.67725265521179
251.6674222339834,78.70729581689035
252.27442621377082,78.73662948579064
253.24037171951056,78.67423358720843
253.90077587287186,78.650209135689
254.4329661366508,78.58840199702061
254.6171110174134,78.68411584660464
254.5434632355676,78.68856193629868
254.25400453347874,78.7568064616018
253.02205670670446,79.17493223177733
251.38655259094048,79.60409111623659
248.29790460383992,80.19391907375446
246.09332511913618,80.59652449075361
243.8269248290591,80.95875219734685
240.60571552280592,81.46233854089532
238.29710345124644,81.7362342161404
234.39803743747055,82.1385259905994
231.38025416272077,82.25559402252892
228.23711850706638,82.54209871201867
223.61294557638416,82.80268543648931
220.61667866455394,82.98143576428191
216.14225769207755,83.41204550845552
213.34158899812508,83.837972859957
210.62163175190605,84.25161712649013
206.5401129981465,84.94161528545293
204.0196591813819,85.23785723173853
200.5215932427496,85.66572128406946
198.32377354213043,85.909373011922
196.18641267028497,86.17384831652286
193.2532423058679,86.64012877079823
191.35119714492953,86.91746444560394
188.7598093184023,87.3432980155282
187.2145132633925,87.60049335508782
185.7937290793387,87.91966649351626
183.94739324954165,88.29504183052582
182.84934439569352,88.50885654101302
181.45319423603416,88.76900874868453
180.63078399861917,88.86052608998702
179.90111764331698,88.97929406795058
178.8785214184353,89.13787640133766
178.2915657450863,89.24961674405932
177.3274334523357,89.34159247988487
176.66153971983107,89.3834163095414
175.90811716743448,89.44870497595824
