177.27498113764184,84.63017838125339
176.58242113588926,83.83538209509425
176.39318491644093,83.25198824672064
176.17703016911236,82.82937216470795
175.82252650634902,82.54176822956137
175.6249507303022,82.66399423399935
175.10001808684646,83.34938180590483
174.79992740812696,83.98206063904662
174.43784602795878,84.56036197874896
173.94791286066504,84.95160005272825
173.6956892525424,85.22220082474324
173.37847494815406,85.79133498598816
173.17713319713576,86.29789646453997
173.05871535358912,86.8533485524095
172.96712742706046,88.1374244229933
172.86123940124023,89.374150361044
172.68305487293725,90.7966252028156
172.35652568015095,93.02085509696546
172.15286886256547,94.52522057022492
171.84183101415968,97.16977007524575
171.78768700981666,98.84657785300797
171.61583941890666,100.52569878262699
171.2182339084237,103.30724861825409
171.020136200381,105.17980306175839
171.29786531661858,106.90398973127155
171.70792726262803,107.67324342198111
172.12211299541968,108.39754173117149
172.8849279489184,109.13167897773164
173.4019728157072,109.63009121554063
174.25390183884193,110.34314483191585
175.01397794470228,110.49111557571958
175.84599698105356,110.6818271675408
177.1238879939965,111.4225954393856
177.70613213862356,112.30130336303242
178.35902940671662,113.43720249841599
178.74093290201318,114.1000879049821
179.21552879676113,114.69042185625386
180.0703059686015,115.39764926735097
180.54574322826173,116.07082399788246
180.82697035923206,117.52130601175305
180.66435943354244,118.67393978735801
180.31584772013997,119.90303658502457
180.19293323068825,120.92136202640998
180.2868985445324,121.4140425584743
180.62954494570837,122.10285801505722
180.9158941457226,122.45387884250279
181.17565042520508,122.76037267224223
181.29623019826482,122.99542833307598
181.302131577399,123.09867208985946
181.23178865757473,123.09518988225132
180.8655636512903,123.02460773377749
180.6812882058278,122.99966670643249
180.38963051744474,122.85391181433445
180.26209382017478,122.8027617067556
180.1781128526476,122.71298970853752
180.10064897798927,122.42066564841133
180.14105576507797,122.20225872750261
180.2719320680437,121.68379560344391
180.3406809512982,121.30052632193978
180.4018471141411,120.93244403742762
180.4544261473431,120.3938604279878
180.46125694001296,120.12087306204778
180.45399250225628,119.67256760586756
180.46464266542793,119.443563584739
180.44964333216856,119.2064091643183
180.53926790006042,118.81748590945143
180.66550690785866,118.66376909928886
181.0461275134555,118.47173233292114
181.39377420883216,118.36068744584406
181.65459212468375,118.27437536385274
182.1577466554845,118.00080993792842
182.40349061786287,117.80367515054841
182.7696066299161,117.50133790736234
182.95508483977827,117.3769969611758
183.17722081690522,117.24919069554133
183.39673095564393,117.17265734778053
183.53727631226343,117.1638594189757
183.7505123579922,117.16817589089148
183.8536171840497,117.20359761411612
183.93310094598834,117.22171562701475
183.92966004788093,117.23082085898278
183.89925414880523,117.27123760494598
183.86751300354183,117.33948848704395
183.75487564084057,117.47010533394518
183.6455697971999,117.56309386422654
183.49265706179764,117.6630974272795
183.41664817469604,117.7018830325873
183.34154665069977,117.72615942992127
183.32200352817375,117.76247738341203
183.36117846382092,117.77898564033093
183.41904069378387,117.80052415299669
183.43225683520456,117.81987416249284
183.44317907018012,117.83422677267879
183.48371613281122,117.83258374607121
183.51083381141308,117.81964734139329
183.53943402552338,117.79802604068063
183.53924659294032,117.74265636141261
183.5585758606653,117.71454922481134
183.673017683818,117.67781793670238
183.74640058501194,117.61323246810315
183.77017029023094,117.46594076975668
183.7589458621595,117.34263018434476
183.77184440395283,117.21607246828768
183.8734961110833,117.01320490207036
183.9898827852297,116.86173162011056
184.16130660906586,116.5414835003582
184.25992025429832,116.1629183598582
184.3860301167489,115.5106983322621
184.69761703352614,113.64976684269433
184.91577060129276,112.20950989574426
185.0889564541309,110.64801227958625
185.30641366345478,108.28203035263381
185.39308632713536,106.67342483313547
185.4617498589836,104.11193350329523
185.39585770786738,102.5149287960659
185.27325703890736,100.94251512565725
185.02593437680406,98.90237110685318
184.87415267418416,97.59473365948207
184.65630075521497,96.01650779095182
184.54236368292175,95.14926045115023
184.44540460607325,94.48847764133242
184.26748357390403,93.79064292959636
184.13371270393594,93.31151728314056
183.8913972927396,92.55172749867741
183.62311789733903,92.10565131874151
183.25891189621137,91.69301867754956
182.5095755806276,91.21248584085892
181.72177346621345,90.89911909270235
179.88867156800302,90.40870888653238
178.15559344396385,89.92799224774329
176.27670013981918,89.49186093403603
173.47371638779077,88.88582366568488
171.68954440228043,88.58324673674923
169.18897146206697,88.30449068065032
167.56802323618507,88.16864321721665
165.95559299095524,88.08204207711813
163.05690966486128,87.92623508323474
160.89620499387107,87.80485816458862
157.8668603560851,87.90511238304629
156.04593136697406,87.87630198135129
154.23580217857594,87.83644386212794
151.12438470872328,87.93456218971244
148.7791683591303,88.10122687598731
146.39914291862763,88.13313125344868
143.04801320443948,88.37469960948708
140.97060722774083,88.72616626457756
138.35941544980412,89.37703951483789
136.9206561997482,89.78671452087929
135.20550411748098,90.10227015251021
134.09711020040803,89.96902627823872
133.00758048856304,89.76258893544039
132.02661284017026,89.65782182852399
130.70237641740988,89.64324783386027
129.9770168470862,89.7204337292958
128.87869531880744,89.76545056269799
128.08784414254785,89.91798494472064
126.74423762210456,90.49826209700622
125.78911780388393,90.88970536412292
124.86917650320078,91.18056986211373
123.59450528047424,91.48075451032342
122.8344412500432,91.6218828286671
121.8793737490572,91.77677571384685
121.44563871818265,91.85930495065726
121.1206733156078,91.9508200498384
120.70707323689763,92.09000791313836
120.27852435069445,92.0514617915151
118.9757565838666,92.34476494395757
117.5615730473335,92.69723297000886
115.83501894382744,93.19743443445027
113.21678909763743,93.84245296742542
111.69600235555595,94.33697641912013
109.9886353108594,95.1580913884203
109.27897587062213,95.7144008553421
108.83982561738242,96.1253393066575
108.31443036605538,96.67037331689541
107.92894606546784,96.946579966815
107.24417674034804,97.12129877471416
106.75390133241442,97.14930519026248
106.26131005027231,97.36727915423822
105.27483777575297,97.55314098622742
104.23739511103454,97.80795669855894
102.97129722579314,97.90555687451736
100.7579485830738,98.17645876741793
99.07340056576392,98.43383133141221
96.57579511738278,98.84241745221729
95.06198617217603,99.06583385955386
93.03675839125103,99.33949042936969
91.82993309419422,99.36841302861124
90.7049335579999,99.36146756506267
88.98405331745617,99.43069913346841
87.69029713224366,99.63851266056398
86.19978284674283,100.03339893449336
83.7891677967788,100.14077653014522
82.3460190343766,100.09312325475035
80.6386565733424,99.92025798909617
79.61367854185873,99.66922015305501
78.51883682542241,99.52360479279585
76.58265236387247,99.47035674587644
75.33113908263681,99.2592859018629
73.42407636011802,98.91842375827582
72.18572664671561,98.7576444267661
70.90163704560506,98.59870219177921
68.86724515711597,98.38458333015296
67.59102359980533,98.41180539701841
65.76384876482447,98.50729014679246
64.57436373406149,98.483241540461
63.295859179433634,98.45946522647749
60.953174605547105,98.42129998915972
59.11639314993532,98.30820914370781
56.165288553989,97.99788933007888
54.35717579738791,97.68598705829952
52.98099467783386,97.18941235624278
51.86817712906435,95.88875746691112
51.13400771459095,95.01449248397083
49.53501107438046,93.80595223132809
48.16926311234053,93.11221192141439
46.74668952161949,92.42078802660997
44.99925839221223,91.51948992708948
44.16716266910407,90.87127109306877
43.65445686819146,90.17689379475203
43.39788151916301,89.27419758437412
43.43693456197548,88.7377126267708
43.525031540711325,88.13594641877316
43.45327657077834,87.72322146561208
43.20825718975823,87.15332390967906
42.753698345864734,86.3531150283553
42.6388110168574,85.67088555701663
42.76329359099162,84.69089982381152
43.11244347506286,84.09270007368588
43.457005332553564,83.58074014756936
43.958072491658754,83.06493759245186
44.14669257100701,82.6607692429018
44.224043829427586,81.82770150485833
44.20985272481414,81.18190647483057
44.264686795171144,80.57414506030783
45.42531449202852,79.7514917651434
47.178652834065275,79.5233644263934
49.84785852042887,80.08951522634756
51.05539640738735,80.72766634002845
51.609422804352306,81.34676396574308
51.743580218910296,81.93178498881554
51.56479981879758,82.41585987596625
50.76677737265541,83.60814134527767
50.15317221089222,84.61083171109279
49.459456716456714,85.32144883439648
48.33500386622376,86.52627345961672
47.4223334545064,87.24394833717275
45.645741242775074,87.9821988378549
43.98512714564228,87.93468937947318
41.9319651804112,87.54548241675037
38.868731223327785,86.96910487831714
37.257155558285774,86.6344418187239
36.03250623349069,86.35448737125694
34.42698038855451,86.16847860405211
33.568573658541794,86.13326886761999
32.24311244578976,86.32359851176616
31.347721823525063,86.4102840206907
30.302617363197186,86.09252253001708
28.27204991814324,85.4102996136479
26.761913859867548,85.0647033335473
24.759052288616374,84.31456963058896
23.75434764793252,83.84434736940116
22.932510363442503,83.41396442220557
22.04933094830426,82.85664605405897
21.449168006095476,82.77419734557857
20.34227030825852,82.60047284886625
19.53362159032335,82.32017129989434
18.556327178365848,82.11610349062968
16.814795072302303,81.94374178045021
15.46267440607076,81.94844328367124
13.320644818399472,81.98533364033399
11.702889829893053,82.01290176585816
10.12601362567247,81.97501071525872
7.961205707233773,81.95101997113285
6.714413721415923,82.00885330142549
5.213784201795335,82.32173030911675
4.3300103183074725,82.50783600305893
3.457475592117646,82.56140056349541
2.0447600296054986,82.50309218954034
0.9609452549213131,82.59888023332003
359.1763632590603,83.0371046548875
358.06973401544167,83.48868527705343
357.14315937105744,83.98043137935436
356.111798549629,84.72297286574103
355.51282315641566,85.33513065392864
354.5435881590265,85.80009850350356
353.8777134292745,85.94966834423802
353.1242795218914,86.0479805306945
351.9485665367024,86.00991624098864
351.29102319828155,85.70985072863242
350.68009436076755,85.41014397475645
350.55936032633866,85.06191994066343
350.60987911464133,84.41996354518119
350.9679744856356,83.08166829610943
351.37631562080287,82.18588949556877
351.87958683567325,81.38143097979265
352.91560014773677,80.45375305423796
353.68420467233705,79.94684318889935
354.5604262518771,79.70415659746338
354.8371863408105,79.8067799934188
354.8253573503914,79.82278694206077
354.789378793378,79.90406286053742
354.72401379083215,79.92234699722025
354.73335569522146,80.17301098099298
354.9462328899258,80.60780306193294
355.2304507040908,80.9191476671867
355.633001818843,80.97538600272588
355.8547265218226,80.98590215592678
356.5558570303508,81.04180003891277
356.9720162714625,81.20407362899692
357.3488267060831,81.2716289810689
357.718483253272,81.20488320747525
357.8990345891532,81.36083022984309
358.2289845280211,81.58378574196513
358.50162929659774,81.62600001667337
358.7556049321367,81.80734054187131
359.22212603528646,82.1118651738814
359.75803652835316,82.2797683214194
0.8799097667242108,82.2117514740169
1.6122331020144145,82.54936028698255
2.101937659491682,83.51989183893151
1.95965410026281,84.94650797230284
1.6612214507184149,85.17805061457977
1.0682474781471,85.29106412629662
0.4719041206913914,85.40109817754542
0.04337395416527556,85.56093788276507
0.07276706262396715,85.39396088694208
0.026708725546228607,85.33321931534529
0.10400963587349565,85.24978526985868
1.0965909634485058,84.68809114210038
2.036888153290903,84.33906837482942
3.56738221104402,84.11028418669201
4.286759639437719,84.31603437802679
4.845749541134012,84.57031478375131
4.910070361902797,85.89604113047132
4.835734783185046,86.51272838512548
4.576392084675433,87.61627094281721
4.152146799635972,88.7076881543338
3.6524028103552553,89.7677633664778
3.121162589668785,90.78059734952774
3.343073120050036,91.33455969200564
4.885083084029475,93.06380174721176
6.274761982855296,94.11704461796492
7.046024587009697,94.60994495779306
6.886862434835507,94.30084969217853
6.43928434026833,93.5178126190427
5.639931936470674,93.26415688198671
5.478304108553601,93.05770952701441
5.400728208851405,92.83228757902354
5.217971786454029,91.87537504015926
5.008609530259406,90.68412497431967
4.813388085588912,89.33243708989656
4.793329618133555,88.13370484058066
4.50526044526805,87.23993563376335
3.7942287310044094,86.06844101951012
3.336445473153759,85.07462288061856
2.367655772260406,84.07049908876814
1.6525020558061954,83.9177105093094
0.9341174452421512,84.01690121444551
359.8923650808209,83.83128366885644
358.8187249342074,83.78711001342042
357.58096303940647,83.58096257253563
355.44084104252147,83.4583148619931
354.06328786895676,83.41344340870685
352.4189064705928,83.16658677153785
351.6642427219076,82.80922790656305
351.21632267524205,82.64478769239025
350.8486157114892,82.72129053473213
350.6058372022103,82.89205441327222
350.25619102610756,83.2396416441095
349.9582995546813,83.5792966621656
349.7786213715294,83.88749456200905
349.88084862108485,84.4785215698079
349.41209738628766,85.28931055638623
347.885177434104,85.00015231874521
346.5690217543804,84.52992605624361
345.0809946580418,84.08746484131377
343.0989079440037,83.6431744144995
341.9602945386939,83.4561713768623
340.5413263788639,83.35994521099241
339.65056556727285,83.38149381476273
338.85183705721835,83.3523573894482
337.70068934643297,83.10751069842317
336.69487238611214,82.98743729063463
334.8128869829301,82.66012949157766
333.366590952473,82.38481109732574
331.7898099239906,82.0509492091839
329.48511624662075,81.28215886548985
328.05655912070824,80.68656577025456
326.16374182836927,79.9309588807848
325.1039871804216,79.54908171941918
324.1362917882369,79.32811009789887
322.59938961236674,79.20886781850535
321.5712786138548,79.03547132099395
320.0353512924414,78.68350976995819
319.222470767819,78.23435117658435
318.3974194954848,77.96513999298497
317.0853878496602,77.44316944069004
316.04813009618397,76.9897250390703
314.79243825781265,76.75220517946426
312.85822785416383,76.47135890232778
311.5874473303941,76.29041743083228
309.9599834162047,76.02738365363784
308.95752045914327,75.80569268629866
307.9800549384969,75.59784227114892
306.3701418514451,75.18707623117062
305.2753610891238,75.00836486198708
303.6048905709288,74.80690549212994
302.55204671530646,74.80026778329263
301.51991905232165,74.77004701174494
300.0754246257719,74.79339192632392
299.0326549816372,74.88375312242476
297.47669853852085,74.92645070691482
296.44676242420553,74.89508737490314
295.51435733837974,74.72713161637503
294.0722324108774,74.75159624501242
292.989540845466,75.06736270321522
291.08773340758165,75.53665162383813
289.4679517338547,75.87702189249728
287.59151663815123,76.29234594638093
284.71668004198085,76.92219104216666
282.9725942658892,77.32904745357935
281.0637820809143,77.98176528879483
280.4599064449586,78.69077227466069
280.2281638293245,79.78212835714396
280.2296983816142,81.09259066262959
280.1679170856915,81.59804435733616
279.8090411427803,81.98065354390481
279.08596493721166,82.42448420532004
278.5727924994172,82.83666136328493
278.03568402207463,83.64934227972476
277.7803419853267,84.05291855457098
277.51330948273875,84.6914712472486
277.03429135934186,85.66953938151003
276.53047674499607,86.22429194014254
275.5559996117809,87.12564711456157
274.8059566342142,87.83007529537338
274.0043786830046,88.61722471638386
272.6662897239549,89.94383126760158
271.58982721760935,90.86608942582767
269.55915998336104,92.39987930662014
268.0335323707158,93.38229018237367
266.271488559506,94.45967284684305
263.76219343768554,95.79042289863187
262.20968501791094,96.42453465258052
259.89751508700033,97.39592822222517
258.5477135402102,97.95339389117458
257.33059527294193,98.44338676095705
255.9515710795127,98.7912519069209
255.10589736361442,99.09378886193765
253.85514156982617,99.34188529875908
252.90572022533968,99.44015042134498
251.9304977932083,99.28270145188206
250.42769848528235,98.58037072792307
249.51568544408616,97.76978509419038
248.46302280183647,96.25259870624998
247.82727290780812,95.53810961938854
247.24016464738727,95.04131644546491
246.3634005799476,94.83988256271857
245.73968799863601,94.9832903495267
244.88944752263166,95.2854541683462
244.4546394455122,95.43557497698481
244.20703067684795,95.39105061607628
243.78506905375679,95.11915623976434
243.49994551363886,94.87319515175217
242.9186403966584,94.60388105711192
242.46334613335995,94.30574274015228
242.02203912832357,94.03775090095316
241.3276439094185,93.43961840009858
240.70744234472056,92.09047421571083
239.3767703988134,90.12718616963095
236.02605213323824,87.67724073843509
233.45793622090918,86.61989626174032
229.50242674267668,85.18006735530992
226.96069349502102,84.41454011820936
224.5369634074938,83.66396503515662
221.02500003617234,82.86664565469596
218.7927780549913,82.43857753193558
215.75688570571367,81.66984704989792
213.87559424122463,81.13388658041568
212.2246952610422,80.70340666635849
210.05440106688272,80.47719606176979
208.7064782356967,80.71055296181292
206.62896071500154,81.23056906631751
205.13432533779738,81.54031716478217
203.46918865904223,81.8299071179228
200.974374223643,82.13816073481786
199.41526672625213,82.41844770591
197.54169946210212,82.93716895519033
196.50731438854817,83.54420179726833
195.47625109934717,84.03738272437216
193.88951059377465,84.72975598715291
192.69529930411778,84.92278068015284
191.67837579689302,85.03359983043006
190.73585339533454,85.28994793365973
190.3460269053914,85.57944090133483
189.80924105347867,86.04718151277372
189.45956878940436,86.24472355362707
188.68048502973767,86.6363892166754
188.12409636886443,87.14035918771376
187.7266711156594,87.84681526994643
187.6109896577515,89.04523655165013
187.6828330264206,89.84486635715547
187.79634407826003,90.45490062663178
187.9166927153782,91.12967173822192
188.20077304705973,91.5009433469167
190.0028034889985,92.44644937167642
191.91401317346828,93.75703751151666
193.62068395051298,95.59519040645847
195.64561350025932,98.18789874315728
196.57368834971774,99.63484658266339
197.41279538268964,100.85993878561406
197.60466243139538,101.31941632126166
197.48296791956773,101.3684285325692
196.8155386390071,101.16248584508529
196.2448942305312,101.12933182137665
195.54989721170855,101.06862411045108
195.16364831527272,101.10945909641065
194.84063900441873,101.15048547153052
194.14823755407969,100.8238430746598
193.37761717023915,100.38800405274988
191.84260166365857,99.58548328619565
190.5387879691939,99.17659141001553
189.05628570508333,98.84864631544615
187.06736587409245,98.24665152122641
185.1950693295602,97.6775169404217
184.06095355258677,97.18061281066566
183.00522205761268,96.66936304104173
182.02176924832258,96.07456679946509
180.70959393432204,95.12126714656074
179.9955920530283,94.60849883259513
179.10814409624354,94.03961847103844
178.54762438073305,93.78161314227572
177.98536401383743,93.55702315417342
177.15175211186676,93.09098558605235
176.56187640538124,92.71451837373742
175.68411345279253,92.24680780162775
175.1904644858681,91.98073445292329
174.74401563579605,91.79894166746608
174.19290131571523,91.33018665204125
173.8698546208548,91.07608273929056
173.56599145670168,90.8115860969278
173.25229931725326,90.30990296224563
173.06387718147332,89.9345811042372
172.95253677164635,89.28297842912447
173.15857609614005,88.54687883650492
173.50771661177842,87.74326627797058
174.10693833335614,86.2920297313157
174.4594537605381,85.41373339288648
175.02586181142044,84.35089480456263
175.3840894848497,83.7300224506089
175.84172430253088,83.13576898787981
176.57164712168623,82.69524974257325
177.17263570024895,82.70030447370202
178.14656447126887,83.09937270956877
178.75365557761987,83.45557944975238
179.24387452267126,83.88381399194317
179.60153505917904,84.44915544388557
179.65245568497812,84.54762765034954
179.72082336589716,84.67066436598621
179.72898233368318,84.72135957121978
179.76917940521443,84.82679637479121
179.95223334185746,85.18508859824158
180.2095860889428,85.5635675944225
180.5192233645517,85.90407554852966
180.6360840587078,85.98783793049454
180.69203806819823,86.07048306671463
180.78345370787062,86.11966747404173
180.93088046129034,86.08851907345894
181.26393156139983,86.05410770977993
181.4855830952339,86.07083330621775
181.6693772133428,86.10544645023111
182.054741789294,86.08293347509183
182.2769367022807,86.00262842940498
182.50373993446036,86.01255520651607
182.89825957032457,86.12731289875731
183.23219756725783,86.18987829126145
183.7503710603432,86.23940544593512
184.15478162421445,86.1439505639983
184.53417521028044,86.1338750598664
185.21703951624343,86.27292338996955
185.74928957813205,86.41930021133898
186.6636127946693,86.68257307841833
187.1553476999425,86.81094933278062
187.63922647956818,86.93405968160707
188.24510248708464,87.1780175365983
188.57332957973514,87.33163763900227
188.95511836688723,87.50843939221726
189.20678663257297,87.56997162748878
189.50001407983842,87.58552849025206
190.15754010931892,87.50880677199919
190.65355808564675,87.4764147006319
191.59763990958754,87.55445490066543
192.2085411681791,87.62932939919382
192.8225842377463,87.6831069910108
193.64805057228102,87.76335675527733
194.18358865418273,87.9485417275573
195.07516082970315,88.21354731570148
195.6706560190563,88.50290354612214
196.3248142873575,88.73070228422024
197.2299534589464,88.90538225473676
197.76010385976198,88.86490661574241
198.29261862323025,88.66287149600952
198.47889253677894,88.49377005186496
198.50950843898704,88.37803851052443
198.561035844316,88.31741294943383
198.65054873073643,88.33365251547995
198.98484574239384,88.43906606441908
199.37954179227262,88.6390198045121
199.8545970554286,88.72538943288895
200.53729532616373,88.69046374213441
200.9980906513902,88.66225750026128
201.56905444648007,88.62337184102968
202.27495479226994,88.55105207846009
202.69315529797163,88.51026759419807
203.11070452856367,88.42368863848107
203.3688759933375,88.35260726432875
203.63776802025092,88.33766840898657
204.27669160600172,88.28174943783631
204.75029366879616,88.20559532456048
205.61638075773524,88.0646675096803
206.29143372424787,87.95923398524374
207.02611756538258,87.84118294904265
208.19004728281485,87.63663101024252
208.96916795746472,87.47737652145058
209.72089968269697,87.30394345948584
210.90832114299272,87.0121820788878
211.74424144383732,86.89156404125424
212.9106349563358,86.78572731448254
213.65496152584444,86.74966203714986
214.75276878256153,86.74704803576027
215.43435448705867,86.73077513349983
216.13493737266768,86.75889083286941
217.18193235794735,86.81640354160635
217.86287980682667,86.84244419068621
218.93941943059855,86.81559340397278
219.67842667231307,86.79629360071702
220.3842416852067,86.74363272457863
221.54447541594035,86.59171711131137
222.29793971982303,86.49627456930982
223.42096924921432,86.3496914109873
224.12332816063417,86.26231088777901
224.78516833295703,86.18749632128345
225.63080862083595,86.23217355736419
226.13391922177078,86.28397127477294
226.48799799177584,86.28782239793054
226.91436272401742,86.31516528586728
227.1075109527627,86.28591879091415
227.48462830689397,86.2672625181262
227.77317983963457,86.24299820780102
228.03527767159224,86.2098371672788
228.39750209370493,86.13378847281709
228.59720393724058,86.06624125218507
228.70365907370706,86.02635637084221
228.81075872455312,85.98930982866335
228.8631261586035,85.95504668078357
228.88125872967217,85.9155661737553
228.83471620234835,85.90018051811508
228.63557770174575,85.86551412139889
228.43579447643077,85.93558556931639
228.2112114608467,85.978192758215
227.80389176733462,86.02397061287405
227.56783633485432,86.0544442099442
227.24485462171575,86.10794078450931
227.0872571230285,86.15647665687449
227.00251414325493,86.21704209547538
226.93878059253782,86.2680912331084
226.9297634666964,86.26904811642316
226.99997968117853,86.14154917264753
227.0822521606181,85.94356886115892
227.22634765303744,85.66271792722202
227.3982998690775,85.27433000645267
227.55888317883398,85.05272485277291
227.75458443417574,84.86956316306036
227.86604570669937,84.82502781939316
227.96055248959522,84.86738797460487
228.08370849334315,84.93489873971428
228.11000579779017,84.99377050376832
228.10579287922963,85.05098439555744
228.0696121980614,85.11996070864704
228.0472706778265,85.1524044019303
228.04496355096467,85.14586184928761
228.04763161774616,85.08604133198367
228.03607738780534,85.01616854524693
228.02053693366523,84.891364790121
228.01010041735793,84.8080611494848
227.98576653006907,84.741154612723
227.95378327095838,84.70769001016548
227.89343726479385,84.70001753497222
227.8224326807829,84.72007433211809
227.76080524476927,84.78432632231527
227.68195846755359,84.89944712785979
227.52133114581494,84.97784704257138
227.2229100918477,85.06827171153837
226.4503924299456,85.11664419834196
225.9222768941825,85.13576195843328
225.13432185290384,85.32446941167952
224.654286223327,85.41284628227498
224.1175270946242,85.49815545667853
223.31096274346154,85.61533922366479
222.80138356802303,85.68475040483968
221.93336636962397,85.82751313516422
221.22308366343347,85.90838176948563
220.4785016132472,85.92195876093463
219.29908828160916,85.9324913508279
218.41864623072155,85.95010252274568
217.0583214212983,85.99255142924589
216.09842129993973,85.98885169366156
215.10537595687939,86.06104025043732
213.49957689489867,86.03269628983878
212.36069736834014,85.84236133463168
210.4142042653236,85.40422196479288
208.8836879025527,85.01298290808211
207.22888751391557,84.66602624504098
204.55871661385484,84.2318959697166
202.7365187430142,83.87959210097814
200.93465773798806,83.54235974918696
198.23568664836853,83.10989862574132
196.60697126681413,82.8573013657709
194.19623082056754,82.3796733765262
192.6429134085651,82.11774634632394
191.01030426582366,82.05966405246211
188.41807855802082,82.10171972053512
186.64273913775995,82.1540633686437
183.86705158454075,82.46902006811565
182.0063532241889,82.68585649354516
180.17133492277077,82.90404453048139
177.60824369199105,83.03372496902406
176.17278883279056,82.88700125250618
174.24569692760033,82.83907497108711
172.86605462352014,82.98420968455768
171.4470039353076,83.06021795334044
169.2304621830397,82.97236699265507
167.68372412217508,82.8029822190015
165.3032382977654,82.6540290618806
163.7347165841851,82.57374218492609
162.2849553697273,82.57228162125475
160.05155048967626,82.98133110849861
158.45903182614958,83.38205867534641
155.82941202595677,84.04524190743709
153.9305599976572,84.38331287115112
151.99795163740328,84.57021817931991
149.11592907062837,84.92190493236012
147.28796017183495,85.23436129050393
144.45561880280596,85.78729665849094
142.49940779843604,86.1228685271918
140.49965401122836,86.4068655084626
137.69665017346546,86.74220608710196
135.93799673441222,86.85240965003442
134.23226600177355,86.900091059628
131.78100296351795,86.86593302515864
130.23007895424752,86.70789437997189
127.95019653598567,86.53285836381566
126.49311134252197,86.45360460964181
125.12049564284092,86.33238883410934
123.14545581928837,86.3342906153728
121.90578033735412,86.36081976770156
120.25627164109505,86.66631782869534
119.27561891608957,86.93310385176115
118.479340048127,87.311704724648
117.59863549439103,87.94877613959704
117.26595813375175,88.27915858875448
117.16697379896073,88.55809138758526
117.34304710355286,88.55663453355781
117.6392775840821,88.5010476469866
118.54844351319653,88.24363492746298
119.27022999993565,87.90309311322315
120.2989985746606,87.56057643150426
120.94378901847749,87.32863085122627
121.51108926390029,87.07910388806309
122.33380935775034,86.79878097971158
122.85550903565327,86.74134323537454
123.79420310809142,86.69197139819165
124.50241398353947,86.6657707043296
125.24702629225716,86.74092199628791
126.37368310669666,86.79087315176781
126.99887892980749,86.81804698545896
127.71967452408433,86.88121041900254
128.039677762821,87.02822730000469
128.32237833610031,87.16622179007857
128.6107072381255,87.37227942221249
128.9748559559527,87.3983114963716
129.25690702754133,87.57263031703673
129.31192639703295,87.66883861929152
129.24078905302858,87.8286056480005
128.95127874296955,88.15006608420123
128.68603886248795,88.35247816135305
128.4767932949925,88.51679157183551
128.28043377353922,88.70522291261217
128.24662864173808,88.8190010583764
128.22317321987245,88.95158417741574
128.2079778981475,88.98509509788141
128.1532109930545,89.00896784961716
128.0023724320213,89.06771249368524
127.84776605257073,89.09253964001336
127.59620128019424,89.14814981803512
127.47669280586959,89.14738522784764
127.34272084766583,89.12097220017546
127.25597220661315,89.00112836092794
127.21652904136434,88.93011841603737
127.18944019870271,88.8821152034491
127.16255230735133,88.84486445145735
127.1532699907446,88.77641013808726
127.16188787947982,88.63178255725599
127.20492506527967,88.51930132930677
127.44124682137738,88.26949535239336
127.72384276958395,88.04436142649313
128.10030465684633,87.80192155525022
128.80743471508018,87.5236589877289
129.38129520739446,87.35988045615764
130.5037661853268,87.12030734591943
131.37819540752434,86.93498209029194
132.26848997178746,86.73821214838122
133.7134571152753,86.4969144402618
134.6709937579978,86.24670139583996
136.0893805097074,85.8017631840827
137.02336077626018,85.54234404851694
138.03635244673137,85.31098178939672
139.7627782530123,85.03972200407598
141.05784531443766,84.83690666122561
142.43229082731662,84.69774858738799
144.62611684829506,84.53379950904473
146.01092899542328,84.5726758752504
148.08279562962315,84.48415139326887
149.476912828438,84.39909206230863
150.88944686159132,84.23070727560767
153.16460210394035,83.96307250339133
154.8289379978015,83.74067313475848
157.49374309998237,83.6554696409592
159.32647793304892,83.63176598908221
161.19109619558094,83.65370087297661
164.0009546710498,83.71691736400484
165.7749372246351,83.72679260214704
168.32619489542242,83.7155444769136
169.92399936876944,83.67116870437012
171.4302618004545,83.58639634721692
173.6032871003893,83.5404141718146
175.01202124337152,83.55617546411436
176.98975497517927,83.54100533116107
178.26052283439878,83.5251163155107
179.3968158728234,83.47434641819835
180.9616312327042,83.35230829773677
181.90803095832763,83.19608144530281
183.21617266088097,83.03472339061014
184.03158238481348,82.93509672956534
184.71702176421596,82.83260761377495
185.59616146396985,82.70800967367197
186.05193477358523,82.60759673450892
186.6380847951534,82.33960369396053
186.94164167852918,82.13433923151561
187.16531745251504,81.96996228867106
187.38165434761294,81.61287581224384
187.403118130654,81.31847666898027
187.38676396150947,81.08748863039709
187.2955353481014,80.79039863410699
187.18365575616946,80.70167756344192
187.0256529244488,80.63754684754858
186.88853264555212,80.6040578130107
186.76172496972413,80.53794890114312
186.4304313998494,80.54298561739019
186.06781711685562,80.51803434704951
185.2139265573941,80.44253273504741
184.66783149075212,80.42819443505536
184.14310365877802,80.3899199720429
183.38969045589528,80.27488655455414
182.89940445130202,80.14306567225523
182.05426381009377,79.74742732618903
181.46505938309244,79.47925164153517
180.90589654730954,79.13282254656119
180.23539003021955,78.65008676393607
179.80289157101396,78.40711466768808
179.24838892667898,78.25748049321837
178.82709914628953,78.15082888528406
178.4844139216727,78.02598397957298
177.8924299132632,77.99302094893893
177.57292660585983,77.97592338602013
176.9588726416033,77.89657598824876
176.56865686413795,77.84722954533457
176.1522743792689,77.81797522541662
175.57489378918913,77.64594277815378
175.21380013063165,77.61863268377158
174.6205383889535,77.550559593686
174.1828827761302,77.55316009946152
173.69539368991465,77.59042085185291
172.8471753081346,77.71052365409521
172.27513475277283,77.83386275613228
171.463237535912,78.02002238098744
170.95935075953722,78.16711308917712
170.48391941782802,78.28133550249666
169.92681359834498,78.40521053464487
169.59194134336377,78.57409049076959
169.24198698987885,78.67217190417878
168.78327803591776,78.82617977271869
168.40058683972268,78.9557340743736
167.99389375330995,79.01733613282597
167.80534070572654,79.03226275430454
167.61385404307072,79.0238735705541
167.34942814505024,79.00358274688313
167.20881381562236,78.97073356491103
167.03377579901266,78.9314546080485
166.95796918965868,78.9121283579662
166.89443498574084,78.89250724999424
166.82696092738456,78.84124098364492
166.80801351172516,78.78639373537321
166.82407078101576,78.67436754502742
166.88180683757062,78.61859843379023
166.95973391404894,78.59025119429747
167.09403499376336,78.56985595772
167.1563733406258,78.55091461787697
167.21929183825284,78.51610656213013
167.26913122809896,78.4838987939192
167.34932202524516,78.45959938625641
167.47783582786647,78.44691326827913
167.57937561916802,78.44606409326055
167.70783362395068,78.44869328760583
167.7826616645343,78.46056016606234
167.87568721172804,78.47603898822103
167.99851351682494,78.4869326531718
168.1015864027543,78.50086810797049
168.25974083618547,78.50518438021047
168.42280225950992,78.48993972183463
168.59560735038625,78.48233152121298
168.8049729945376,78.51967683495566
168.93277939126483,78.5082903324506
169.06459928756067,78.48358934457067
169.1260781951521,78.46817073735416
169.22517194139076,78.43445835407016
169.42981941337453,78.38743797341348
169.59266816421925,78.34092798058133
169.757524777475,78.2904994978756
169.92368268651632,78.20962345644176
170.00524489515823,78.17470893293259
170.11516136259885,78.15422336904305
170.15643212083413,78.14430249842209
170.20023317127354,78.14019307087895
170.2182556913591,78.14944763398304
170.21438182446994,78.15185839114832
170.249280484955,78.1324953092763
170.26594471467942,78.18194433913779
170.22778963470017,78.22882545747491
170.09907861502103,78.26479315768293
169.98765003174498,78.2758638323868
169.86562682875524,78.23966429277111
169.82716218048142,78.21507224284646
169.80876579036573,78.19132281164164
169.81934631251013,78.1422561294084
169.8397112156133,78.11032723889313
169.8594290291781,78.0376999756102
169.8779747417209,78.00322558687739
169.90467301148675,77.96704477192351
169.93369466040608,77.90980251239807
169.9454316198231,77.88069460176061
169.96560784041858,77.82111850390905
169.98718993574929,77.8030448170881
170.02477836740195,77.82369378882727
170.0563315172372,77.86190801546891
170.0576193926323,77.88437673456887
170.01874598389153,77.98144541379168
170.01690612147226,78.08531887508434
170.03814037378174,78.24436287041235
170.07875800969143,78.4382924011374
170.0718045533243,78.55966170464157
170.01737923340747,78.71498081866562
169.8901178310983,78.99213568715089
169.77636013760116,79.16557709189107
169.6207526296254,79.5168314626635
169.54609471694152,79.75545218435491
169.4869988293993,80.04177589578585
169.45804778967872,80.581132794448
169.5833022585133,80.99731632129257
169.83091203970855,81.97766535305541
170.00572664500515,82.88588081634906
170.19028195382836,83.88142424485378
170.39259370726774,85.34082222883845
170.44316505190037,86.28111355558654
170.444265595192,87.72190936346438
170.42014027817697,88.73911151012602
170.3252085266403,89.6774469717025
170.11219796191438,91.25507155627912
170.02877798775555,92.37675071409018
170.49796681431323,94.54341447449467
171.03748423730033,96.47067707597024
171.41034211936264,98.75515885151144
171.70248873778283,102.00211988194424
171.78085908850247,103.99424282180046
171.7399857837558,106.87477009535372
171.86633595175306,108.42113618227746
172.32905841158532,109.67711874235611
173.07661624269892,111.43010519193517
173.35564818383182,112.70900172251784
173.3054916137749,114.54989979881412
172.9918111099534,115.72706585155308
172.37977796813823,116.82067860016139
171.46446738133946,117.68773709807564
170.9653285806206,117.8895252679568
170.35278134789738,118.19354052094914
169.93880662474734,118.52215579852192
169.49694787831382,119.02412302968986
168.71352197890968,120.00148234836902
168.05960901303467,120.47829754014393
167.14567205737012,120.88964146718786
165.59715153019067,121.79255004715883
164.59945944475163,122.56344767461943
163.5677852113412,123.34777728081595
163.27164246210958,123.72247700847635
162.9668152752667,124.31109684924627
162.5728908937127,125.19705116023552
162.33880584458333,125.47379434708583
161.4508375545721,125.31186965162962
160.5384615108655,125.41755797306767
159.55204251672282,125.62278617587852
158.28261170355773,126.03411319310445
157.63802160789842,126.45014514276112
157.14002685481282,127.3244371932475
157.1238451751282,127.86301597202285
157.22548168044506,128.38824707667118
157.40107214932067,128.81239267215358
157.40262952670196,128.81912482208264
157.0988512446992,128.96125791629197
156.19491056290678,129.0034897766219
155.1304607067108,128.99285015216208
153.5305967102131,129.14585418638362
152.81323836028037,129.39691179600044
152.71563180884868,129.5301425515351
152.96611565331554,129.73961185733071
153.04459491878563,129.96013784791973
152.30480832354888,130.30525789097845
150.82889106973758,130.32390457782157
148.09223043052455,130.08258454710602
146.26717400993215,129.9279227906543
144.58092686410734,129.93390310272898
142.0867285491328,130.16704699940925
140.66939896964323,130.15252675391915
139.54967095977523,129.98853520981768
137.76100481415668,129.88454831376777
136.5496413647765,130.15735367129898
135.21472135553597,130.7882798166333
134.8362631362371,131.26904866774902
134.61957602647382,131.89957894044258
134.3996529747852,132.63155157949632
134.1891103943637,133.03306258093016
134.06348156132293,133.29971101323497
133.89028963867875,133.37921770266988
133.6688733956069,133.39732251931918
133.41783328836104,133.42228550555814
133.3126705121741,133.4534789968938
133.28387031556787,133.55159943995884
133.33834767334514,133.63858976515192
133.43173622499734,133.68762379010866
133.60945981666097,133.76060139462336
133.7653014028197,133.79847143898576
134.7603822548798,133.64847616709028
135.6337302393694,133.57685095233086
136.65596324019796,133.89886722705828
139.5744560262322,135.27158871187976
141.93018062358362,136.55967932408436
144.0273029363035,137.79783113878105
146.62902087434375,139.34941453057124
147.3849906147193,140.1577260941848
148.85490949619597,141.70702514822298
150.26506353537664,142.95226909231923
152.5650821749044,144.5054800265326
153.74865907630542,145.1253500220442
154.45711863932888,145.39333445046395
154.78205524435742,145.30095871922828
155.0438878610272,145.08843802625523
155.06064653092665,144.80197809170207
155.5451511474245,144.55345190038065
155.79520968755455,144.38142153524643
156.19049886970265,143.93092448994594
156.52958048213983,143.5693170457466
156.80940295904037,143.32793749296673
157.44852970187435,143.2460165936083
157.88784127292826,143.25519524879996
158.70632726310328,143.19251490681006
159.09499933499166,143.08132222418112
159.30687425760436,142.92555723909916
159.716877133384,142.66662091377052
160.03470964794602,142.4869773989771
160.2352770393422,142.24777366912332
160.35995715356785,142.02537567713614
160.35704625243318,141.85465249429856
160.36265683679073,141.43972485484457
160.4242039983806,141.1140359311355
160.73918654036905,140.6854583420386
161.04056250768235,140.4485825960855
161.3432391070669,140.1809287342905
161.67954788412388,139.84519440024985
162.03633268641173,139.48417765674427
162.22864607731861,139.15012949234563
162.12013177058617,139.08936692391973
161.82406772025897,139.0513584574804
160.8341555977607,139.20786140074333
160.10339633297292,139.31253218764
158.8927631202507,139.38948659383385
157.90799951038392,139.4886277419022
156.7767534278789,139.61920932296468
155.01336255353056,139.88902067985444
153.63690533506883,140.05392071918578
151.66743881018695,140.3136188210093
150.1208175233922,140.4458769003581
148.2713275375276,140.6351942764477
144.99068936197574,140.82758827077072
142.5790912951408,140.92526580027135
139.9830160818694,141.00486117406186
136.1107469547821,141.2727483618035
133.2647514777544,141.59894397982197
128.48880642871842,142.07362300789265
125.22677297285648,142.2013948691304
121.56737984167394,142.2761448541266
116.53568714302402,142.08807792324527
114.17261005410957,141.52051616745158
111.12809045190372,140.37925964560964
109.16973509855455,139.6657970125408
106.99364890756213,139.1667993104712
103.6617238582598,138.83715825194736
101.82033217223399,138.6456207275416
100.14467943298253,138.37369514040225
99.13959756204297,138.3622665668095
98.29155382857049,138.28789990776698
97.0631937552203,138.25399864436216
96.61102357925022,137.9459208864918
96.28567310262746,137.0738701227973
95.49523086118585,136.6010141514916
94.82469756687318,136.15474521558167
93.75027174042398,135.90453444950356
92.85524396946614,136.1661852972609
91.60239533388554,136.8811839951708
90.74043367978449,137.38352294130272
89.70703383219752,137.78013803951927
87.68874636582126,138.0379000743823
86.1569543535433,138.04051687696827
83.76930736244506,137.94278414103601
82.15887044758314,137.82696868216541
80.44970402778507,137.6795884686578
77.88767264551696,137.33232593306033
75.87988336621862,136.94551196547883
73.21394124917497,136.38801325250637
68.73643700058095,135.71375955724784
66.30387144244993,135.3617435335102
63.473601548471166,134.83399867284996
61.654842035117014,134.7107399508901
59.68922337429417,134.7579688786731
56.412085419685155,135.07216519233333
53.948604013476555,135.19814909579955
49.65398941830196,134.72458583685824
47.4789925719119,134.24214165451394
45.41950109149769,133.8917114576321
42.79574595660415,133.44602351450555
41.406421378316594,132.97573540808546
39.19498891043713,132.13567662128366
37.3243713411336,131.49820115123774
35.019976120916965,130.8106447085615
31.41312848525928,128.86777670527488
28.964320953891587,127.82355017654541
26.086904648480186,126.80405591180036
24.740401218073202,126.13772233876759
23.66542651868272,125.5676984530949
21.883269426864217,125.57351142270417
20.472503447215132,126.25036754578245
18.043272919992063,127.40575096062855
16.244314214972803,128.0824449014712
14.597441182440036,128.3987864818745
12.437869595191927,128.7092404856568
11.497303610221337,128.92654419987957
10.774052392975307,129.0641052406549
10.207999955665201,129.1207560419218
9.260447664250705,129.29410003564348
7.6084221775379035,129.59315225728224
6.530625383694854,129.86367886655123
5.361264606255332,130.09550444985456
4.981192165916639,130.0871212151249
4.851775762254164,130.07715536313447
4.629897283704935,130.2683197104453
4.322653616421377,130.49088176116217
3.896771652230001,130.6825808240282
3.4493392281715387,130.7763723347778
2.8968064823311295,130.94736138601783
2.9356168666311646,130.89854947571342
3.145631953802365,130.82620972729305
3.928790608502112,130.57269981155972
5.134692299312036,130.3554828625131
6.109120303688087,130.33170767209987
7.933870711303655,130.36831899098252
9.569458995140678,130.60383711298172
11.852007913316356,131.14504132297287
17.172362088546862,132.56770815443903
20.71092173048433,133.5982819597796
25.678805941496307,134.72806637566953
28.584650928168486,135.20444916009254
31.088768860074993,135.5284084506699
34.55579667736828,135.66040329470104
36.75224095721953,135.57056795032642
39.826503610451795,135.56172688175306
41.81296098979058,135.6781587173324
43.773452184268734,135.8103878152154
46.57583802259188,135.87936676842003
48.277352591608945,135.84758210788297
50.7712905577699,135.69849765473313
52.434280176882424,135.60034914670564
54.17175544496432,135.42019311342955
57.06841882766021,135.0614180733135
59.13123893159535,134.83544344603365
61.16180710774344,134.62109266885363
64.17047307549691,134.40086839239646
66.25907141236354,134.1759144810635
69.68048376431751,133.81643809631655
72.1437170677687,133.60562824271466
74.65974503268261,133.47691018516576
78.3873131517444,133.5157830936571
80.70978885732728,133.60454978436772
84.04842942577112,133.59098604722587
86.16864280429074,133.4275051440244
88.25275859839869,133.12903962400588
91.52161005693056,132.6464055737615
93.78605663827557,132.29294921457023
97.1997240246395,131.99483635282482
99.56255418421412,131.88031158440555
102.03951704268917,131.69331083796928
105.87365405400291,131.2756110448403
108.4075892137709,130.8612477974624
112.25441718696172,129.97845553483378
114.70732829477024,129.4751343372453
117.05101440690403,129.04780122485533
120.24468269134422,128.44917782373707
122.20106422972636,128.2217377308455
125.34662620757479,128.00248058629083
127.54723969457802,127.80281818820646
129.83277143487396,127.49372412129412
133.07585174853526,126.93815542582189
134.82340781425455,126.67641526356998
137.17452461402803,126.3270910726167
138.63322848453893,125.97872268051805
139.96917087313736,125.67131509207196
142.07134539431013,125.18150785477096
143.53616780514102,124.76091420474118
145.87780529693805,124.0708368600661
147.4810620480654,123.56084426469596
149.20423689519723,122.52121317833985
151.83446590731884,120.21797555047874
153.49778793500087,119.02987481617286
155.1405330213643,117.85933469644155
157.6002190267381,116.5074370030385
159.29779704831452,115.71704057174986
161.76089173104432,114.37877995397183
163.46060663338164,112.98465902319634
165.25402832365774,111.27587963237818
167.63928085176556,108.51372050126218
169.1561693790591,106.51022066683015
171.375586992311,103.74460437421119
172.83813150302908,101.81717278549745
174.20519177671304,99.89614082704672
175.85481529538157,97.08008216706388
176.73459877958402,95.62609281449315
177.96229278062225,93.08351969836663
178.64766732908245,91.57975784275055
179.18700713655682,90.1594988357795
179.9178054299107,88.09261710479782
180.38406073454624,87.08782062547674
181.08920189482745,85.61402333886691
181.5406213492311,84.99063742341471
181.89394601030887,84.29630235039896
182.36851398932114,83.39564517466906
182.5478020979244,82.88536589367818
182.58482496625493,82.11040617782258
182.4688606264556,81.71464374863581
182.28980259709357,81.41852065174196
181.90258711609033,81.1544056884058
181.5351190127298,81.0433454858231
180.8101976930967,80.96135676218458
180.19202004361586,81.09601215384288
179.5269608488601,81.27345389106588
178.39680873447648,81.7829204405917
177.6555540328311,82.06622478883142
176.55306564960412,82.56523439387003
175.8063270808494,82.74126963000036
175.02601323625314,82.67506452648308
173.67279161970072,82.44778170706851
172.85148115030816,82.2887265079519
172.13448173133318,82.11238949512277
171.29984491318814,81.99956748943244
170.9356270011388,81.92755998124657
170.44003591675653,81.74523070329724
170.21456643313311,81.72522753217058
169.9519920575668,81.73324664288221
169.6352094808878,81.71664457489597
169.33907159578138,81.6259061815418
168.94689006996447,81.55916853627119
168.67849356984007,81.52049798988409
168.4375634277368,81.48845241210209
168.1076832871604,81.49445704720921
167.82093635930818,81.50038173929133
167.4555821957477,81.4721454491795
167.19052448083724,81.45568213913803
166.90087395666117,81.41492715962988
166.54260087077466,81.38325543216824
166.30949014634538,81.40572133970701
165.94634046586202,81.59111084465587
165.7327666793263,81.70631805021335
165.47938311637125,81.83512524704634
165.0980319296313,81.96919195568177
164.90993460007306,81.99290979061331
164.74907367112272,81.99534188042968
164.56802068072625,81.97348714731476
164.4532354287338,81.92414694156183
164.34652893889114,81.8238300268021
164.2952457536138,81.73868718597123
164.28019905966192,81.60593024372939
164.30794432070346,81.50984712966459
164.36095461672312,81.43751846855051
164.48289094601847,81.34972761915924
164.57045465700617,81.31419726009997
164.66414524318822,81.28206002368117
164.8146085212201,81.20405759156446
164.9023806464079,81.19880548913764
165.01781423761702,81.18808290394139
165.0698786158976,81.19436004814642
165.09898062690323,81.21016750640592
165.12173216117944,81.23330667264281
165.13001822284,81.25439488299507
165.18204832718632,81.28831948348655
165.25348902868006,81.31023154693034
165.3449850067699,81.31858636215121
165.55989622473714,81.3407028244496
165.72516673325032,81.34236251690973
166.02945100803294,81.29364839010367
166.20664527223644,81.244559993744
166.43759514071508,81.21039928742921
166.77871873886696,81.16904163808167
166.9970524759338,81.12152530922552
167.35596945494174,81.05943415314356
167.57637816817476,81.03693425597223
167.79479279043838,81.02101420772445
168.02335947196516,81.04320201633176
168.15344140334892,81.06153184548202
168.3420447911188,81.05910288034828
168.49111184325395,81.06087876074245
168.62131908761216,81.04572278975888
168.8478934783457,81.00632438334277
168.9776632469101,80.96338035538108
169.17233081345194,80.91839454069294
169.30412681591804,80.89187360669318
169.42628379544288,80.8739579731448
169.5655636689809,80.85791266543681
169.63859077825234,80.857884287181
169.70505371484006,80.86286813959168
169.74111766783236,80.86442331612751
169.78334454801316,80.84770754581274
169.8475636589184,80.86781646271761
169.88070319166496,80.89331360920109
169.89712598728775,80.92128250420713
169.85472895153336,80.93536053296413
169.81495131787446,80.91938463450936
169.75876185477577,80.88064318688694
169.73548056859232,80.84872342272993
169.72829708909373,80.81277339998877
169.71144586508177,80.73546655771484
169.7165021117412,80.66384091656023
169.756873289798,80.57227673260044
169.79624215622906,80.49362782154647
169.8368042450837,80.41553181671286
169.89911030909755,80.30919777848601
169.93280794267173,80.24741061650681
169.9677616683543,80.1687862032374
169.99235470445393,80.08454633993826
170.02212703264968,80.04899665741898
170.08016092360992,80.03543255730838
170.1044933187448,80.0334271240092
170.11013690931017,80.05501311946361
170.09067512543118,80.05434732726499
170.083204211456,80.04849834605508
170.06953619066695,80.04031522588812
170.06647233667272,80.02130142550514
170.05275094709958,79.99660607581639
170.04777065590807,79.98358459727643
170.04476621568912,79.97145118240597
170.0529178322301,79.9558044443657
170.05738738007676,79.94649475086148
170.0410115450489,79.93383293437341
170.03436318498345,79.92945899971824
170.00570515885866,79.93365687160494
169.98575492903228,79.91881223992849
169.97804758316352,79.91568593972252
169.97859528050995,79.93922603048364
169.96880257791216,79.95905992174539
169.9426505779684,79.9705262538871
169.91652143806664,79.9822828359054
169.90820952884755,79.97911082644433
169.91300607946425,79.96751522557024
169.9319100967219,79.9472666094655
169.93901262261255,79.91211285040835
169.95624099517644,79.88218855340804
169.97089295529847,79.87217292817284
169.99518291534557,79.8841128957613
170.02167291157247,79.90240323448309
170.02020355173846,79.91918464032186
170.01873577985697,79.95929507651607
170.00570806157745,79.98992040972406
169.9987636687724,80.01624910882052
170.01288333849766,80.01011490486573
170.0272950242992,80.02209911316115
170.04001933191887,80.03576929136548
170.02621002672763,80.04138215580858
169.98228359404314,80.04124687285281
169.92220872250806,80.04187393465146
169.89962141157233,80.02831035117691
169.8693020345038,80.01215283105985
169.85663089776855,80.00461168082418
169.84484646587612,79.98725878327468
169.83463314957513,79.94618221149426
169.83806921248024,79.91887370953366
169.8523938431317,79.87316614363522
169.86524948041296,79.83424781689406
169.8770777805325,79.80156993790085
169.90020468415477,79.76395866104578
169.9224507835401,79.74425097015555
169.95261631399222,79.70202067342741
169.99310285939288,79.67570426559347
170.01651757323745,79.67563494165367
170.00807870808742,79.68891956555687
169.9656285566244,79.69639604369708
169.91527352619127,79.70096826644007
169.8892259597232,79.67198359191967
169.88834519473386,79.6477429530536
169.91678815490502,79.59662269749262
169.92789975667176,79.5560745640564
169.94517987156442,79.5243799149025
169.98409136864865,79.47347753450723
170.01303871542706,79.46061232768488
170.04873909518568,79.44220382014208
170.04780620874138,79.43298630179612
170.04859070685166,79.43853662709374
170.05952079192198,79.4682972961713
170.06902969116322,79.47121114454357
170.10830981015604,79.44799077460266
170.14698770243504,79.46303440529297
170.17255419285453,79.46249156542541
170.16818539115636,79.4629137107594
170.1245316910806,79.47196484382323
170.09618653428942,79.45671725390885
170.07579652251408,79.44435351149443
170.06915193107855,79.43097034830427
170.0879228420471,79.3840921358372
170.10369187792875,79.3575580717647
170.1462017578928,79.3222406742424
170.1760969612422,79.30841475906196
170.19891902719593,79.29198777242478
170.21769455603243,79.27972376064847
170.2301688449811,79.2789734132292
170.23853630119794,79.28781787285328
170.24772386313313,79.28712192674534
170.2473237543862,79.28983423732777
170.25819658212248,79.3440028474579
170.2536894200549,79.36667104720004
170.2334891966531,79.37629605284341
170.2008294790469,79.3910025792313
170.19706202864032,79.39634197407004
170.22063668336693,79.3988055910037
170.24642378133058,79.40138251801895
170.26054690392868,79.38821417538462
170.2706659766365,79.35061005116277
170.28332761785677,79.31825427328565
170.3199089446907,79.2749255286871
170.34025381260568,79.23541847131028
170.3533797043386,79.1959783304192
170.35041225765536,79.1386371798107
170.35151800495078,79.10654307382126
170.38300585553097,79.05682471678298
170.41462147959555,79.01404787744754
170.45666958634456,79.01415059691998
170.49624215210605,79.00291272018264
170.4898134104304,79.00720316153715
170.41899290154433,79.0206729238603
170.4076348357368,79.03164204483167
170.40085006656702,79.02244570168801
170.42495239445267,79.01355408179322
170.44533138211898,79.00118833998528
170.47263676243364,78.98858885294014
170.48455422378152,78.99166243335134
170.4942049974569,79.00121039444862
170.50978219721387,79.00876954541393
170.5171124328616,79.01225957406785
170.5086158894254,79.02454654489327
170.49645492433774,79.0380556102877
170.4943845945155,79.05796903456584
170.50565605305408,79.04113872116426
170.52269629784803,79.04129414244062
170.54385102103726,79.04481009468458
170.53248795233412,79.04663223168043
170.4876184210348,79.03796435398186
170.43358959369905,79.03375645218247
170.43356280517193,79.01188093210145
170.4344411954804,78.99292309777753
170.4534112368993,78.95754983515133
170.46604721344917,78.93103805357939
170.49883794226702,78.91135106812335
170.53767963630415,78.92291701459273
170.579586308536,78.96227112919402
170.58890279588726,78.9881220146063
170.58391891522976,79.00347761686265
