180.30468306838574,89.2798696917365
180.31494502580296,89.34427176530602
180.29464771365596,89.3536825952404
180.25301726812427,89.33947356232488
180.22714554844137,89.33301234497169
180.20644984237288,89.30324317530321
180.19686447153532,89.3195448921612
180.18234330967772,89.31608120824994
180.14344030090535,89.34927011079873
180.12069885020736,89.36556299679002
180.0699141246258,89.40118837915209
180.0390797333785,89.41541013701905
180.01123229775843,89.43652318133313
179.99237433910375,89.44354879236037
179.97764065791208,89.4325810871511
179.9793800951644,89.42911793887173
179.97921455788347,89.42567215377579
179.97923217419134,89.42720482013371
179.975342819474,89.44943592603344
179.9676406694011,89.47401217343948
179.9452299785709,89.49846568462955
179.90820411155434,89.53333098694971
179.87704116811554,89.5430961716938
179.81342097180294,89.5537086642426
179.78773600115184,89.54372377310469
179.76469932579326,89.59935271258533
179.68322163968304,89.69372503923074
179.60159505981667,89.84172302101203
179.21188018771917,90.43083825889686
178.8287287929231,90.82363800109772
178.19124969634655,91.41041591909789
177.09756337874268,92.42905797255484
176.32703788735282,93.13961467666836
175.26658249924478,94.13053300426974
174.53618500679838,94.83684263993383
173.87109488173826,95.32290423394002
172.7647696682041,95.77235553984329
172.03811027717472,96.00973178362456
171.04554473246702,96.3385178973302
170.4176256592333,96.42705511592287
169.8666072591228,96.52428758091828
169.3134832834621,96.67788423369522
169.17515140984906,96.87384254299943
169.50604015805524,97.12378636706674
169.9092980971494,97.32339191771108
170.4336952194999,97.48360464203257
171.3479211961039,97.58219256972781
171.9505783675219,97.71335693441053
172.8116229731072,97.82511544087978
173.29010253823554,97.9010710897916
173.6764754438804,97.93213216720038
174.1354614491769,97.98660766584418
174.33697050343594,98.00027925237877
174.48118771196687,97.93206699078746
174.53829720697252,97.91904688127286
174.56680218584293,97.8898199353876
174.552095446034,97.84124589246525
174.48744642376437,97.82174465878049
174.40425481311894,97.80094475838433
174.277854570971,97.78149440535712
174.19991515117692,97.78433540294787
174.10224084616817,97.7858011542364
174.04780407391365,97.78330190167702
174.01054895547355,97.78202652421031
173.98775463918363,97.81451921568109
173.94964220049965,97.86076225945509
173.8617798209373,97.90921797404496
173.77661243648527,97.9377081814618
173.6826833714606,97.96453635846422
173.56244397871555,98.00866560399884
173.499240151487,98.0227171945351
173.4317707657161,98.04035172289979
173.40802666066966,98.03614269924903
173.39470165109142,98.0459574815203
173.3787003793153,98.07937226720234
173.36001862275688,98.095965001878
173.31360370831743,98.10608491740673
173.2761457038605,98.11456624606325
173.22903985858457,98.09805074833291
173.15404002130435,98.00003754807025
173.17481173143216,97.85658474750903
173.22446709829256,97.71613878339086
173.3167758275572,97.49715439527998
173.4460646346646,97.25505472141204
173.746271398117,96.84146991523568
174.07198409453255,96.59141846356756
174.68926588244673,96.10195625125213
175.22334599029165,95.78502991946233
175.75074185313426,95.38135065715413
176.35445448731832,94.72786493083817
176.63640088330504,94.33675161256886
176.82762469469114,94.0910916124399
177.10456387327747,93.71692056233357
177.3085766742164,93.58432436902761
177.73439105509655,93.53228996566433
178.02542886907324,93.52093428598535
178.2930253014692,93.465946720596
178.60200452631392,93.40587598350716
178.63339903633968,93.39135486150623
178.6922860023391,93.38035376879661
178.72700518175512,93.36020999014865
178.73064890099764,93.3580020004667
178.7175012359403,93.37110118910051
178.73178002041118,93.38692572959249
178.73647871331434,93.44323786193524
178.7052651881713,93.44670993509455
178.65324192145172,93.48380871033481
178.5163788061243,93.5432077488896
178.366616496227,93.58037050441317
178.160373593784,93.61296955170754
178.048977857147,93.63356972669395
177.94510886752636,93.70544404519097
177.82292050379138,93.77494030817482
177.73032835261682,93.82975246350922
177.5976620914885,93.87014856244554
177.50957075753857,93.85813317901227
177.41290504543457,93.84672002265381
177.3227980115094,93.82950888719289
177.28897996079345,93.82755828988519
177.25080739149521,93.84556121004715
177.24171503117876,93.87142540474188
177.22780229509056,93.89886644708119
177.21543900203548,93.9151338977628
177.21340307254772,93.92628905448052
177.19547688390782,93.96767658377762
177.19915219532695,93.95694016196575
177.25263301831396,93.91104222047507
177.59083388489861,93.82037207109256
178.2694973917106,93.58345843450077
179.1488052733933,93.41578435606222
181.11100620241385,93.07518438814171
182.66886551140274,92.87803757747156
185.26899686154454,92.63694757752502
187.10024100750033,92.54545087042088
188.96757048935936,92.4521072370899
191.76315784006965,92.16814564734763
193.57959449199504,91.82017578018586
196.2148370510391,91.42993582801539
197.91192484694662,91.28210765875438
199.45292867830207,91.24821345891078
201.37710399465718,91.25187456566911
202.58907765365757,91.1237894290483
204.19149355839545,91.1522231055098
205.18562824244856,91.12810731308157
206.14844827802625,91.1776849740078
207.38393174375977,91.28294693899812
208.06847492490155,91.28102089655303
208.9201351543405,91.25998128975216
209.65363407423607,91.3442049914589
210.4899765895134,91.45627859161571
212.01667375800193,91.78824137503779
213.00904900159617,91.97711732753976
214.5391937863973,92.08993290007716
215.63703622931203,92.25252637968894
216.9304122027111,92.45120315637952
218.94789594996192,92.74755753535355
220.36146434319252,92.84825907416015
222.4237184381074,92.86381569839537
223.71888315812626,92.82825440046314
224.92469561414006,92.78326575202888
226.44882149919033,92.78010431555282
227.34887129323636,92.81982248519948
228.17334179480832,92.8503515508237
229.32640953833032,92.84872340747667
230.06116712726927,92.79468030397501
231.16105245143171,92.85038530955428
231.83096593203373,92.87596996528556
232.50816973163168,92.86761527938125
233.33178594997983,92.92007427745591
233.80415013573904,92.86847403504485
234.3780493241904,92.8477541830578
234.78921126138937,92.7909954895753
235.22813889783654,92.77947637293468
236.1269554771768,92.72633953949536
236.8515319180145,92.72580139432365
238.1630184402191,92.63841877205583
239.08989444779849,92.5810856490387
240.05022937204546,92.50961995083449
241.4844668892014,92.45526647760782
242.40891744840468,92.34220756829055
243.77297646207194,92.194065872817
244.61063190119864,92.07200244454606
245.4209435815787,92.00446529609381
246.4467641921908,91.94751682359991
247.03229616321133,91.91503157087455
247.50762865766876,91.91392221540033
248.18197191791904,91.91820148894799
248.67149770339688,91.90867953030265
249.45858430291975,91.96267652323812
250.03816705147227,92.00562279748657
250.99196689244658,92.12581243071497
251.63287625308544,92.30562167315527
252.23206710936944,92.42297336608998
253.11365080553557,92.52108864127621
253.63186901448756,92.59076863001818
254.24506590027693,92.60780690992785
254.59872375554676,92.59634762489199
254.77416276549292,92.58059995932196
255.11803220864482,92.43236821383074
255.38329639560035,92.34703769756865
255.85241079511232,92.28690794835367
256.1523309445064,92.25665848519955
256.4218954186378,92.26239553222295
256.67014043344227,92.24779450216465
256.7524647930643,92.19867640511676
256.77943574478945,92.13925041212919
256.71122683299586,92.01832228176133
256.6186544173239,91.9642264359591
256.47754678120396,91.87619741423474
256.41957679938855,91.81346252485218
256.40760132314176,91.76296484181083
256.4697145999783,91.70570570192315
256.5265620285576,91.68269631283275
256.6585373591359,91.66214779332044
256.76171135727645,91.6499596763702
256.8748774225185,91.68204815178308
257.067433752859,91.86544498359245
257.2127445426199,92.19009821460462
257.72163699828985,93.11697284664984
258.36288368267395,93.86651549703238
259.19609044428546,94.44220829025284
260.44408216533816,95.10124631213648
261.3773389116734,95.38897305909049
262.55123646519166,95.79233737453731
263.2250164334448,96.11258758449702
263.76343455135935,96.35571873680831
264.31607469069,96.51442243903728
264.49637551338026,96.6353521735609
264.6698984011987,96.72293462639915
264.86031735660225,96.84863365043677
265.0962896005381,96.92690107329919
265.38411436221327,97.08623644837655
265.51518346091694,97.05304220801543
265.655064754788,97.06452693760275
265.84137785108686,97.0606863566394
265.9785657396909,97.10003420079059
266.09093874081714,97.08499361812116
266.1469608322868,97.06425966585476
266.1809577626266,97.03707258545387
266.22099937937037,96.99677984331387
266.2223881333818,96.95625208236609
266.137229219194,96.81297249496775
266.04375008291436,96.70627921930803
265.992414335864,96.55998299783106
266.06199033125927,96.42364709357224
266.2788078529777,96.31433556052941
266.79342453345424,96.07669393690679
267.1393507793532,95.94859962590814
267.3701126224494,95.84537659128924
267.43534621884385,95.52882014423565
267.5928789690031,95.20993979733603
268.0471316746711,94.77655021576817
268.40766688960605,94.46780650139206
268.74913044458805,94.21223898589874
269.0938300176414,93.7672843930604
269.27093150874794,93.55255223519289
269.46221895873396,93.27223752782696
269.52113399489826,93.13757608608957
269.65685897901193,92.94020031335421
269.81407167380087,92.75816253370492
269.8981226056422,92.61570296904921
269.9054375675529,92.5277675631167
269.7721423725436,92.48907496471853
269.39202283564714,92.38761270543556
269.12037157817906,92.30318549402452
269.09239653453375,92.28017195395229
269.18396173394666,92.2469122358712
269.34938814484883,92.25182662036926
269.4662610946186,92.23131214742435
269.45067552761515,92.23254791782557
269.31119383513686,92.1796850718184
269.14280615604184,92.17375094146553
268.902322932306,92.12961469112079
268.7662016435987,92.14480842171902
268.2532544996848,91.9236026363471
267.81405200415327,91.77283089777151
267.31442437859005,91.59966783096068
266.31126489106106,91.46682389003946
265.6316489271135,91.31660485996797
264.5851954651589,90.94935068845416
263.9371740773849,90.57391329972006
263.3558842280108,90.35543018831957
262.47907568300343,90.27602103777984
261.9092396455545,90.24966020502326
260.8520524713342,90.3072732953431
259.9703827891,90.27155238349236
258.9818630269814,90.22963450393273
257.29456349960856,90.08486464430064
256.19827305136585,89.96766589058711
254.5391066449751,89.71775555257261
253.43274767127804,89.64448200077035
252.3076742538949,89.55329343523915
250.49188423182386,89.43251934840417
249.24242547640097,89.33990416964389
247.42681051871944,89.2944284598606
246.19246658531074,89.29603850368287
244.98186974200127,89.325917120139
243.2614115925897,89.4370020789337
242.215549691224,89.48627099855088
240.96616615083565,89.57633694197409
240.16802259631248,89.66636533704192
239.33283302028588,89.6312103726592
237.93985992582708,89.69186814137534
236.90059521744763,89.7416225999142
235.8742075638556,89.82298147174124
234.24643822437213,89.93014383729219
233.2056427719242,89.95526144774955
231.6535183563708,90.01549405666506
230.59786182789935,90.03854228020096
229.48591783149726,90.00420085092723
227.62171761283815,89.75434816952671
226.2985246267806,89.55697718361537
224.05046905261506,89.24993804943443
222.42351370991665,88.98140477406278
220.7563065556934,88.81098176379116
218.01038347503473,88.61393728919873
216.15605294341623,88.49157917404311
213.27993418796416,88.25216697382213
211.42812085806844,88.17956920512307
209.47188833793012,88.01983345255866
206.656803471802,87.83269823238928
204.78125113555396,87.67970024526171
202.21658178678481,87.3546471649551
200.58825522619313,87.36252117806998
199.07467995443199,87.26221333648081
197.0546072995038,87.31202581217882
195.89971184336179,87.35287624066304
194.29174638876736,87.48081487129954
193.339563993955,87.59377466086059
192.31467968627723,87.51010994401524
190.80228415936804,87.44173233402353
189.81041368036134,87.43510801842417
188.29031112265287,87.48032214176499
187.27692085764758,87.52910673005553
186.2452735065575,87.4977709262423
184.89028866388227,87.47508225693548
184.06906643505513,87.4808172001037
183.33508340132886,87.51757935054418
182.40912455465087,87.58285200803263
181.86157285992738,87.70327644455648
181.1546911732541,87.82184536588953
180.74891569022085,87.8060314094865
180.39020589056065,87.84854665765826
180.1515775670606,87.81876374959057
180.07793019277398,87.8166937051529
180.0018884130478,87.89558783928986
179.98729348434998,87.9551682183279
180.0087621895204,88.03379651497347
180.04164171657717,88.12087930955009
180.07090970148903,88.17184044131842
180.0804360188472,88.20338044397242
180.05967600389152,88.23117605423023
180.04251442291283,88.27078464078834
180.0209937814612,88.35742480577566
180.00495835521605,88.39965605027339
179.9301043337275,88.41865757315058
179.815121092121,88.44478334302919
179.5921803826105,88.54141051440519
178.73769780055966,88.65532822482733
178.05640544092535,88.83482359271395
176.31205523003467,89.14781637439442
174.11600232118647,89.28951650633653
171.26677748637795,89.23028639988992
165.91675181515845,88.99256675306344
161.9712198643066,88.90668601664724
155.7497395014511,88.83647083674353
151.5034724294751,88.83019188281695
147.33123837639934,88.86044856553148
141.81665269767876,89.10623894009251
138.66155736245324,89.38469067431669
134.80944274578843,89.78593574595735
132.5710699151973,89.99907457002843
130.71734792182383,90.34606184456935
128.06315053654157,90.56054174493386
126.6766410663457,90.77525978319785
125.56571713466664,90.83019042654234
124.50787542045123,91.00701171611126
124.00041822147978,91.20287311982027
123.41910857177288,91.59198667050075
123.00723288706837,91.84750824933775
122.6216412848357,92.10906627544564
122.2004698444556,92.424170435822
122.05763228775098,92.53057542793327
121.61963626028137,92.7932530528491
121.37734076359112,92.90957221341323
121.04104571763958,93.1339361700435
120.42550149251849,93.48506843650253
119.94899362384575,93.58860481173575
119.26674880978595,93.68722289243503
118.93533567479204,93.69692240373965
118.74723015566158,93.71391315012525
118.57929230343967,93.74547615073219
118.47869812913166,93.82119872450959
118.33541038229865,93.79378981761977
118.21975600948083,93.7496169862231
118.05087622896767,93.7737570774591
117.81857390232258,93.85092608920637
117.63874258302204,93.91082522350469
117.44601723414263,93.96456017137933
117.35800969354565,94.01892439191342
117.30870867890806,94.0455036929175
117.25881891060189,94.09000985171318
117.25755678083611,94.13755565214893
117.25170184315698,94.17342737397932
117.25829942753072,94.22038640463005
117.26835725357125,94.25879919485482
117.30312802529278,94.4028366102323
117.32936673179911,94.47485762331415
117.32576431466617,94.54672804907288
117.28958541493832,94.64287802917448
117.22469934666748,94.67138841972293
117.13196748600848,94.66270956975082
117.05003229822853,94.68343668227624
117.01060523143218,94.7325848634644
116.98706605912241,94.74421545332977
116.97814360567574,94.73933842383504
116.97173646960832,94.71991016013565
116.9507436558122,94.71897895727629
116.93563958248629,94.72623856869087
116.91993513304291,94.74112388850106
116.9082430463053,94.75519923378157
116.9062685901985,94.7727983588721
116.89794165418719,94.78214458928184
116.90395716615322,94.7958295254523
116.8985490862799,94.80257339826974
116.90130330127658,94.80885112100744
116.87610788788982,94.829530064484
116.85694003290672,94.86248870085262
116.82144766037632,94.89524028968017
116.77589094555638,94.9461578169997
116.74563618706904,94.96531781269782
116.71217292279769,94.9932109756723
116.67071178019819,95.00866449595173
116.60889554931985,95.07265503746268
116.51351007703158,95.08285358626925
116.42214357021473,95.07922980666848
116.11342918272348,94.99670958491352
115.63999632582508,94.89975806140777
114.98253554260106,94.78570633820279
113.54179640462655,94.5725610929461
112.34556528284004,94.43619368119955
110.12224288131266,94.22726360653695
108.32642550277589,94.02247686760413
106.39418785068447,93.74069281153675
103.90322482750005,93.42804252774275
102.8358525784695,93.48334810497393
102.08503394209896,93.58885774628635
101.18186524759689,93.59145131922098
100.38131725907067,93.83625681144073
98.88449628216054,94.07749778814978
97.83469182382905,94.1798525148444
96.79930511960973,94.37011938859361
95.23526066044491,94.45788790913204
94.03512178486798,94.67932225965266
91.55292531961669,95.22831667363222
89.66371464018054,95.59885303492395
87.88738495370023,95.84991499451083
85.97259007864656,95.92770646093177
85.13016604127944,96.1833766956397
84.22631662650717,96.88540225402642
83.49364030910813,97.67876340231278
82.9788216117344,98.187263775114
82.34500781027776,98.6391153714812
81.80900631145968,99.28862971727278
81.1266957464822,99.8836820634208
80.73351249511809,100.14978753926113
80.50108761108176,100.24886221116182
80.27304162574966,100.14257226576153
80.15978803432893,99.99412624939875
80.05221698732706,99.75797517421964
79.92316612099762,99.60964011789478
79.60061280771491,99.53149954800278
79.27406569040237,99.33133746448713
79.08865643044169,99.16650970876638
78.20959624896196,98.93303993592302
77.04563310637516,98.36721513548977
75.13144013322557,97.57172174092624
71.4642316723083,95.81058211899662
68.84068050236843,94.91978678778135
66.51830392134887,94.25906573056403
63.99644372220847,93.6315416469056
63.14198031577904,93.6008941873968
62.63956881376701,93.57761440185287
62.6370565101458,93.64330432211231
62.88542728689447,93.4589196320246
63.35014367383016,93.30696026096786
63.67975289016722,93.29539603912437
63.99021198399198,93.21052204526863
64.16226851639517,93.27614493944698
64.4031215253731,93.353077480838
64.86805214753093,93.6735328884987
65.27482765432357,93.85879472039117
65.76446517917654,94.08611939665306
66.10465603962396,94.27250114721289
66.24034673393243,94.30097236182368
66.37380869632939,94.31739893362796
66.47783148388798,94.23195721920668
66.44031074164113,94.2202850393892
66.39206522068639,94.22128218010519
66.38041512487968,94.2522798529845
66.52672862859721,94.1708222130134
66.64975289794619,94.1798031953536
66.87091204459942,94.14496494357931
66.96723591575892,94.15819582639045
67.14292460237758,94.16550694392053
67.43320192994834,94.08218148758395
67.50746065497223,94.10108754076693
67.57046506108892,94.1606730823495
67.6040837768315,94.18643237502086
67.66445037521379,94.1756485863297
67.74518769216358,94.19407621506122
67.79074872307459,94.21344617263877
67.81594913780994,94.26508228499237
67.89016955029199,94.28489187520607
68.01994177965283,94.30511658753451
68.85917144323997,94.26357924282024
69.84759651606147,94.172645155353
70.98617914150553,94.42973304718618
72.9754104003255,94.97452181704922
74.2327501781883,95.5506061304423
75.8931299407395,96.07777701707509
76.75064773074378,96.60044431171742
77.5014016727308,97.12393218287755
79.14069775267141,97.57061913573138
80.39897445232026,97.96780375250663
82.43091974799877,98.75178416894467
83.67282271646347,99.18339455176454
84.9077977090255,99.6154304508583
86.49437944358121,100.20623991957127
87.52523120461379,100.45693701062159
89.01888541456938,100.95874563767532
90.08783956970554,101.1182662426167
91.24269524160631,101.3670054140389
92.42077499168815,102.11601981204215
93.41283272751164,102.38799017445807
94.89213883325058,102.29229050895991
96.06108447984921,102.29205535029313
97.08214599071523,102.46356992151684
98.81934899555542,102.85041532849577
99.82365767656621,103.18464460353567
101.35511110229993,103.48792704075785
102.18516769096055,103.59843607988593
102.85069887178085,103.74097585558482
103.66830976059705,103.6197409718755
104.29966606585629,103.52612369008567
105.2071209441781,103.37268770739415
105.67740051352703,103.33229933029025
106.10459905165274,103.21247365461272
106.70427788291282,103.06939374976689
107.14747076248905,102.91976524924092
107.71710406627054,102.85270123683969
108.62967605644376,102.74236637722511
109.31560352579204,102.71009505080596
110.1602193444495,102.71406511209501
110.72084820968047,102.68993845596302
111.03622840477605,102.63740004649372
111.49284572960994,102.70814410367315
111.69364303682265,102.72746299554497
111.79847660263317,102.85650497913782
111.9230492606297,102.96068225468181
112.0083917424736,103.11004496552971
112.07921755649052,103.16746273543501
112.13978080544724,103.20521273625847
112.15139311010371,103.1321857837483
112.18633749605857,103.07853902764597
112.25160819548096,103.0620312020497
112.46708269553316,103.08028589311364
112.60503579906643,103.09786228058606
112.87172670364397,103.08262185447757
113.01591592794789,103.0126584253077
113.15687190786909,102.95619864857079
113.44273624288203,102.80396370310339
113.8128303791385,102.60243557189372
114.3052032864384,102.2959409070683
114.66828048306243,102.16612022444289
114.86148232083298,102.22433103686348
115.45842631624788,102.17500922500383
115.77208268130018,102.07222052321876
116.0593353394603,101.9074425359299
116.08893724061505,101.83988224381582
116.10428068825931,101.74427916651145
116.06840019297258,101.6241499464457
116.02895057513038,101.56408192204273
116.02117735298074,101.50216479650524
116.10314140236369,101.4139493743297
116.22010376277035,101.32428686410638
116.37782176794641,101.19830060692955
116.46607140670312,101.09644388923753
116.51786621613331,101.05142840261217
116.58339114036714,100.98979567126531
116.58667506343978,100.96047790801718
116.51700655942483,100.90671860999774
116.42794845888454,100.91216458478397
116.38210164120898,100.90322959376024
116.27803069712067,100.9427447229092
116.21925342292855,100.97324130149984
116.15657400935945,101.01072893119793
116.13528041907698,100.99510522915497
116.13073964547168,100.98165976425305
116.1215833725325,100.95808752419978
116.11550419177743,100.95924367075361
116.092773837058,100.99321328584615
116.09707789028545,101.00617479942541
116.11844190796715,101.0245903109189
116.16633023500029,101.03903458478366
116.24305908077363,101.01087534729662
116.43844702526053,100.95834700400823
116.71564066791974,100.87919430823915
116.92511681952966,100.79194908099849
117.38292882152697,100.54785113087637
117.66718044994215,100.37714115809642
117.94368208563554,100.12860652263761
118.22085395074194,99.73647814341177
118.19952908613118,99.40242488347025
118.13114062368857,98.92368608244159
117.89684229371287,98.97499054358994
117.63643471532578,98.78912121530743
117.58339185370284,98.52121727823325
117.5171370562955,98.11670828029303
117.58294570751059,97.54548778292222
117.57839514377545,97.24270883453976
117.6136826879048,96.98338666791543
117.81662955285609,96.84404368496702
118.00944627704463,96.77614554341889
118.35349925576705,96.79913213363054
118.53828404730793,96.8275528785091
118.6671896648256,96.88769247714359
118.8414988386691,96.91976660409473
118.96561826986093,96.96869990880066
119.18783341497284,97.04997337347095
119.45818706627435,97.03118552495324
119.86477139825018,97.01385864885496
120.75955846390872,96.95212006848288
121.45336355404649,96.98678953599503
122.62699420606208,97.00661829567487
123.2667604666826,97.14640430041938
123.94705702593825,97.14921611205571
125.04604410840895,97.1814587906424
125.83321876134627,97.22797206486113
127.1057798800934,97.29385722777158
127.94269757526806,97.37445437953492
128.81638008242686,97.32236319238723
130.00943122336238,97.27884422860821
130.94473062594486,97.2168366678134
132.40055016022276,97.32217260330518
133.56297533213905,97.37199439223161
134.9954399690224,97.33717888768967
137.6745777569538,97.2238614250539
139.69561810602798,97.3228416699576
142.89364096436378,97.39519206863207
145.156280354317,97.43941015516893
147.49466581845593,97.48725319103427
151.0833043084389,97.49467293472172
153.63241413279795,97.49032446947292
156.17503732004423,97.46472531747972
159.8077756182508,97.44635237846929
161.99342314208684,97.19476449647037
165.0948310209239,97.26952181045621
167.07370406957844,97.54679199638075
169.18110669506996,97.88525605920728
172.17544616112102,98.26568853167132
173.73105396703937,98.31460534378711
175.39046382507078,98.4631642115215
175.91083539755329,98.24316640241972
176.11024958222492,98.03515185457142
176.14539086850652,97.72460111076154
176.2039321346735,97.59769025342794
176.44023319691075,97.37000517415369
176.8010823967625,97.29102405695619
177.27838882961927,97.13203487438051
178.01166009214904,97.16670900038329
178.36586370970923,97.12140470040113
178.68487848099306,97.24557669164712
178.86548323366642,97.32968308282359
178.87206284663452,97.6923123247141
178.7120360418979,97.97539375810864
178.6724762969437,98.03948671195799
178.73936840076686,98.19219407144071
179.05084746795652,98.3187147107686
179.5166650115667,98.53621280418923
180.1146908640924,98.59208814884902
180.31443883279897,98.73520759190801
180.43468332825117,98.75819725838736
180.4378661924515,98.82217810473621
180.38419556226012,98.86705067007625
180.31828743493713,98.90131112272819
180.30514485093883,98.95368398074083
180.2913135604099,98.98239131991065
180.3447961373846,99.09829639642778
180.40913316593534,99.16117992380497
180.52249169519675,99.25241489899263
180.66949440075265,99.25784231693636
180.862933233365,99.25295440034971
180.98971954757315,99.16139590116258
181.07452304096034,99.10674142339514
181.25675637082438,98.9076248765299
181.40903466842713,98.81061860908406
181.56151255441105,98.62172489597904
181.69520023530185,98.54347603437087
181.7275565278326,98.46386149777773
181.86432146874404,98.4024810568222
181.9873148495315,98.40917866278201
182.09509307022827,98.4098459771003
182.22505740502115,98.39559810216691
182.2957974875866,98.38766687321159
182.40342712996804,98.34482316614913
182.49904517860804,98.32052806254529
182.70234961267087,98.28129741496303
183.0297866973338,98.19834695204347
183.42419445278364,98.20896638180368
183.79974136402174,98.20655470819241
184.190778726657,98.24024342619953
184.75143503894986,98.18186123425289
185.85059734627836,98.39039151785647
186.94437639136032,98.44547216380917
188.86226723646882,98.46070238135674
190.276751325691,98.48699224119125
191.73955132178497,98.57862514891754
193.74566226497757,98.427712161297
195.05293378660758,98.4786967280189
196.91563137406004,98.59260363817515
198.00138598691296,98.6867408748096
199.05207899575618,98.77335913427396
200.58266201082196,98.8894425770791
201.43731603188735,98.70512210726952
202.29347822546345,98.65171930399129
203.4077202411621,98.53475589438433
204.14811884407524,98.35932282114034
205.26575474593793,98.16861700513475
206.12757718046208,98.15430815379827
206.74455672175466,98.10180656294068
207.83437429447142,97.86754084182657
208.46839982182422,97.99569124235668
209.3926056139731,98.18418136719937
209.95390780694362,98.36104524984344
210.63857397851814,98.38901244849333
211.72014983971624,98.61499276025934
212.3836154089645,98.64244810998504
213.20786328136802,98.68237964262873
213.64059410252224,98.62857545932481
214.13502619699034,98.62200261899288
214.84374773178763,98.78239894574907
215.43157860847043,98.80606774643684
216.328677978352,98.86364564905044
216.94481106382642,98.87819277061561
217.45374272018012,99.00381435253172
217.87940087680073,98.92291492599736
217.97252213258346,98.98904214587184
218.04064178162054,99.00071716648856
218.11786987193415,99.02591780845897
218.22832311843746,99.06160151210906
218.92110352220277,99.1845393147356
219.47758082938716,99.48593403169168
220.3456933925432,100.1241589379248
220.8863809008868,100.62351049213964
221.4587565327961,101.1728689067221
222.2377787696871,102.07300144423894
222.7829216857947,102.26651115750025
223.21386819462134,102.52964061045317
223.65933919421155,102.79120254180701
223.8955419461731,102.81618269855977
223.94819696017402,103.02774205297848
223.9717655185151,103.03193058977843
224.02014550819527,103.14217123668223
224.03509757054695,103.19478807049458
224.0371157694604,103.23780338924558
224.0240031624988,103.28953868956032
224.02100760060466,103.29549227641971
224.02847682286463,103.29591251305939
224.04136099166791,103.23608677629329
224.0717836450666,103.18842375649061
224.11695737174875,103.11315939009677
224.15601236290422,103.07110377049598
224.18397990309427,103.05260545084477
224.23088281594377,103.03919563486119
224.22291456113794,103.06806353181669
224.17743078017838,103.08499006946926
224.14304924475667,103.08435805954979
224.12036058652512,103.09339438830092
224.11867862136202,103.15630091282891
224.14663555232175,103.20049131713908
224.20052359768198,103.25520952786687
224.2233164925209,103.29329895564908
224.2591980394144,103.32275442271424
224.26954908944083,103.35768645804816
224.26632422038327,103.3598894788797
224.24985251553608,103.39178170903419
224.24700076438694,103.39996005720758
224.24788767010875,103.42338483327966
224.22948087043852,103.45885360745464
224.2144752911359,103.47067639130842
224.17662132310983,103.52169946056497
224.1589749436288,103.51321143145353
224.13594491181442,103.54222552546595
224.09957892784465,103.58185448161905
224.0669135221999,103.60970483910572
224.02869524635094,103.61633395712846
223.98762592495035,103.5840955762409
223.97063890363842,103.57635105727145
223.9293012534973,103.5767895588316
223.89946711799507,103.56845286953165
223.88804389806268,103.55190117032248
223.90760644522157,103.56949234818471
223.9294083379341,103.59244198158726
223.9449639981449,103.59809414491903
223.95161403325247,103.59887207338063
223.95052256853438,103.59600381680711
223.95397291613676,103.59074799926465
223.94900362384416,103.6387728073083
223.92829657435266,103.69750502845389
223.90085789953227,103.74576656753241
223.88185718665125,103.77754138866523
223.8570883220656,103.79165957878428
223.83974924746667,103.8228515140239
223.8125581106392,103.85273626713875
223.7860134574472,103.87759140238067
223.7635930809737,103.88905020568507
223.74857971305465,103.88950995114517
223.73843690081463,103.90069364435246
223.74194553535622,103.92214872977958
223.7543564834196,103.94669628351538
223.76429705003773,103.96022133380204
223.75772584177608,103.97400803976169
223.7358863077418,103.99288323563796
223.71623900138923,103.97029507454747
223.72310101776026,103.98051748792857
223.74442618907534,104.00270907249964
223.78889095617376,104.02517681825888
223.80804580684838,104.06334531249794
223.81464098542963,104.07103691978904
223.82240886428946,104.08531601622401
223.82615781469096,104.08919193115082
223.8584332274451,104.08298875006757
223.8793576322004,104.10373085334616
223.89259932913157,104.1000958592654
223.88138253133963,104.11823005759149
223.86700300399752,104.11747039095638
223.83988615957065,104.1146458379419
223.8215015280386,104.12097693036321
223.81401994346936,104.11663380828963
223.81170530599027,104.14186906498958
223.806402142195,104.14446893180256
223.79845484721662,104.18480206677957
223.79628892935574,104.19476518759481
223.80878799890098,104.18571273374867
223.86792041725818,104.19568792867541
223.93897651945684,104.19991952852487
224.13461703399577,104.21000760822668
224.52891275683066,104.24437118480196
225.12565338259503,104.25572937408192
226.22180312919096,104.20792284880616
227.18921317607504,104.1008493040945
229.60217687188646,103.32999664276272
232.07240049403313,102.74609205413826
234.8168480992782,102.41829085367924
238.58087452506192,101.77796010254848
240.7889116152536,101.25724045050488
243.40342415653248,100.45208487840051
244.74839276192176,99.89601620047569
245.8396354560001,99.35697679491655
246.97671977045383,98.55974177086017
247.42919470668585,98.03530825606397
247.95173791161858,97.35460181712563
248.16427929002964,96.92372243775311
248.37992373681237,96.54711401384174
248.59173514980367,96.09307582116577
248.7398745691737,95.955543953396
248.8426958602252,95.88747595260804
248.99595857022354,95.73898447960725
249.08919345287623,95.68805739643459
249.18764884850066,95.61721830851538
249.20606366906435,95.60915353443684
249.21547976690448,95.57789007052156
249.18753220288795,95.5851877342463
249.1396425116423,95.59115644201768
249.04659078010545,95.71799822853276
248.97104944665827,95.79119513000224
248.90717281313906,95.87084710961648
248.82975495754215,95.98935390400135
248.8065562178466,96.0526944664045
248.74558020894835,96.19666249725765
248.72780429992457,96.23892402213366
248.71106331998246,96.30409344444755
248.7248520999347,96.36571225223246
248.74822098689594,96.40670421682495
248.76187089276488,96.46005969573736
248.76359716360838,96.4757362437404
248.78174552155505,96.51706345344458
248.8042574154886,96.56909155318348
248.8467664337241,96.62050747249926
248.8799349163665,96.6777964892196
248.90960330870035,96.70646639734314
248.93232302072875,96.73223080165172
248.9830796804815,96.72031105523355
249.01568367307198,96.74117323625664
249.03600199579503,96.74655577871347
249.05777163321824,96.75172770898948
249.0630177591223,96.74230597851587
249.07115122733967,96.72235186346268
249.0786975278357,96.73504082428465
249.09274800797976,96.72472778124167
249.15830016088688,96.7614487359995
249.2209276037462,96.8250257756172
249.26008824459484,96.91100879310719
249.26583926721054,96.95350339761534
249.27242200853962,96.98715002402287
249.24446914007984,97.01963414089379
249.21338757828397,97.0281220306619
249.17797788700116,97.0481595527856
249.1655023744438,97.06320337301037
249.16674597475446,97.07268614233946
249.17827950401664,97.07365139688847
249.18425279529566,97.04081201507297
249.15613456204892,96.98251769497048
249.11452430661026,96.94087830044538
249.07112250267357,96.90910115625518
249.0336213653236,96.86740702151421
249.03345404044796,96.85209166404258
249.04881231624,96.87823760048857
249.06812727527222,96.91055451412281
249.0981636990244,96.94988287398475
249.15324731083584,97.00224817078795
249.20898243181023,97.0557360916449
249.3288943772273,97.11636418870974
249.4034432228685,97.13678913996708
249.46725826399768,97.14672599897531
249.5476258988378,97.16159496388285
249.58526350270245,97.15712012551577
249.63356120349655,97.12696752316876
249.68835491356054,97.10708814295418
249.73867772795194,97.09151994860406
249.83950557736716,97.04513562191757
249.91386573139062,97.01706876533791
250.03873189389319,96.9680752419083
250.14658767112542,96.94252023980823
250.34568322779643,96.9174075886853
250.8972787069302,96.91159587287957
251.3931183692811,96.91935071288155
251.82578102312544,96.8972783901631
252.60710273216216,96.75021960615044
253.21404702464423,96.61842931830809
254.13562091917566,96.36569921612481
254.75739425378282,96.28142044114185
255.360383692479,96.2094970000166
256.31030151749997,96.06997652356681
256.9704004699948,96.0473033588589
257.93667103531817,95.98065059963477
258.6350074200475,95.97895941420565
259.2607689797944,95.99499876515792
260.1501583830983,96.0129490177903
260.6363750863538,96.01286551400452
261.32560295761385,96.04395596203202
261.7333428784264,96.07614527842364
262.05767847089595,96.05326896706039
262.3290235231025,96.09568000074668
262.5070737629898,96.09892381545588
262.7392965413205,96.08190330808395
262.86552089913056,96.08230885288256
262.97679932454975,96.08136461081584
263.0530570213986,96.09685918696478
263.09725087245096,96.11507298631736
263.15748383358414,96.12278843759087
263.2207271631014,96.13049210415386
263.3057278028549,96.11063769653398
263.41825929671234,96.07487975881037
263.5264421216918,96.02215320948173
263.62330602161603,95.94415630119383
263.771132971577,95.84417643882654
263.8696583431099,95.76604833683994
263.9913754527941,95.67664091244039
264.0574782101209,95.64046647152739
264.11609152957516,95.60178111508657
264.3002656346231,95.56174780779503
264.4371258108489,95.49897144250188
264.6145998156225,95.39755220301012
264.6751558258305,95.3894288172972
264.74050195514656,95.38013813304293
264.80419927178355,95.40542772397804
264.81812836680797,95.44067209481507
264.7528254568443,95.50313216944306
264.67208603599346,95.56416082838996
264.6242621919224,95.59172924002061
264.55060085675996,95.64246414242875
264.5184126751113,95.64906365904537
264.489057247222,95.63972865838495
264.4749285170859,95.62963539039562
264.48125374425285,95.60313733580956
264.4952213953262,95.61177002849078
264.5152896792675,95.6246113495277
264.527232522703,95.66498884879294
264.52076868386735,95.67228857151599
264.5049953608863,95.68261951717533
264.4937576222318,95.69232152683949
264.49828244526503,95.68596866062968
264.47805391877944,95.65692753587223
264.45474550923234,95.64390639376737
264.4313656592967,95.64338306883084
264.4127219100082,95.64707304335722
264.40492952643103,95.64626185762916
264.3868009286528,95.61842169864225
264.3638044167029,95.60158180230384
264.33931278341873,95.58086915218428
264.32546948424044,95.56847649954564
264.3270835029116,95.58681820095437
264.34592614991493,95.60730547446403
264.3490665946154,95.61444832604103
264.33809640375995,95.62145844847267
264.3178515577175,95.63069003549934
264.30214896121964,95.6448416731756
264.28510582167104,95.65619270182958
264.26801106607354,95.6650965961763
264.25558692949573,95.65851873174935
264.25407478214765,95.6424832163599
264.25394451274445,95.63110022800554
264.2678411290833,95.61642297620291
264.25736465023033,95.61472660723035
264.22924224871565,95.63465346523738
264.1793482393758,95.64171008734803
264.17455596422747,95.64445714580965
264.1932039877811,95.6475878456554
264.2584495933709,95.63848508642424
264.30039910686037,95.63958187483125
264.33910511658473,95.61294405979041
264.3328093234056,95.59902802268036
264.31890754930066,95.59167585354359
264.29384516296295,95.58121679698499
264.2951548906246,95.59204306166164
264.3182503117057,95.61467831434813
264.33202564032786,95.63347709247697
264.3367132114498,95.64232685167417
264.34451952706877,95.62690739625666
264.361438386342,95.61871143149892
264.4547968405212,95.60333830175315
264.5295582924656,95.59985815316053
264.6136551176533,95.59477760688544
264.6284807970891,95.58028748311591
264.5774098321705,95.580094399897
264.4207434979029,95.58905612564138
263.7161620915036,95.38738137694409
262.92352018372645,95.1220510298472
260.76746066561543,94.72549129706948
259.0661779393865,94.41324730885506
257.1887138979996,94.11638085494218
254.19294805151225,93.68744312597524
252.1436496741929,93.55698760814683
248.63787753004968,93.49720368330813
246.13199855162628,93.43397923896681
243.42498122203,93.29470879057878
239.2670387102044,93.27300196685098
236.44699099773072,93.3189897869762
232.39123870771925,93.49547462674958
229.8304142729068,93.71193741203109
227.41580775297112,94.05059506297266
224.14221804411164,94.39800917753995
222.18921447483953,94.61029230851173
219.49421884245368,94.91295118722267
217.95882140472784,94.89457783495499
216.74494173939874,94.97852959223664
215.58927874326477,95.04021866899792
215.28555832593133,95.19217158841812
215.4593568214607,95.12076330000629
215.6654515671306,95.123957828313
216.30855258438416,95.23871921412093
217.19034646163766,95.16512849092459
217.84953094352574,95.20175112312246
218.9136992361145,95.21818099912852
219.6779525646918,95.20015616279231
220.45086967970522,95.17228724788447
221.51122916997633,95.2029456508814
222.10823810041705,95.32059081304516
222.42355078584367,95.46085631439412
222.4352054784335,95.48690556153649
222.41611836174079,95.4975245863817
222.41026033702235,95.57590875191016
222.3963823391762,95.6294235420641
222.4162293937995,95.6780971765505
222.47616935990072,95.73329787566783
222.54478751103935,95.71773045447267
222.6650864642942,95.73923727614951
222.78128407146102,95.75889508991777
222.93740180356724,95.83723166334298
223.1850293418705,95.87075434711919
223.35326963330232,95.92471268477519
223.50636919374034,95.93019007775939
223.59394764360897,95.95744041184143
223.7374678496754,96.01771259640478
224.12323383081085,96.30033595502685
224.42309752008435,96.50436474844398
224.61809142086906,96.60071664348489
224.66406914272773,96.68312068600905
224.64626312528748,96.70536234491418
223.94899003202474,96.50831473799013
222.76240099741506,96.17018024363863
220.03597952194696,95.89541845084106
217.73500593366208,95.6073299054016
215.35132740106076,95.19555983225419
211.99212065287804,94.7793863185862
209.93871390999283,94.64828723401604
207.1514035470678,94.52042455312932
205.25342878619398,94.3930053749451
203.3777222054676,94.17885823836734
200.306937518065,93.71992103139351
198.23493172003708,93.53460232474809
195.1612754102777,93.39198235037044
193.19447059692942,93.37151000595223
191.30388238285488,93.2882504994471
188.627773434321,93.25424928698695
186.8411630107938,93.26568232804048
184.18788359242703,93.27337490579603
182.23317720488916,93.35491171187854
180.26225619336924,93.47234468520195
177.4242103403567,93.41465315995825
175.67424061353867,93.35669465288893
174.12981066197514,93.33727972919972
172.21878496972323,93.24856698331921
171.31979060868383,93.28580535109752
170.32581194109565,93.13137733650828
169.8671620761574,93.20388656727685
169.51064432050242,93.16264453916224
169.3204016132765,93.13772612354508
169.2058454003032,93.16520049725148
169.0203970588913,93.21947624958403
168.91948388196565,93.24398181316816
168.7895863403179,93.25386792973917
168.54695848845776,93.34984415398947
168.24163426336324,93.38069930302134
167.66033580827764,93.55296769924884
167.1489124200086,93.62167708435368
166.7959394741899,93.66268587742708
166.47582278092898,93.7373995652261
166.29352933742172,93.80108124360454
166.03140313929762,93.85110831047473
165.8386373355299,93.86703368971664
165.65273908238984,93.89466229170958
165.3099053196392,93.94809423646352
165.12664083350597,93.99693115111593
164.75769147397156,94.10578298557806
164.45131431992513,94.22275752108574
164.22855131778343,94.24421493668638
163.91786119425495,94.36282699361114
163.75434231890586,94.42077483341525
163.5356997646921,94.55123430440608
163.39378692233473,94.63879745839859
163.22599435215614,94.69892455983809
162.96987826214664,94.76391520109983
162.81075797548286,94.76872053791547
162.7527213826255,94.78816049310514
162.72137387049423,94.84498086674907
162.71183883664258,94.86300496402703
162.67126403580252,94.86635051717886
162.66534188897083,94.88055128623242
162.66742868949618,94.90423991210216
162.68346392540826,94.99107415170299
162.6743656609508,95.05752105765353
162.57862172019634,95.18864800536754
162.50352849675426,95.25331193798142
162.43673206395124,95.34598162238922
162.38168073292576,95.49996027384017
162.36777986100012,95.5998274922523
162.33737499181035,95.69197930076993
162.30098793605714,95.73311865464139
162.2594513093621,95.75274299770496
162.17669082291812,95.79607619642009
162.13206569329802,95.81837111066365
162.02820530764706,95.87155273132001
161.9622353912153,95.88916663486563
161.88695149360694,95.91442715705628
161.79402544168025,95.9760026366268
161.75247309296603,95.99971713350624
161.6980857561976,96.01895971765569
161.65245127708198,96.04816607814139
161.61166040348687,96.06589525397722
161.57530325492735,96.10330241009139
161.55953020662227,96.12990371299567
161.51338597434747,96.19347396856391
161.47975579148488,96.2228574464615
161.42908995207438,96.24028394806012
161.33903039246957,96.30666393451118
161.29891939832908,96.35031919583962
161.24456648996428,96.39024366947139
161.20596294996002,96.40666804582744
161.18320418782122,96.41262842183565
161.16092183791187,96.42867048998298
161.14257910718445,96.43701871389737
161.12636544533947,96.46289787443307
161.1123147142399,96.48102495679522
161.10787544119663,96.49213729114581
161.09859264445126,96.5202646714919
161.10204287133143,96.52056098194416
161.11435624582822,96.50889096502516
161.16019949741445,96.49878664775673
161.2041868446799,96.48975046132831
161.2397367022951,96.49438420266438
161.25315428695612,96.49006688701095
161.23957811542692,96.46659824826948
161.25799480612483,96.39873007401832
161.30667339740089,96.3505531491178
161.36556630593523,96.31414152585108
161.39954635556325,96.31196402026258
161.42989252350804,96.29773574638725
161.4316662999439,96.2946467665321
161.40029165253142,96.28185706322856
161.33147032815225,96.27216582503917
161.31577323537235,96.26257793182023
161.3059592143328,96.25306422156697
161.34055132887568,96.21020083621174
161.37091270896454,96.19048793936967
161.4144047883033,96.16680560066324
161.38803339772045,96.15884785155421
161.32702658489225,96.1318367535931
161.16433429495584,96.12907085002821
161.06666396094565,96.07418683476833
161.03588774680804,96.08669020499205
160.92454075340956,96.14687771934213
160.65210072196183,96.04267723516861
159.93241831145693,95.96243310006346
159.17020811628606,95.862199397454
158.25096453616115,95.68127276097027
156.4163512154704,95.1505813213341
154.7643905674119,94.43784497914045
151.67397128088666,93.52412445754389
149.5437918492111,93.07478743970965
147.35982722434477,92.89658735195852
144.3424372101785,92.76903272168713
142.59625880721094,92.72656866650938
140.3988032228176,92.80634982853992
139.27687441416302,92.88838364278236
138.4054316678949,92.98645020813926
137.47122352634403,93.18304375426698
137.028056599063,93.37110562757537
136.45502083302796,93.58783350533126
136.08901800979555,93.71321965977171
135.85478576345415,93.83873438988334
135.39992811422098,94.08279888721142
135.09858202253142,94.18304595985407
134.76723673954874,94.39503146034185
134.61890480194774,94.49296474679466
134.40528379097003,94.59706409218315
134.1089354658566,94.85099523566429
133.99413332438613,94.94703417102761
133.83574795441416,95.06774997867207
133.724974798874,95.1224207923085
133.61750762671397,95.17106013602717
133.4852758214908,95.22312174311716
133.44595687475248,95.2480913388884
133.42940090838283,95.24045288603214
133.45078879044425,95.20948948072724
133.48047895001775,95.20059511721831
133.5419189725679,95.18345137331107
133.56602746994852,95.1669565536906
133.57422300874651,95.14967819001478
133.56141203833823,95.12282988750884
133.55756007711528,95.12224407852247
133.53686669152125,95.13015641035568
133.53299110123234,95.14295435011088
133.53093283400517,95.14237076390854
133.54290545508863,95.12765233911239
133.56404744079583,95.14629359757569
133.60929388917214,95.19869191587324
133.64444322253138,95.20200280264912
133.66140674220318,95.19252931026303
133.66452168237495,95.17303635181342
133.6671764725784,95.15969994656301
133.66724097914636,95.1479106106274
133.66466799534123,95.15060118347184
133.66678121208574,95.14539556583286
133.6619509281205,95.11786192337824
133.66220752211242,95.10060642772572
133.6665690187706,95.08242635963613
133.67454767545334,95.07994453892233
133.69535368312123,95.0819919310897
133.71235858106016,95.08880136367465
133.7235898478126,95.11326884938326
133.74521708442535,95.15526622872945
133.78634268099572,95.17526394433533
133.84680907218205,95.1741472130551
133.97177355252336,95.13929581161294
134.0381838007717,95.15005521587923
134.15206429837573,95.11991899487114
134.23771674047464,95.07716164997204
134.34972491043834,95.0238901816266
134.6442987575864,94.94558843297726
134.85170107493505,94.91235090347173
135.30570247850665,94.80552092496943
135.6221992835472,94.76361317387524
135.97488726221746,94.68874267149256
136.48071898949254,94.6113495794352
136.7920250668296,94.54910693254443
137.16554700686189,94.47436108694485
137.89881006226398,94.45237336700254
138.4053632184033,94.44941231905464
139.09976063826844,94.48594418735236
139.13388269943937,94.3843197473349
139.18576165677453,94.31450057584004
139.2887960556391,94.31974057553039
139.39550918961493,94.33177773201304
139.65623965693507,94.3924112005973
139.853991407618,94.48293449666276
140.11159402528241,94.59722943082608
140.50301653666207,94.59950812842165
140.76739052017993,94.59594357817826
141.23369026566922,94.54293682397741
141.5331122166294,94.54814811935886
141.84911517794447,94.51924026653833
142.26837363812547,94.52521103007082
142.6201521952077,94.49529658948012
143.17418034851752,94.49848182903514
143.48125128644375,94.50121586379939
143.79084259460672,94.46927862714544
144.2029022704405,94.43740634153146
144.56178584257123,94.39657254727828
144.99837658676995,94.34925690168554
145.25463597736285,94.33678389812755
145.5418632705668,94.29529649832189
146.03478671765674,94.27507842884893
146.2544437994148,94.25610408727862
146.69722197540477,94.23616026228386
146.93358752386996,94.22149254733509
147.07344252058252,94.25827479472288
147.36718059940873,94.23826931032497
147.54195126938487,94.22819004251926
147.6946579199469,94.21435782175494
147.93757349327814,94.21793878946224
148.12657767682865,94.25649251008723
148.3193213577792,94.28511711667244
148.38731373925356,94.2904387556465
148.44109663654513,94.2878678614471
148.51513419980282,94.32778601914737
148.54077559775044,94.35504595643178
148.5796698721244,94.38506799366064
148.5741541728436,94.40124508986626
148.56725990651177,94.42165830937158
148.55142970618226,94.45145549694554
148.53416792611094,94.45891049566576
148.4782662453888,94.44618629926866
148.4324362388106,94.42124072340081
148.3955504507414,94.40803827189565
148.34269209040934,94.38159334829899
148.29501592764242,94.41803514332265
148.21236397613518,94.41518052151173
148.1400535877911,94.39856067614625
148.08115506335363,94.3760815077686
147.9817695344617,94.33869269839327
147.9430608025002,94.32146420174392
147.89559564840087,94.3036805748927
147.85299906634333,94.29222647189914
147.83007370698533,94.26828319177464
147.81494400342376,94.25520102464549
147.8111847512984,94.25695243610352
147.8241058688321,94.28105859159362
147.81605975536442,94.2819724657169
147.79518149342138,94.29058942346445
147.76635389470755,94.30670082675863
147.75241517376296,94.31689500975286
147.74100501835687,94.34730050724244
147.75685096654598,94.3658774301313
147.78623068200162,94.38419740662484
147.83717091571305,94.40516081492628
147.84173275199174,94.42469996424784
147.83144465547386,94.47367889466587
147.81683456682103,94.48218826733755
147.82052629449515,94.48686165116509
147.85126378917627,94.48158479221169
147.87052288768825,94.47844004362416
147.87980531075053,94.4790702908848
147.88094113162657,94.50387093828158
147.87461915547945,94.53032489979472
147.8453411160828,94.55642931555349
147.8183233648785,94.56518527060469
147.79223831786058,94.56003836248993
147.77031792475637,94.5379510570569
147.77785764557694,94.53381138027
147.79122824729768,94.53640019298533
147.78967576148625,94.53824739970939
147.7861467331422,94.55001390282995
147.74505687659047,94.5654960537875
147.71382116009875,94.580170069662
147.67907201128875,94.5824942388727
147.68519702872473,94.585792496192
147.69982045973114,94.59637575084089
147.6969213840443,94.64654391264757
147.67301505275904,94.62648807007231
147.63566586507682,94.59480390078058
147.61990682003213,94.58938993063758
147.60908378817243,94.58948881017552
147.6134042769807,94.59656452878042
147.61258719476064,94.6000589588331
147.5953801826936,94.59116085377799
147.5905198237153,94.57971793850159
147.5881540064947,94.55747107868095
147.62771892624903,94.49583326171485
147.69542488721024,94.44576169170584
147.74526236435136,94.41475605817958
147.84160774108062,94.38718313016327
147.89974791513893,94.36789645320445
147.92631250118882,94.36174256266045
147.91473216992645,94.3581296720481
147.88931138794544,94.36401400909698
147.82729676853978,94.38749772464988
147.79529967828523,94.39920181149003
147.75840430692398,94.43204396391744
147.7375007945017,94.46133894249043
147.72178623739526,94.45573840381337
147.69501299799265,94.44649367886444
147.6769539661143,94.45390744478581
147.6562303611219,94.47567555061833
147.63177812899937,94.49677006603308
147.5965231328262,94.53976922967182
147.5318063319298,94.57583606157651
147.4894781992204,94.6100295548167
147.4376679257739,94.64346134786283
147.417727622384,94.65069256179314
147.40044274775906,94.64952961610385
147.39250647906695,94.63874124587026
147.39473865525696,94.63159526788603
147.3880300330949,94.63923378452395
147.36079270779044,94.64838181384951
147.32838171190792,94.65920547503458
147.2993608530974,94.67217961650051
147.29874976198164,94.6858052738559
147.3122470919399,94.68979786641805
147.30794251938352,94.72679999697662
147.29129667123377,94.73077795288498
147.2625368492445,94.69815927352981
147.2467247888734,94.68711381635434
147.2384370673541,94.69002355728958
147.21254611007578,94.70462175726296
147.1887088996168,94.70618430913498
147.1454269279695,94.72909403283572
147.11984687901946,94.73138501543136
147.0990705943393,94.72767509920632
147.06797374253443,94.72627776451019
147.0532902124379,94.72443556854267
147.04091035363746,94.7126747822804
147.0317534093063,94.71108449184848
147.01989190078217,94.71575235127426
146.98261500616434,94.7246478303664
146.95567572204573,94.73906189245884
146.9163800998463,94.75220027600096
146.88421927744795,94.76715479404973
146.87957335502918,94.77030820471634
146.88731934833362,94.78052283123432
146.86363512293445,94.82095688293508
146.81850828935276,94.82728484783762
146.76874098601974,94.82559077200258
146.74173386404195,94.81767039870671
146.72908349662572,94.83122689291143
146.73251043328722,94.84411682607693
146.7210756372582,94.85469161937677
146.69453196015712,94.86847290446812
146.6661698252514,94.87294143766384
146.59907254302445,94.8886837904598
146.56683078386314,94.88223223610285
146.53115000814196,94.85579567835464
146.52456601879618,94.84402467011277
146.5274907124001,94.84875088508372
146.52867033515474,94.856479375937
146.51012832466415,94.86750327283669
146.44939617508328,94.87588785051065
146.4095722887761,94.87787975901504
146.38005788515218,94.8845157968897
146.35844135448502,94.89413276201009
146.36917569259265,94.88919397708446
146.36748972887167,94.92477787498169
146.3612837435611,94.92269382437871
146.362760871385,94.89405655234944
146.5587757087053,94.8011737804571
147.21803395386746,94.70785052655881
148.5666482557881,94.61070600949061
151.82081903394362,94.67611585141559
154.64923866706397,94.76559889567302
159.02477958014597,94.76031767424763
161.81759422358945,94.76905065475694
164.3273064439025,94.72055480271453
167.5369113506552,94.84480787659282
169.26706300751277,95.0113672185954
171.19856106522764,95.21402511341142
171.91674129269344,95.2461812378022
172.40054917572476,95.17838742513631
172.714869079017,94.99289484693075
172.79049071496289,94.97921412450964
172.8999350179686,94.87697999516348
172.9519530502661,94.77424237546502
172.97561331474216,94.68125816057574
172.9975474688602,94.59728176621202
173.00550802133714,94.55473362799962
173.0269570555851,94.50959543243567
173.0527115768874,94.5182364151229
173.0649785330938,94.54065498064301
173.01338797945064,94.61188908922621
172.91747351952355,94.71396402608781
172.71764923823022,94.75729676441415
172.57840239903223,94.80243863759365
172.49038376522748,94.82262072946529
172.42848851063493,94.86085049280865
172.42433530665252,94.8898892374937
172.44812711026353,94.89873433778773
172.48970534091376,94.8831762205964
172.4903370009279,94.85766428725252
172.46124675303227,94.83751296037833
172.428638149965,94.83977301840206
