1_1:9260,9125,8308,8759,8814,8632,8439,8691,8710,10344,10127,9489,9604,9707,9970,9562,9151,9160,9412,8156,9357,9229,8664,8028,7987,7646,8395,9402,8522,8513,8496,6317,7394,7446,6651,6009,7277,8074,8269,6418,8311,9326,9390,9377,9335,9634,7834,8261,7195,6328,6080,6612,7554,8135,7484,6821,8584,9507,10518
1_2:9335,8726,8578,8153,7070,8009,7747,8928,9670,9065,9116,9606,9533,10137,10470,8793,9369,9942,9413,8525,7874,7073,7319,7602,7869,8141,8656,9249,8084,6410,7010,6619,7500,7429,6355,6135,7254,8754,6710,7337,8845,9190,9688,9093,9000,7776,6105,7318,6804,6244,6602,7676,7830,6858,7656,7471,9312,9247,10330
1_3:9040,8172,8870,7196,6923,8184,8024,8140,9518,10385,9720,10449,10569,10582,9809,9377,9051,9268,8722,8258,8412,8917,8930,8908,8956,8664,7991,7148,6462,6532,7604,6885,7053,6956,6709,7019,7647,7797,8364,9044,9375,8789,9165,8352,7595,7154,5623,6817,6706,6389,6628,6539,7026,7888,8292,7528,8617,9029,9549
1_4:7554,7262,7258,6459,6751,7536,7794,8963,9451,9321,9082,9346,9625,9362,9653,9328,9770,10080,9126,9230,9627,9349,9220,8675,8152,7421,7704,7949,8290,8142,8537,7897,8110,8045,8475,8844,8887,9156,9502,9448,8954,8523,8458,7894,7776,6400,6178,6411,6848,5921,6081,6283,7431,9171,8368,7583,10006,9707,10206
1_5:8073,8255,8830,8300,8477,9337,9118,9762,9795,9274,9082,9132,8651,8391,8579,8397,8803,8722,8609,8753,9133,8417,8492,8592,8240,7458,7229,7877,8274,8434,9070,8619,8701,7954,8351,8421,8923,8753,8457,8590,7976,7707,8185,8110,7768,6630,6442,6068,6564,7134,6922,6770,7395,8249,8512,7819,10021,10303,11613
1_6:9552,9513,9687,9016,9034,9823,10358,10388,10199,9987,10490,9334,8874,7722,8105,7536,7961,8138,8487,8033,8718,7882,8593,9215,9667,9424,8389,8872,8547,8870,10026,9572,9743,9632,9565,9119,7951,8576,8177,8241,7883,8054,8153,8565,8273,7759,8014,7547,8249,8407,7616,7636,7969,8040,8003,8204,10433,10910,11241
1_7:9131,8552,9035,8578,8884,9965,10756,10191,9974,9705,10088,11361,10258,8663,9236,8836,8536,8151,8214,8591,8805,8719,9274,8583,8161,8533,9448,10276,8808,8437,9609,9491,10087,9799,9069,10236,9960,8909,7737,7365,7907,8543,8649,8468,8024,8088,8326,8235,8107,8297,7846,7879,8525,9011,9059,7897,10954,11457,11041
1_8:9452,9139,8118,8714,8811,9259,9787,10279,10158,10861,11034,11981,11016,9791,8554,8924,9592,9843,9222,8360,7587,7154,7961,8911,8243,7618,6750,8405,9692,9062,8377,7807,8855,9281,9819,8841,9852,9569,9274,7768,7874,8081,8319,7780,7546,7721,7204,8116,7666,7432,7202,7887,8731,8799,8932,8019,10048,10515,10635
1_9:8397,8130,8274,7672,6967,8253,8077,8044,7653,9031,9525,10142,10372,10617,9905,8835,8751,9852,10228,9424,7998,7623,7884,8067,7908,8518,7472,7248,7405,8349,8475,8043,8475,8476,8874,8872,9455,9876,8950,8866,8153,8019,8453,7732,6846,7073,6625,7792,7663,6711,6581,6242,7024,6629,6365,6002,8192,8007,7490
1_10:9909,9615,7504,7456,7460,8438,8791,9072,8809,8909,8591,10011,9828,9186,9004,9124,9249,8870,9358,9265,9134,8544,8503,7169,6334,6831,5554,5982,6683,7761,7685,7539,7984,7612,8119,7557,8268,8973,8538,8426,7934,7595,8276,7959,8194,7982,7953,7946,7467,6987,6504,6438,6475,6705,5462,6540,8273,6348,6851
1_11:8289,7731,5606,5093,5956,6943,8107,9290,9222,9356,8521,8586,9292,9490,9137,9194,9033,9099,9243,8697,8640,8875,9158,8414,7487,7401,6430,6099,6048,6716,7388,7468,8021,7079,7303,7779,8346,8387,7904,7708,7467,7523,8462,8373,8679,8512,8313,9039,8069,7788,7056,6912,7058,6787,5508,5225,7384,6808,5992
1_12:8098,8230,6260,5944,5502,6079,6436,6782,7006,8218,8756,9049,9678,9620,9916,10054,9329,8885,9392,9161,8754,9003,8955,8178,7660,7217,6536,6027,5934,5982,5821,5525,6667,6154,6502,7173,6583,6625,6228,7027,6282,6506,7366,8236,8407,8652,8768,8293,7202,6665,5894,5725,5642,5344,5555,5160,6483,6296,6633
1_13:8959,7680,7594,7921,7737,8709,8975,9170,9239,9545,9424,10124,10431,9442,9115,7598,7589,7853,8977,8281,8821,9246,8971,9103,8700,8717,8299,8483,7567,7568,8316,8097,9689,9253,9161,8601,8881,9092,8619,8195,8401,8242,7748,7251,6780,6805,6370,6603,6528,6263,7062,6692,7029,7558,6868,5878,7280,7898,8007
1_14:9459,9188,9057,9619,8978,9615,9094,9025,8626,8709,7842,7857,7668,7480,8353,8733,8882,9157,9004,8327,8817,8586,8703,8576,7260,7421,8110,8407,8432,8337,8948,8140,8769,7545,7366,6897,6771,6898,6637,7118,5346,5424,6012,5962,5582,5952,6640,6532,6589,6228,5550,4445,3476,4531,6152,4832,6487,7006,6762
1_15:9462,8900,7790,7965,8186,7969,8207,8402,8604,8714,8291,9236,9151,8247,7909,7801,7922,8355,7327,6971,8780,9323,8794,8861,8642,8379,7767,7657,7181,7244,7076,6777,7895,6928,6508,6077,6738,6464,6575,7240,7057,6802,6568,6324,6437,5991,4967,4742,4362,3593,4144,3483,4358,5345,5332,4124,5338,6184,5472
1_16:8783,9246,9386,9640,9250,9255,9060,8397,8111,7945,7643,7503,6693,5368,5455,5924,7261,8310,8336,7776,7812,7344,6962,7010,6995,7523,7428,7616,7484,7432,8188,7873,8654,8269,8375,7696,7504,7780,7778,6907,7233,7584,6600,7389,6974,7005,6154,5692,5766,5972,6517,6467,7408,7811,8390,7256,8649,9396,8840
1_17:9790,9719,9538,9146,8243,8489,8503,8130,7889,7881,8332,9092,8742,7459,7787,8210,8765,8695,8981,9031,8799,9658,9897,10580,10555,11278,11200,12035,10822,11142,11195,10126,10777,9801,9397,8635,8269,8265,7657,7465,8012,7476,7760,8609,8180,8353,8604,8961,8392,8224,9321,9039,8901,9546,10460,9497,10852,11247,11124
1_18:9504,9075,9019,9366,8404,8083,9372,8669,9425,9633,10008,9800,9387,8880,9232,9703,9658,10184,10833,10726,10702,11342,11514,11520,10897,10808,11456,11979,11598,11670,11797,11561,12193,11139,10659,10235,10035,10125,9246,8738,8679,8414,7963,7423,6622,7164,7569,7681,7765,7135,8592,7967,7736,8039,7706,7017,8410,8752,10927
1_19:10039,10066,10326,10335,9537,9399,10512,9550,9770,9625,9717,10535,10721,10719,10932,11001,10731,10315,10744,11528,11904,12146,12064,12122,11887,11804,11869,12041,11153,11116,10774,10577,10581,10715,11271,11524,11530,11895,11141,11249,10834,10062,9853,9348,8794,9406,9094,8600,8627,8186,8334,7839,7889,7776,7581,6334,6674,7640,8929
1_20:9537,8656,9206,9436,9455,9346,10259,9759,10005,9535,8981,9261,8957,9047,9234,9576,9836,10619,10412,10358,9936,10182,11338,12090,12303,11853,11116,11512,10528,10346,10585,10062,10953,11092,11065,10763,10681,11064,10669,10411,9644,9469,9906,9682,9712,10112,9683,9562,9465,9156,8772,8715,8547,9133,8709,7540,9590,10075,10165
1_21:8655,7675,8396,8195,8365,8839,8501,8199,8142,8922,8852,9751,9403,9935,9609,9438,9445,9634,9397,9635,10158,9404,8825,8469,8653,9257,9529,9996,9341,9796,9628,9113,9901,9403,9028,8536,9197,9708,8936,9045,8963,8669,9508,9342,8559,8251,8534,8538,9295,9116,9012,8242,7915,7494,7604,5996,7367,7720,7559
1_22:9944,9725,9393,8792,8064,8663,8878,9650,9106,8912,7883,9640,9661,8110,7610,7547,8273,8712,9615,9485,10163,10374,10013,9705,9726,9437,9448,9202,7856,8270,8541,7780,8848,7844,8201,8162,8467,8359,8473,8777,8930,9168,9196,8712,8784,9380,9399,7919,7930,7295,7254,7515,7328,6732,7342,5234,7047,7566,7501
1_23:8324,7457,7043,6246,5497,4909,4531,4132,4033,4668,5199,4879,5560,5789,6855,7383,8285,8919,9332,8597,8716,9216,9236,9463,9670,9615,8824,9414,8785,8459,8232,7690,8627,7748,7841,7597,7756,8389,7686,7622,7441,8004,7725,6379,6797,7670,7692,7082,7564,7724,8488,8909,8986,8815,8759,6470,7904,7144,6719
1_24:7649,6586,6743,6605,6965,6867,6600,6287,6356,6430,6244,6845,7493,7065,7343,7234,7868,8006,8603,8200,8639,9057,8802,8635,9036,9398,8855,9031,8474,8156,7999,7979,9000,7797,8111,7972,7866,7584,7284,7026,7312,7877,7994,7940,7748,7200,6892,6807,6747,7129,7286,6508,6509,6383,6260,4490,5504,6319,5977
1_25:10272,9495,9845,9444,8637,8683,7996,8020,7939,8601,8338,8762,8697,7579,7516,7153,7470,7204,7162,6936,6991,7372,7476,8266,8699,9518,9195,10096,9906,9635,9653,9305,10029,9399,9143,8972,8864,8684,8288,8389,8094,8255,9037,8879,8728,8534,8342,8477,7911,7458,8078,7497,7915,8084,8134,6680,8131,8337,8387
1_26:9478,8814,8900,9495,8970,9368,9320,9122,8792,8978,8088,7747,7437,7080,7530,7299,7660,7738,8286,7973,8553,8305,8283,8659,8303,8017,7954,7848,7670,6697,7088,6562,7915,7337,6795,6351,6817,7056,6126,5981,6523,6110,5494,5929,5862,5656,5914,6815,6692,6870,7267,7484,7737,7720,8080,5793,7776,7933,7558
1_27:8800,8383,8353,9098,8443,8400,8121,7932,7393,7579,7641,8027,8267,7826,8031,7715,7726,7605,7717,6755,6824,7015,7146,7823,6697,6650,6855,7278,7187,7469,7459,6120,7177,5937,5359,5453,5738,5761,5376,4620,4387,4007,3209,3789,3334,2950,3040,4137,3915,3516,3976,5277,4796,4849,5555,4277,5389,6217,5755
1_28:9243,8783,8311,8404,7609,7431,7983,7692,7208,7287,7470,7709,7784,7318,7766,7859,8299,8378,8332,7797,8306,8725,8589,9291,9033,8992,8759,9163,9034,8680,8762,8245,9844,9085,9191,8886,9055,9169,7636,7325,7425,7641,7840,8149,7543,8210,8113,8307,8938,9039,9505,9326,10099,9996,10792,9036,10568,10673,9893
1_29:9802,9799,9506,9598,8769,9033,9323,9122,9029,9064,9195,8679,9231,9120,9706,9907,9716,10254,10699,9819,10321,10284,10271,10939,10540,10780,10429,10933,10243,9914,10010,9795,11116,10296,10714,10143,10135,10464,10135,9587,9453,9930,9751,9467,8678,9587,9646,9944,9622,9720,9561,9000,9173,9504,9199,8205,9245,9618,8807
1_30:10369,10143,9969,10005,10066,10404,10756,10362,10341,10470,10797,10192,10198,9845,9874,9979,9067,9368,10242,9774,9365,9378,9164,9399,8867,8400,9208,9559,8442,8900,9116,9072,9528,9289,9630,9571,9685,10167,9693,9443,9632,9959,10120,10286,9808,9406,9173,9749,9531,9687,9034,7810,7861,7688,7645,6695,8091,8229,7566
1_31:10455,9995,9802,10123,9594,9965,10724,10104,9788,9765,9886,10125,10408,10383,9984,10248,10048,10108,10473,10487,10124,10148,9922,10285,9724,9372,8959,9712,9466,9404,9701,9258,9837,9320,9602,9587,9642,10138,9841,10408,10701,9964,10105,10175,10055,9870,8962,9174,9311,9522,10188,9327,9274,8865,7946,6704,8121,7901,8293
1_32:9775,9457,10248,9802,9754,9912,10918,10708,10941,9899,9730,9899,9461,9159,9615,9704,9920,10027,10316,9913,9575,10093,10213,10794,10803,10655,10337,11082,10262,10547,10920,10337,10783,10437,10362,9631,9772,10546,10100,10619,10710,10558,10459,10146,9593,9760,9431,10092,10071,10300,10902,10516,10429,10467,10201,8840,9920,10152,9981
1_33:9873,9497,9282,9468,8600,8406,8249,7727,7955,8620,8440,9257,9117,8586,8634,8599,8417,7868,8169,8257,8494,8416,8598,8059,8134,8042,8469,9246,8804,8895,9214,8767,9579,9117,9042,8715,8738,8639,8442,8234,8628,8260,8768,8413,8059,8587,8459,8778,8719,8815,9148,9180,9300,8936,8760,7671,8682,8562,8302
1_34:9330,9623,9752,8878,8912,9271,9609,9669,9743,9970,9328,8826,8627,8142,8246,7698,7385,7524,7986,8448,8953,9360,9518,10287,10471,10550,10609,10652,9603,9027,9031,8779,9543,8717,8550,8412,8667,8530,8286,7807,7991,8113,8236,7881,8005,7841,8102,7751,8233,8245,8393,8475,8762,8714,8475,6974,8108,7513,7442
1_35:8957,9102,8777,8237,7613,7926,7573,7120,6578,6628,6172,6558,6006,5454,5116,4784,4648,4851,5302,4708,5466,6339,6769,7872,8488,9094,10093,10802,10243,10361,10348,9553,9929,8613,8513,7997,7949,8329,8858,8371,8021,8038,8548,7228,6775,6026,6014,6091,7261,7444,7586,6851,6593,6430,6871,5258,6868,7525,7439
1_36:8898,8285,8825,8931,8663,9068,8530,7666,6871,6845,6603,6686,6481,5485,4695,4858,4875,5586,6132,5374,4922,5065,4958,5232,5026,5605,5485,6432,7036,7913,8304,8250,9532,8470,8680,9041,9230,9608,8977,8994,8879,9141,9328,8414,8222,8003,7401,7180,6443,6211,6459,6522,6393,6805,7049,5515,6109,6584,6175
1_37:9110,8875,9129,9091,8451,8609,8625,8953,8717,8528,8262,8077,8093,7427,7769,7422,7784,8213,8754,7862,8141,8535,8648,8936,8694,8746,8974,9368,9070,9029,8897,8600,9880,8879,9099,9079,8902,9394,9071,8774,8816,8751,8885,8679,8566,8685,8662,8793,8740,8219,8822,8112,8163,8333,8574,6483,7416,7611,6987
1_38:9768,9459,8938,9225,8641,8651,8356,8211,7829,8223,8058,8221,8783,8227,8326,8150,8175,8341,8597,7720,8132,7415,7643,7991,7474,7223,7495,8214,8247,7660,7785,7782,8294,7703,8117,7822,7731,7887,7160,7172,6946,7416,7990,8655,8480,8609,8315,6952,6475,6169,5999,5272,4800,4777,4880,3763,4912,4883,4543
1_39:8220,8178,7888,7984,7398,7622,8005,7662,7909,7574,7678,8025,8228,7906,7970,7704,7717,7856,8230,7384,7890,7881,7644,8061,8118,7503,7322,7264,7677,6978,6705,5777,7369,6898,6540,6244,7083,7596,7268,7474,7646,8235,7654,7523,7010,7083,7084,6768,7038,7162,7671,7078,7712,7911,8281,6085,7883,7947,6913
1_40:8074,8160,7767,8278,8104,8582,9009,8811,8759,8333,8268,7987,9314,8657,9324,8638,8809,8812,9270,8534,8753,8402,8227,8999,8238,8110,8274,8983,9200,9136,9074,8248,9396,8940,8929,8374,8634,9111,8350,8415,8382,8669,8685,8999,8409,8694,8459,9171,8804,8374,8956,8245,8742,8694,9130,7641,9066,9797,9614
1_41:9585,9346,9361,9464,8979,9064,9489,9310,9319,9373,9618,9399,9722,9264,10061,9838,9347,9852,10174,9978,10084,9980,9954,10508,10000,9578,9340,10161,9696,9774,9421,9325,10155,9843,9797,9257,9595,10253,9440,9622,9197,8888,8810,8735,8393,8715,8819,9058,9020,9067,9588,9262,9384,8996,8798,8163,8890,9000,8707
1_42:9207,8858,8767,8793,8246,8724,8757,8615,8303,8322,8888,8117,8636,8210,8761,8707,8004,8431,8313,8438,7919,8132,8411,8800,8515,8512,8432,9317,8734,9111,9392,9309,9792,9281,9186,9053,8878,9565,9289,9486,8984,8792,9122,8597,7894,8045,7993,7590,7759,7434,7841,7690,7863,8280,8014,7160,8477,8029,8537
1_43:8307,7914,7921,7841,7805,7682,8717,8349,7966,7979,8090,7992,8072,7969,8190,8374,8339,8812,8757,8639,8421,8489,8434,8717,8265,8445,8529,8647,8240,8418,9032,8865,9198,8887,8836,9158,9470,9894,9123,9204,9508,9255,9238,9137,8992,9282,8797,9111,9017,8955,9091,8845,9598,9166,8955,7499,8455,7946,8643
1_44:9189,9065,9291,9142,8825,9381,9827,9297,8713,8841,9001,8763,8888,8609,8787,8962,8794,8988,9098,8766,8674,8920,8940,9237,9107,8915,8627,9361,8754,8721,8943,8554,9132,8626,9247,9005,9052,9766,8929,9142,9479,9263,9499,9403,9363,9875,9553,9929,9922,9820,10099,9756,9675,9524,9182,7837,8727,8633,8612
1_45:8602,8636,8602,8197,7884,8933,8848,8694,8912,9260,9048,9029,8759,8545,8873,8615,8071,8153,8546,7764,7758,8243,8416,8199,7977,8272,8033,8749,8308,8272,8731,8231,8852,7754,7751,7758,7835,8497,8177,7965,7965,8173,8237,7905,7795,7798,7884,8166,8347,8494,8557,8428,8313,8463,8426,7083,8561,8599,8580
1_46:6953,7018,7541,7346,7648,8120,8302,8204,8455,8914,8888,9100,9055,8659,8797,8694,8756,8931,8950,7827,8094,7593,7171,6787,7035,7222,6737,7178,6942,7247,7386,7326,8191,7968,7641,7527,7365,8115,7941,7934,7980,8123,8203,8057,7817,8025,7644,7927,7517,7241,7800,7851,7667,7363,7656,6400,7620,7997,7833
1_47:5904,6164,6727,7000,7166,7121,7746,7583,7570,7278,7346,8114,7275,7010,6981,6881,7093,7232,7503,6291,6641,7090,7270,7653,8229,8356,7748,8658,8104,7832,7501,6530,7185,6528,6143,5931,5922,6488,6318,5778,6068,6134,6821,6430,6739,7084,7066,7829,7963,7771,7965,8069,7624,7337,6650,6228,6745,6744,6772
1_48:8625,7823,7983,7835,7345,7574,7587,7724,7815,8100,8222,8685,8725,8298,8085,8064,8073,8123,8538,7599,7641,8000,7830,7892,7701,7788,7344,7600,7632,7855,7846,7103,8631,7957,7951,7868,7603,7531,7749,7256,7152,7209,7968,8127,8032,8716,8684,9216,8823,8462,8609,8722,8601,8364,8507,7132,8493,8998,8649
1_49:6543,5994,6278,6637,5907,5967,6007,6093,6202,6305,6258,6647,6766,5828,6273,5913,6276,6193,7381,6369,6780,6817,6689,7824,7089,7223,7507,7995,7664,7513,7609,7292,8490,7504,7690,8077,7766,8212,7849,7343,7599,7674,7975,8037,7427,7766,7805,8160,7733,7618,8021,7628,7849,7512,7679,5887,6990,7771,6869
1_50:8557,8160,8296,8360,7675,7947,8126,7951,8201,8201,8000,8303,8973,7973,8656,8647,8759,8764,8710,7485,7989,8156,8334,8528,7983,8238,8233,8547,8688,7792,8246,8117,8725,7909,7932,8351,8202,8323,8015,7873,7648,8053,8074,8124,7309,7548,7202,7301,7252,7057,7629,7161,7240,7164,7400,6158,7546,7637,6930
1_51:7823,7752,7801,8110,7756,7627,7869,7573,7438,7504,7372,7310,7575,6849,7331,7104,6951,6950,7016,6530,6873,6525,6794,7043,6787,6564,6626,6945,6783,6415,7243,6573,7986,7272,7232,7328,8071,8859,8354,8820,8452,8446,8620,8406,7528,7431,7603,7502,7403,7353,8117,7005,7486,7603,7252,5546,7039,7181,6237
1_52:8575,8115,8003,8153,7614,8102,8489,8354,8119,8205,8512,8237,9053,8091,8616,8573,8585,8391,8507,7657,8230,7977,8192,8599,8026,7920,7592,8115,7806,6809,7380,6692,7474,6759,6947,6731,7194,7841,7481,7423,7032,7540,7523,7814,7317,7633,8120,8089,7474,7085,7912,7734,7857,7843,8956,7772,9203,10098,9567
1_53:8725,8480,8753,8640,8294,8288,8569,8235,8254,8436,8621,8237,8736,8179,8680,8526,8144,8691,8788,8452,8546,8395,8293,8785,8627,8483,8296,9268,8286,8391,8914,8350,8646,8637,8663,8160,8064,9155,8612,8294,8195,8312,8758,8557,8300,8556,8195,8898,8898,8573,9265,8863,9221,9158,8994,8394,9395,9374,9389
1_54:7782,7603,7808,7758,7773,7774,8246,7792,7741,7831,8353,8185,8105,7990,7943,8280,7826,8492,8379,8179,8073,8121,8554,8584,8284,8178,8010,8402,7917,7806,8181,8136,8446,7890,7793,7859,7854,8535,7977,7852,8210,8358,8593,8614,8369,8675,8377,8937,8991,8646,9091,8799,9292,9136,9312,9050,9229,9521,9507
1_55:6798,6278,6521,6576,6486,6339,6876,6580,6544,6519,6809,6300,6728,6513,6589,7050,6771,6941,7257,7037,6951,7241,7385,7329,7253,7134,7174,8313,7677,7651,7797,8190,8544,7664,8109,8365,8084,8616,8159,7613,7878,8314,8692,8312,7946,8131,7825,8596,8516,8397,8864,8828,9008,9125,9104,8111,8471,8682,8372
1_56:8442,8192,8304,8018,7868,8531,8422,7921,7848,7642,8087,7765,7898,7701,8131,8115,7583,7758,7900,7796,7700,7830,7804,8195,7688,7956,7623,8581,7499,8138,8198,8122,9076,8310,8461,8144,7848,8390,7755,7545,7762,7745,8252,8288,7901,8671,8136,8853,8948,8676,9112,8473,8875,9058,9260,8407,9693,9758,9477
1_57:7223,7137,7626,7283,7095,7532,7740,7161,7249,7361,7785,8285,7545,7320,8086,7751,7608,7561,8145,7435,7742,7515,7644,7776,7834,7635,7913,8483,7612,7730,8178,7782,8464,8370,8032,7799,7734,8355,7819,7707,7423,7711,8268,7801,7257,7881,7167,7750,7564,7261,7510,7472,7841,7670,7918,6355,8307,8889,8791
1_58:7150,6959,7579,7337,7352,7755,7661,7417,7557,7610,6935,7820,7023,6515,6889,6738,6429,6545,7142,6213,6463,6283,6583,6766,7262,7254,7088,7755,6909,6751,6505,6165,7343,7119,7129,6882,7010,7307,7622,7033,6975,7079,7567,6962,6476,6891,6894,7595,7524,7648,8034,8040,7953,7769,7690,6622,8231,8715,8752
1_59:7230,7177,7869,7454,7127,7930,8083,7453,7372,7316,6759,7942,7386,7036,7491,6946,6726,6726,7564,7281,7689,7593,7678,7890,8091,8080,7950,8262,7685,7740,7907,7156,8411,7553,7573,7311,6953,7757,7405,7011,6899,7460,7972,7235,7057,7260,6975,7866,7398,6997,7303,7640,7544,7698,7482,6551,8048,8121,7947
1_60:7161,7109,7455,7660,6587,6618,6789,6906,7120,6965,6841,7368,6909,6595,6991,6995,6797,7174,8005,6674,6460,6693,7050,7712,7576,7976,7361,8426,7880,7945,8424,7573,8718,7479,7573,7589,7490,7958,8335,7297,7304,8180,8192,7739,7530,7648,7558,7991,7455,7161,7508,7098,7460,7172,7246,6207,7747,8093,7601
1_61:7518,7541,7448,8070,6714,7090,7321,7297,7617,7385,7432,7771,8147,7614,7628,7489,7797,7483,8562,7075,7734,7498,7503,8372,7664,7273,7502,7981,7489,6890,7248,6631,7835,7034,6952,7407,6977,7584,7023,6907,6732,7207,7096,7045,6906,7064,6300,7799,7136,6945,7698,7244,7772,7333,7685,7261,7712,8229,7524
1_62:7479,7790,7778,8070,7057,7340,7739,7634,7607,7274,7432,7554,8294,7189,7710,7489,7439,7811,7879,6801,7214,7158,7315,7629,7108,7129,7060,7519,7591,7017,7199,7270,8098,7202,7590,7838,7695,8462,7751,7766,7461,7849,8153,8256,8064,8216,7949,8754,8276,8151,9223,8559,8749,8046,8995,7318,8276,9405,8549
1_63:7678,7878,7840,8426,7915,7469,7901,7812,8202,7796,7776,8146,8598,7855,7994,8025,8249,8287,8476,7321,7969,7705,8254,8483,7982,7785,8316,8216,8785,7454,8056,7581,8573,7737,7893,7780,8007,8718,8378,8457,7905,8312,8773,8787,8357,8520,8334,8950,8712,8140,9155,8392,8636,8240,9217,7448,8727,9255,8421
1_64:8341,8299,8716,8898,8040,8171,8600,8341,8353,8075,8523,8262,8829,8583,8583,8431,8244,8595,8731,7787,8617,8216,8488,8866,8778,8534,8326,8760,8871,8117,8326,8168,9387,8429,8461,8478,8626,9031,8486,8459,8160,8851,8724,8984,8781,8852,8384,9282,9061,8570,9658,8968,9325,9206,9625,8332,9893,9989,9719
1_65:7897,7539,7765,7717,7421,7270,8048,7314,7509,7368,7712,7924,7815,7709,7817,7962,7616,8129,7730,7724,7674,7688,7754,8107,7879,7720,7921,8448,7881,7618,7837,8043,8413,7990,8363,8274,7782,8689,7877,7569,7670,7700,7814,7818,7559,7900,7603,8272,7935,7818,8671,8199,8141,8373,7960,7548,8319,8376,8762
1_66:7061,6354,6759,6352,6222,6000,6904,6374,6587,6123,6716,6903,6737,6535,6938,7124,6288,6785,6559,6862,6543,6930,6747,7046,6693,6687,6953,7708,6807,6746,7080,7456,7504,7024,7358,7128,7122,7673,7086,6694,7062,6817,7415,7339,6968,7282,7184,7728,7336,7022,7847,7504,7761,8199,7775,7011,7893,7881,7753
1_67:6417,5936,6124,5897,5775,5633,6320,5827,5750,5823,5931,6261,6031,5856,6053,6552,5932,6231,6209,6250,6067,6327,6188,6328,6099,6256,6296,7021,6089,6065,6353,6676,6294,6217,6886,6733,6311,7274,6530,6426,6514,6456,6763,6800,6453,6676,6503,7171,6887,6619,7373,6997,7264,7309,7018,6586,7219,7109,7063
1_68:6688,6440,6723,6136,6062,6228,6861,6384,6327,6333,6682,6471,6820,6239,6475,7270,6011,6561,6403,6102,6443,6105,6111,6488,6107,6007,5994,6521,6047,6026,5727,6031,6518,6320,6779,6387,6174,7093,6486,6592,6451,6205,6838,6393,5983,6731,6173,6841,6906,6255,7296,6733,6850,7528,7002,6694,7378,7539,7224
1_69:7465,7448,8034,7375,7008,7557,7391,6906,6975,7298,7290,7578,7034,7066,7465,7601,7328,7320,7963,6565,7445,6753,6936,6890,7157,6941,6814,7116,6491,6974,6672,6613,7403,7221,7221,6981,6996,7793,7199,7169,6717,6947,7925,7104,6930,7541,6906,7844,8328,7859,8293,8305,8309,8451,8177,7385,8376,8941,8803
1_70:8467,8413,8846,7996,7716,8156,8318,7989,8119,7985,7858,8876,7834,7670,7913,8018,8172,8150,8532,7259,7840,7647,8140,7793,8198,8082,7569,8127,7489,7615,7647,6766,8138,7696,7613,7367,7578,8178,8469,7935,7773,7991,8944,8374,8325,8592,8070,9180,9367,9040,9176,9146,9373,9048,9129,7853,9339,9751,9648
1_71:8500,8406,9288,8720,8350,8528,8327,8035,8397,8264,8341,8974,8213,7913,8899,8090,8077,8297,9029,7863,8085,7979,7778,7904,7820,7900,7706,8027,7386,7821,8273,7192,8943,7796,7866,8244,7656,8638,8851,7938,7950,8362,8899,7993,8171,8481,8392,8680,8971,8702,9096,9054,9017,8830,8865,7536,8989,9564,9342
1_72:8208,8143,8167,8164,7231,7516,7960,7416,7980,7720,7507,8135,7913,7661,8010,7893,7904,8338,8765,7405,7754,7765,7979,8483,7874,7966,7904,8772,7723,7635,7817,6984,8194,7516,7626,8095,7499,8311,8080,7391,7312,7589,8080,7404,7819,7750,7473,8437,7845,7675,8038,8063,7920,7893,7961,6994,8353,8990,8270
1_73:10343,10711,10213,10374,10299,9965,10473,10160,10095,10250,10242,10726,10525,10334,10328,10140,10034,10392,10248,9494,9977,10460,10281,10303,9844,9887,9542,10636,9517,8908,9595,9726,10318,9211,9470,9948,9231,10117,9618,9122,8887,9062,9629,8741,8757,8891,8362,9449,9192,8773,9415,8543,8828,8644,8560,8108,8686,8939,8355
1_74:9494,10118,9347,9871,9349,9054,9896,9447,9301,9337,9302,9804,9738,9339,9664,9373,9357,9554,9442,8622,9241,9180,9279,9501,8992,9367,8936,9381,9532,8485,9169,9333,9674,8871,9242,9512,8931,9641,8760,8589,8657,8620,9516,8823,9073,9330,8816,9459,9486,8868,9149,8721,9009,8511,8675,8136,8739,9221,8733
1_75:8960,9644,9194,9833,9310,8945,9690,9166,9370,9351,9336,9505,10123,9337,9457,9342,9258,9233,9516,8577,8968,8991,8779,8945,8833,9018,8707,9213,9228,8397,8469,8618,8989,8238,8607,8772,8425,9143,8238,8188,8100,8102,8925,8107,8223,8370,7816,8906,8692,7909,8721,8305,8432,8330,8499,7841,8324,8598,8314
1_76:10155,10961,10994,11058,10701,10113,11546,10383,10455,10365,10405,10898,10777,10233,10331,10328,10620,10617,10439,9718,10188,10325,10011,10299,9843,9937,10059,10306,10020,9408,10029,9632,10493,9440,9601,9810,9633,10113,9203,9321,9171,9023,9851,9051,9017,9133,8591,9777,9322,8716,9320,8715,9093,9181,8712,8552,8914,9101,9380
1_77:7157,7216,7316,7361,7166,6811,7607,7148,7047,7195,7272,7227,7530,7162,7331,7299,6774,7271,7079,6890,6898,6948,6934,7285,7119,6774,6972,7788,6836,6584,7068,6724,7598,6841,7050,6935,6641,7479,6822,6188,5988,6085,6344,6236,6145,6521,6115,6929,6806,6636,7680,7564,7647,7594,7638,6806,7519,7567,7411
1_78:6681,6303,6073,6121,6155,5709,6756,6071,6062,6074,6326,6650,6381,6265,6053,6440,6129,6588,6199,6122,6055,6596,6673,6509,6504,6077,6273,7094,6252,6022,6482,6632,6974,6529,6487,6753,6743,6995,6649,6422,6380,6464,6951,6674,6416,6896,6204,7144,6957,6515,7027,6776,7097,7106,7275,6721,7375,7559,7146
1_79:7018,6740,6581,6752,6422,6385,6927,6332,6295,6407,6899,6692,6446,6347,6400,6771,6149,6482,6532,6339,6242,6389,6309,6560,6379,6306,6090,6963,6138,6052,6371,6630,6921,6531,6764,6576,6501,6956,6479,6082,6299,6348,6785,6408,6205,6604,6136,6928,6817,6241,6615,6345,6509,6665,6198,6058,6840,7167,6840
1_80:7730,7852,7886,7621,7387,7572,7836,7424,7609,7509,7395,8135,7946,7594,7733,8074,7550,7782,7819,7231,7642,7558,7524,7709,7579,7338,7094,7971,7389,7063,7019,7456,7711,7274,7033,7243,6911,7525,6813,6669,6550,6558,7076,6313,6721,7124,6222,7001,6935,6510,6573,6274,6561,6429,6597,6672,7083,7325,7004
1_81:9438,9607,9767,9749,9524,9608,10099,9464,9543,9410,9734,9780,9961,9659,9820,10046,9577,9665,9759,8844,9631,9276,9384,9420,9381,9579,9189,10041,9408,9380,9304,9223,9788,9296,9325,9555,9090,9838,9027,9007,8915,8946,9927,8759,9149,9642,8426,9500,9604,8898,9431,9039,9162,9221,8939,8748,8732,9014,8864
1_82:10237,10682,10757,10524,10227,9770,11297,9979,10205,10320,10443,11312,10922,10449,10680,10777,10490,10844,10675,9643,10454,10524,10243,10549,10126,10209,10290,10836,10221,9911,10225,9738,10865,9887,10013,10304,9982,10601,9797,9443,9764,9735,10618,9626,9980,9676,9292,10714,10360,9779,10035,9946,9981,9566,9494,9098,9351,9239,9365
1_83:10408,11007,11146,10679,10637,9889,11060,10376,10407,10396,10422,11629,10809,10796,10876,10691,10577,11011,10550,9814,10379,10563,10738,10856,10483,10308,10379,11105,10234,9999,10245,9973,11200,9956,10021,10424,10129,10524,9891,9288,9950,9838,10338,9820,9673,9806,9096,10319,10186,9469,9929,9870,9633,9791,9361,8837,9521,9246,9520
1_84:11045,11615,11324,11221,11442,10842,11600,11199,11239,11206,11537,12510,11472,11447,11607,11565,11051,11862,11125,10556,10821,11191,11160,10916,10669,10417,10525,11480,10288,9969,10603,10396,11330,9894,10040,10718,10107,10773,9979,9496,9675,9394,9850,9487,9447,9332,8729,10117,9629,9301,9868,9162,9404,9037,9052,8652,8909,8969,8911
1_85:13194,13468,12924,13174,13075,11964,13296,13105,12551,12477,12569,13464,12878,12843,12792,12657,12206,12626,12570,11470,12230,12347,12087,12176,11864,11601,11282,12603,11770,10784,11623,11838,11876,11015,11574,11762,11275,12193,11201,10440,10744,10571,11438,10707,10718,10529,9906,11694,11083,10489,11263,10494,10554,10305,10136,9833,10221,10728,10316
1_86:11706,12515,11819,12203,11983,11487,12310,11822,11818,11858,11960,12446,12158,11790,12048,11814,11640,11931,12045,10839,11408,11283,11389,11364,11189,11190,10412,11547,10995,10309,10775,10949,10983,10359,10447,11096,10379,11354,10491,9851,9967,10325,10875,10390,10829,10663,9796,11263,11134,10329,11071,10495,10742,10429,10172,9797,10214,10739,10486
1_87:10611,11364,11184,11325,10971,10618,11454,10451,10629,10590,10808,11023,11126,10777,10776,10765,10712,10556,10727,9975,10273,9983,10025,10438,10110,10102,9915,10359,10185,9670,10017,9600,9928,9507,10062,10129,9647,10712,9861,9438,9545,9659,10310,9553,9827,9957,9190,10382,10067,9669,10194,9925,10222,9898,9889,9255,9733,10238,10025
1_88:10289,12068,11461,11740,10945,10446,11598,10481,10503,10185,10959,11064,10803,10900,10383,10470,10905,10856,10694,10056,10533,10763,10073,10417,10263,10423,10365,10746,10679,9924,10745,10084,10628,9979,10529,10518,10161,11353,10324,9967,9979,10255,11150,10060,10148,10277,9410,10893,10649,10067,10911,10136,10773,10646,10146,9728,10442,10693,11010
1_89:10027,10615,10635,10949,10541,10037,10912,10206,10313,10308,10234,10571,10246,10061,10360,10279,10018,10338,9957,9563,9824,9918,9807,10124,9881,9725,9418,10509,9890,9364,10188,9668,10565,9496,9823,10347,9817,10275,9487,9166,8882,9118,9528,9057,8838,9133,8278,9400,9518,8992,9655,9369,9368,9425,8828,8162,9178,9114,9374
1_90:8052,7839,8190,8040,7975,7528,8381,7664,7947,8054,8008,8110,8075,7822,8150,8242,7598,8272,8288,7761,7798,7885,8066,8317,8297,7856,7907,8733,7829,7736,8175,8021,8476,7870,8262,8403,8155,8770,8337,8122,7971,7839,8390,8029,8265,8194,7473,8495,7973,7839,8375,8652,8118,8118,7494,6869,7194,7592,7423
1_91:8820,8592,8804,8657,8437,8294,8714,8453,8390,8296,8244,8672,8538,8612,8632,8776,7973,8776,8663,7978,8497,8470,8717,8601,8408,8427,8224,9122,8396,8170,8697,8715,9045,8291,8638,8840,8531,8952,8608,7989,8136,8409,8355,8000,7824,8236,7683,8378,8411,8099,8260,7955,7723,7732,7155,6974,7448,8246,8737
1_92:9162,9500,9455,9528,9261,9245,9726,9030,9401,9355,9564,9451,9659,9548,9834,9988,8965,9600,9528,8648,9168,9288,9211,9377,9310,9315,8739,9763,9154,8952,9072,9450,9437,8885,8923,9432,8617,9531,9106,8523,8593,8611,9429,8600,8709,9074,8298,9218,9241,8969,8943,8517,7953,8108,7698,7621,7899,8520,8765
1_93:10974,11791,11389,11424,11270,11291,11905,11086,11319,11029,11667,11787,11791,11736,11681,11802,11513,11615,11788,10754,11629,11118,11251,11381,11200,11428,10765,11644,11149,11022,11098,10977,11244,10803,11170,11110,10836,11677,10917,10693,10484,10421,11898,10487,10693,11006,9950,11177,11222,10354,11325,10789,10800,10510,10276,9928,9977,10413,10309
1_94:13854,15125,14088,14405,14840,14422,15788,14461,14853,14804,15572,14407,14499,14556,14896,14802,14913,15266,14681,13632,14786,14912,14749,14383,14273,14362,14494,14670,13825,13850,13611,13949,14190,14027,14145,14006,13438,14249,12999,12851,12904,12923,14075,13213,12907,12875,11664,13123,12771,12373,12906,12458,12271,12479,11511,11577,11732,11425,12265
1_95:12020,12947,12541,12612,12531,11930,13339,11877,12390,12198,12679,12920,12588,12400,12473,12310,12056,12149,12061,11173,11685,11779,11869,11753,11884,11264,11264,11954,11256,10691,11448,10990,11675,10946,10939,11497,10925,11501,11109,10594,10826,10394,11240,10915,10647,10587,9659,11220,11149,10318,11223,10607,10730,10579,10282,10030,10457,10494,10682
1_96:11844,12342,11837,11904,11952,11122,12530,11872,11561,11444,11702,12510,11483,11631,11556,11486,11377,11737,11470,10791,11345,11437,11201,11084,11181,10924,10692,11698,10730,10064,10861,10667,11350,10342,10497,10914,10385,10855,10681,9968,10066,9991,10764,10162,10012,10173,9368,10785,10752,10030,10941,10129,10419,10147,9931,9601,10187,10758,10330
1_97:13671,14306,13558,13733,13668,12984,14061,13218,13527,13453,13225,14188,13314,13293,13791,13750,13375,13845,13087,12161,13261,13285,13030,12945,12483,12405,12324,13104,12106,11658,12360,12515,12558,11925,12034,12480,12117,12904,11726,11364,11589,11447,12227,11411,11335,11583,10689,12319,11848,11165,11954,11087,11285,10769,10824,10461,11269,11287,10782
1_98:10887,11551,11186,11503,10810,10657,11434,10787,10940,10892,10922,11311,10823,11046,11051,10886,10783,10710,11067,9987,10666,10473,10536,10645,10360,10614,9950,10907,10310,9870,10281,10181,10499,9983,10016,10420,9755,10898,10068,9552,9661,9985,10452,9994,10214,10232,9294,10881,10558,10033,10880,10489,10342,10481,10292,9952,10307,11115,10940
1_99:10441,10973,10896,11290,10942,10649,11960,10596,10900,10485,10593,11405,10980,10819,11112,10841,10922,10802,10917,10291,10653,10640,10302,10406,10584,10697,10167,10740,10574,10236,10387,9980,10419,9937,10130,10197,9916,10874,10105,9858,9874,10027,10887,9973,10639,10442,9496,11341,10678,10295,11121,10410,10851,10404,10258,10052,10669,11085,11252
1_100:10774,11313,11405,10825,11287,10830,12195,10931,11425,10781,11276,11682,11288,11466,11048,11161,11554,11340,11180,10503,11143,11368,10769,11215,10871,11189,10964,11335,10737,10480,10840,10629,11268,10476,11097,10948,10451,11586,10587,10516,10336,10670,11460,10421,10874,10575,9903,11519,10692,10376,11236,10688,11031,10729,10421,10115,10651,11082,11224
1_101:11175,11595,11307,11164,11401,10843,11844,11083,11070,10770,11001,11710,11090,11024,10993,10896,11248,11212,10723,10207,10683,10760,10770,10787,10498,10514,10368,11306,10502,10020,10706,10486,11396,10246,10553,11058,10481,11201,10395,10109,10092,10026,10739,10322,10216,10154,9277,11063,10687,10229,10866,10384,10550,10095,10005,9447,9930,9811,10403
1_102:9519,9518,9446,9372,9377,9062,9268,9126,9360,9028,9292,9301,9350,9380,9157,9457,9104,9343,9227,8555,9225,9196,9207,9304,9281,9076,8790,9774,8977,8604,9412,9148,9695,8859,9083,9772,9217,9484,9160,8925,8727,8675,9058,8772,8525,9161,8207,9180,9107,8820,9122,8797,8544,8550,8188,7692,8163,8390,8552
1_103:9256,9232,9214,9641,9147,9502,9715,9418,9650,9265,9615,9679,9904,9672,9811,9727,9090,9762,9627,8878,9666,9562,9651,9453,9643,9341,8958,9953,9464,9069,9738,9474,9842,9219,9398,9762,9227,9562,9229,8791,8996,8983,9546,9012,8594,9291,8423,9218,9159,8918,9614,9171,9263,8958,8175,7840,7822,8344,7912
1_104:11672,11776,11113,11488,11460,11629,11942,11379,11063,11242,11381,11316,11590,11258,11227,11598,11189,11207,11316,10548,11102,11156,10696,10478,11332,10662,10882,11881,10853,10719,10828,10724,11204,10774,10306,11141,10140,10964,10567,10202,10758,10259,11056,10317,10343,10779,9863,10731,11015,10721,11138,10751,10311,10373,10353,9694,9918,9982,9902
1_105:14270,14904,13791,14107,14264,13623,14937,14956,14509,14333,14930,14816,14534,14306,14453,15630,15405,15676,14311,14469,15414,15431,15624,15450,14387,15458,14532,14661,14011,14222,14706,14326,15239,14836,14366,14909,14947,15589,13726,13933,14554,14048,15675,14082,13804,14333,13368,14715,14306,13192,14027,13406,13760,13966,12813,12451,13062,13397,13911
1_106:13831,14771,14090,14109,14280,13744,15208,14029,14056,13878,14641,14692,14455,14012,14174,14464,14582,14312,13922,13232,14128,14152,13533,13654,13732,13618,13822,13768,13572,12927,13493,13088,13837,12955,13628,13734,12991,14013,12569,12406,12740,12581,13909,12547,12828,13020,11546,13819,13162,12465,13208,12559,13225,12789,12209,12622,12415,12907,13086
1_107:12040,13312,12773,12780,12796,12159,13664,12243,12764,12505,12686,13381,12844,12696,12404,12372,12284,12541,12355,11442,12332,12364,12226,11980,12417,11798,11880,12128,11772,11309,11775,11313,12059,11354,11280,11734,11310,11766,11281,10890,11281,11229,11387,11296,11154,11478,10330,12147,11739,11084,11981,11202,11565,11338,10888,10823,11222,11227,11288
1_108:12997,13843,13106,13440,13529,12943,14294,12958,13368,13196,13217,14176,13350,13447,13188,13345,13213,13319,12869,11721,12598,13013,12780,12849,12574,12503,12113,13107,12208,11420,12138,12142,12751,11631,11626,12004,11984,12762,11965,11169,11666,11450,11826,11633,11201,11636,10699,12679,11845,11226,12226,11438,11535,11318,11126,10937,11565,11535,11291
1_109:13010,13800,12947,13523,13257,12491,13848,12930,13719,13163,12887,14308,12914,13069,13855,13460,13319,13577,13698,12259,13523,13192,12972,13186,12622,12662,12552,13096,12427,11894,12299,12014,12635,12277,12615,12574,12421,13116,11918,11591,11269,11879,12431,11759,11624,11726,10791,12581,11885,11289,12229,11430,11592,11038,11194,10801,11430,11400,11341
1_110:11360,12468,11562,12307,11728,11119,12349,11390,11913,11943,11964,12528,11765,11685,12167,12152,12125,12091,12047,11112,11884,11465,11148,11593,11633,11651,10939,11634,11325,10775,10991,10941,11332,10824,10810,11337,10706,11776,10778,10626,10638,10916,11459,10437,10805,11084,10112,11969,11515,10854,11703,11112,11520,11289,10917,10993,11450,12043,11533
1_111:9617,10264,9717,10218,10025,9574,10554,9689,10096,9550,10125,10935,9914,9973,10019,9765,10557,10112,10631,9612,9865,9869,10250,10061,9607,10180,10090,10595,10100,10159,10291,10097,10017,9432,9986,10642,10110,10689,9949,9597,9264,10108,11223,9974,10416,10741,9118,11048,10529,9689,11095,10227,10870,10251,10379,10089,10474,10572,10590
1_112:10188,10673,10557,10226,10232,9756,11112,10284,10626,10175,10433,11126,10753,10565,10526,10663,11112,10638,10577,9937,10624,10817,10119,10515,10460,10652,10238,10494,10279,9959,10465,9790,10648,10115,10475,10592,10166,10820,10064,10121,9978,10084,10789,10337,10609,10377,9561,11208,10147,10016,11196,10632,10880,10437,10394,10277,10649,10527,10869
1_113:8523,9079,9052,8931,9116,8552,9536,8608,9234,8743,9210,9809,9276,9157,8890,9284,9399,9115,9003,8452,8906,9131,9022,8893,9061,8908,8757,9505,8721,8515,9040,8743,9262,8698,8939,9431,8770,9619,8921,8919,9023,8819,9950,9536,9363,9559,8579,10433,9768,9315,10325,9797,9951,9567,9474,9428,9777,9746,10206
1_114:10571,11023,10806,10971,10787,10409,11062,10418,10861,10493,10596,11094,10669,10862,10492,10861,10491,10983,10506,9828,10516,10378,10358,10403,10365,10062,9822,10956,10223,9633,10134,10231,10661,10090,10145,10535,10290,10752,10120,9981,10127,9707,10379,10056,9694,10376,9404,11022,10620,10003,10913,10149,10400,10018,10141,9693,10057,10198,10195
1_115:10591,10919,10287,10476,10086,10318,10689,10287,10164,9868,10180,10603,10093,10381,10419,10797,10196,10725,10561,9804,10499,10642,10504,10375,10134,10228,10165,10944,10372,10058,10483,10749,10892,10466,10732,10710,10587,11063,10097,10011,10265,10249,10857,10193,9820,10550,9629,11263,10985,9925,10870,10032,10861,10704,10328,10155,10793,10968,10767
1_116:16712,17568,14880,15593,16314,15278,16520,15885,15359,15768,15537,16085,15368,15721,15247,15950,16646,16749,15879,15600,16101,16419,15914,15886,15632,15695,15846,16260,14791,15220,15894,15744,15876,16070,16497,16041,15864,16475,14668,14390,14794,14476,16156,14661,14247,15534,13798,15154,15097,13924,15016,14227,14241,14106,13665,13111,13989,14143,14233
1_117:16623,18140,15308,15849,15933,14141,16329,17220,15430,15691,16514,16441,15785,15051,16632,17083,16976,18051,16335,16276,16877,17591,17109,17771,15262,17719,15998,16151,16360,16547,17385,16912,17525,17016,17030,15664,17584,18235,14906,14831,15107,14126,16562,14886,14435,15322,13979,16359,16500,13492,15001,14062,14530,14631,13116,12549,13821,14052,14825
1_118:13586,15207,13998,14252,14326,13814,15800,14227,14002,13671,14752,15148,14700,14337,14230,14590,14829,14624,14552,13793,14018,14579,13779,14342,13746,14070,14476,14039,14009,13501,13482,13447,14302,13421,13612,14006,13203,15007,12773,12841,13111,13003,14586,12939,13140,13406,12438,14016,14018,13042,13804,13594,13940,13624,12547,13500,13260,13585,13619
1_119:10306,11205,10683,11081,11233,10459,11875,10584,11171,10902,11292,11426,11028,11044,10990,11304,11135,11348,11065,10459,10843,10969,10776,10942,11119,10798,10588,11082,10875,10077,10733,10457,10945,10149,10595,10803,10652,11072,10405,10046,10324,10603,11252,10702,11021,11186,9844,11730,11507,10811,11743,11281,11442,11021,10794,10891,11406,11592,11758
1_120:11464,12195,11405,12149,11715,11288,12499,11572,11875,11562,11603,12781,11802,11840,11696,11796,11711,12133,11625,11164,11519,11982,11371,11603,11812,11630,11474,12005,11410,10693,11264,11117,11649,10852,11050,11483,11093,11952,11460,10621,11155,10879,11355,10929,11029,11604,10213,12061,11665,10837,11859,11113,11675,11096,10934,11029,11601,11824,11630
1_121:10705,11144,11121,11352,11078,10558,11813,11018,11216,10763,10979,11296,11066,10960,11018,11212,11056,11165,11062,10318,10629,10925,10626,11033,10620,10427,10644,11010,10652,9903,10584,10001,10553,9976,10363,10483,9848,10700,10057,9877,9645,10157,10585,9767,10341,10340,9430,11207,10738,10236,10950,10326,10713,10515,10143,9833,10318,10991,10570
1_122:10637,11780,11403,11705,11422,11158,12196,11349,11686,11249,11610,12153,11970,11589,11960,11564,11699,11955,11824,10926,11466,11613,11046,11193,11469,11341,11290,11808,11321,10454,11203,10789,11289,10605,11047,11125,10464,11326,10620,10566,10439,10801,11323,10684,10902,10872,9949,11247,11330,10570,11438,11012,11276,10626,10649,10597,10894,11320,11164
1_123:11228,11625,11811,11746,11609,11345,12394,11144,11829,11344,11227,12356,11395,11495,11545,11500,11886,11189,11658,10808,11182,11476,11044,10959,11215,11298,11212,11355,10919,10613,10936,10801,11050,10738,10867,10857,10368,11188,10682,10459,10287,10704,10992,10203,10940,10605,9674,11661,10796,10597,11247,10628,11178,10372,10606,10274,10680,10570,10682
1_124:10994,11281,11389,11449,11479,10971,12125,11125,11277,11134,11020,11693,11326,11355,11144,11260,11937,11262,11351,10606,10957,11315,10706,10966,11256,11211,10835,11369,10968,10556,11011,10441,11106,10348,10877,10827,10427,10795,10359,10106,10298,10433,11097,10269,10651,10491,9730,11293,10470,10250,11188,10543,10562,10290,10283,10347,10553,10538,11192
1_125:7617,7996,8170,8111,8114,7879,8642,7855,8135,8058,8187,8994,8257,8127,7978,8306,8881,8445,8339,7761,8027,8231,7955,8193,8275,8529,8094,8420,8438,7703,8675,8112,8567,8137,8237,8617,8240,8915,8228,8442,8611,8333,9189,8736,9044,8872,8035,9396,8730,8447,9412,9276,9549,9060,9018,8744,9080,9647,9705
1_126:8483,9111,8914,9064,8861,8870,9494,8626,8957,8582,9064,9496,8941,8848,8954,9034,8957,9128,8907,8338,8933,8963,8699,8950,9034,8965,8736,9185,9073,8468,8913,8916,9396,8745,8837,9363,8862,9564,9038,8846,9017,9082,10028,9323,9330,9579,8667,10283,9807,9505,9968,9617,9895,9366,9527,9344,9505,9871,10098
1_127:8595,9242,9005,9482,9043,9148,9636,8904,9346,8886,9630,9461,9223,9377,9018,9590,9093,9367,9007,8612,9246,9160,8991,9106,9084,9297,9012,9411,9003,8952,9054,9356,9159,9246,9128,9299,9173,9890,9310,9205,9957,9396,10447,9904,10042,10239,9443,11022,10741,10040,10934,10384,10780,10686,10526,10274,10639,11245,10963
1_128:11283,11661,11152,11449,11170,11274,12208,11422,11439,11675,12112,11752,11782,12300,11512,12208,11770,11827,11980,11213,11644,12139,12019,11769,11914,11712,11557,12241,11563,11438,11636,11783,11799,11894,12044,12035,12218,12722,11646,11351,11646,11507,13246,11802,11810,12831,11298,13113,12632,12149,12659,12207,12594,12310,11990,11618,12129,12727,12146
1_129:10861,11783,11289,11491,11154,11248,12266,11008,11510,11107,11523,11464,11516,11450,11105,11721,11632,11334,11679,11035,11163,11204,10946,10990,11333,10756,11075,11354,11139,10723,10900,10942,11187,10451,10762,10990,10371,11703,10217,10790,10380,10519,11742,10335,10667,11498,10009,11364,11296,10767,11403,11013,10856,11301,10818,10799,11065,11483,11034
1_130:10496,11375,10845,10811,10779,10681,11575,10694,11165,11304,11735,11267,11517,11400,11131,11551,11865,11545,11460,10992,11462,11323,11133,11364,11396,11066,11477,11201,10996,10930,10867,11017,10927,10900,11023,11302,10677,11706,10783,10605,10835,10939,11832,11130,11113,11637,10374,11678,11372,11109,11901,11336,11399,11400,10868,11383,11388,11781,11621
1_131:13923,15609,13975,13467,13569,12506,14638,14357,14707,15265,14813,14226,14739,15037,14578,14357,16642,14847,14690,14163,14920,14971,15176,14805,15055,14917,14409,14290,13523,13008,12940,13936,13915,14068,14510,14194,14019,14541,13675,12720,13480,13877,14782,13867,14145,14372,13080,14140,13466,13721,13936,13636,13518,12926,12314,13218,12853,12888,12691
1_132:10711,11743,11305,11606,11457,10975,12169,11278,11386,11253,11090,11796,11485,11143,11169,11450,11725,11534,11567,10722,11156,11081,10663,10968,10891,10837,10819,11258,10874,10286,10958,10306,11194,10336,10622,10808,10431,11305,10398,10276,10411,10407,11121,10356,10910,10963,9879,11843,11329,10701,11650,10834,11273,10877,10797,10654,11113,11401,10710
1_133:10663,11931,11416,11589,11481,11014,12327,11082,11778,11257,11359,11944,11681,11563,11396,11680,11688,11517,11604,10617,10910,11240,10845,10932,10964,10645,10693,11399,10821,10241,10601,10240,10659,10305,10572,10574,9799,10986,9928,9751,10099,10292,10469,9743,10399,10216,9094,11082,10475,10137,10770,10045,10396,10070,10112,10059,9894,10454,10176
1_134:10581,11891,11424,11613,11427,10994,12369,11048,11502,11283,11274,11945,11597,11388,11458,11559,11587,11329,11533,10655,11128,11445,10841,11033,11153,10881,10999,11585,10923,10310,10871,10714,11257,10503,11006,10743,10366,11376,10451,10165,10584,10648,11362,10448,11113,10842,9784,11751,10556,10660,11240,10768,11219,10581,10801,10756,10843,11106,11111
1_135:9731,9898,10133,10277,10119,9745,10725,9469,9820,9803,9617,10365,9816,9825,9924,10100,10213,9923,9748,9176,9763,9743,9369,9592,9790,9794,9459,9788,9920,9205,9589,9261,9824,9260,9735,9733,9198,9958,9492,9242,9344,9571,9651,9278,9711,9627,8932,10367,9616,9610,10029,9922,10008,9727,9885,9564,9945,9807,10251
1_136:8958,9163,9345,9244,9238,8879,9677,8688,9151,8721,8962,9339,8663,8746,8776,8986,9087,8911,9031,8364,8443,8613,8132,8540,8690,8758,8614,8690,8672,8314,8805,8490,8493,8189,8448,8506,8137,8684,8203,8265,8106,8320,8796,8257,8706,8433,7830,9169,8495,8312,9148,8993,9426,9062,9271,9169,9494,9162,9601
1_137:7481,7909,8004,7893,7986,7838,8281,7713,8194,7752,7990,8435,8090,8156,7986,8221,8307,8157,7834,7689,7836,8318,8028,8070,8421,8284,8079,8451,8220,7816,8514,7911,8189,8195,8398,8408,8081,8640,8274,8282,8267,8140,8876,8347,8809,8689,7870,9442,8548,8442,8990,8647,8849,8522,8721,8506,9047,9114,9618
1_138:9005,9463,9357,9434,9177,9044,9922,9196,9170,8908,9027,9578,9368,9089,9208,9269,9497,9297,9050,8684,8860,9292,8824,8936,9090,9111,8950,9506,9270,8768,9233,8589,9209,9013,9187,9244,8608,9642,8739,8678,8831,8750,9701,8838,9342,9592,8546,9943,9699,9197,10098,9332,9812,9267,9346,9277,9998,9771,9767
1_139:9583,10259,10176,10176,10073,9921,10410,9763,10089,9788,10236,10354,10212,10116,10008,10161,10230,10318,10159,9276,10035,10025,9775,9942,9947,9839,9614,10382,9940,9547,10075,9575,10324,9608,9931,10087,9561,10517,9618,9479,9882,9413,10505,9807,9880,10191,9234,10400,10238,9805,10055,9695,10146,10039,9891,10040,10369,10482,10437
1_140:9187,9524,9271,9756,9798,9503,10102,9266,9866,9473,10128,9900,9703,9692,9684,10143,9732,9923,10001,9366,9739,9852,9724,9621,9992,9637,9615,10202,9575,9980,10011,9721,10219,9800,9969,10256,9722,10612,9626,9466,9889,9897,11006,9958,10167,11214,9546,11099,10994,10582,11129,10719,11099,10813,10266,11141,11597,11366,11187
1_141:10060,10222,10409,10416,10163,10443,10866,10304,10635,10210,10554,10536,10531,10531,10466,10763,10271,10694,10424,10094,10608,10119,10195,10122,10658,10154,10209,10388,10353,10283,10308,10362,9975,9960,10314,10402,9803,10629,9810,9835,10016,9917,10907,10278,10361,10633,9488,11101,10977,9984,10833,10652,10830,10749,10690,10840,11256,11816,11050
1_142:9859,10593,10434,10705,10509,10144,11120,10158,10431,10230,10633,10225,10188,10215,10401,10350,9912,9898,9832,9469,10008,9323,9279,9535,9629,9353,9392,9455,9436,9233,9383,9215,9159,9087,9420,9411,8769,9735,9035,8935,9036,8947,9971,9208,9236,9885,8825,10066,9829,9406,10158,9847,9879,10016,9975,10243,10035,10737,10150
1_143:10639,11704,11236,11528,11129,11006,12291,11211,11591,11282,11296,11927,11695,11402,11419,11662,11409,11476,11606,10892,11043,11276,11041,11223,11182,10822,11210,11280,10693,10619,10944,11037,11046,10374,10644,10916,10599,11237,10339,10462,10739,10463,11210,10379,10811,10963,9957,11568,10877,10687,11222,10728,11107,10868,10632,10906,10708,10993,10171
1_144:9574,10591,10394,10594,10166,10053,11041,10044,10338,10302,10047,10451,10647,10326,10456,10480,10584,10542,10644,9767,10055,10334,9973,10220,10189,10082,9989,10639,9995,9759,10078,9971,10408,9736,9912,9894,9528,10438,9643,9550,9677,9791,10356,9547,10067,10196,9273,10658,10177,10131,10638,9987,10447,10012,10200,9922,10277,10267,10022
2_1:13276,13816,12671,12816,13182,12652,12949,13175,13312,15957,16954,17565,17911,18355,19210,17930,16968,17081,17222,14987,15619,15039,13366,11852,11752,10951,12190,14611,12519,12592,12693,9474,11997,12392,10780,8906,10723,13198,13109,9719,13206,15253,16129,15328,15227,15741,12016,13390,11118,9945,9235,10177,12008,12426,11548,10355,13446,14762,16126
2_2:13037,13022,12793,11938,10949,11732,12348,14615,16188,15335,16684,18812,19004,20052,19483,16036,17005,17385,15674,14174,12231,10241,10764,10979,11522,12152,13168,14458,11895,9655,10736,10292,12539,12037,9499,9102,11401,14648,10591,11439,14287,15889,16676,14914,14722,12317,9526,12296,11247,9873,10286,11590,12786,10916,11456,11500,14448,14481,16102
2_3:12850,12655,13470,11235,11193,13225,13598,13778,16414,20012,19954,21420,20462,18713,16656,15840,15624,15662,14054,12893,12469,13326,13299,13402,13350,12829,12550,11241,9982,10316,11898,11095,11444,11445,10749,11169,12158,12982,13607,14795,15495,14613,15571,13615,12131,10947,8497,11097,10336,9961,10343,10314,11622,12017,12690,11256,13430,13873,14903
2_4:10702,11040,10907,10066,10961,12527,14203,16589,18322,18385,17387,18096,18153,16944,17163,16275,16816,16913,14342,14152,14129,14086,14359,13504,12738,11692,12639,13279,13354,13424,14062,13606,14094,13698,13812,15043,15017,15930,15911,15610,15014,14450,14117,12450,12124,10220,9566,9975,10307,9257,9274,10047,11744,13885,12876,11587,15560,14898,15884
2_5:11580,12822,13979,14240,15195,16485,16970,18127,18161,17785,17045,17281,16137,14974,15061,14732,14900,14396,13331,13145,13573,12875,13710,13855,13690,12646,12130,13271,13251,14107,15153,15167,14916,13563,13809,13934,14644,15048,13762,13656,13043,12179,13962,12614,12276,9980,9847,9676,10253,10976,10756,10579,12006,12760,13114,12204,15574,16057,18185
2_6:13834,15022,15092,15187,15661,17371,18669,18753,18149,17653,18201,17298,16073,13608,13609,12709,13201,13798,13885,12872,13737,12059,13342,14697,15956,15900,15022,15115,13828,14554,16291,16412,16946,16264,16319,15001,12679,13895,12950,12944,12512,12980,13887,13160,13003,11734,12361,12175,12506,12855,11689,11837,12522,12549,12268,12740,16353,17146,17395
2_7:13198,13090,13685,13133,14149,16402,19251,18677,18560,17781,17492,19139,17039,14745,16058,15308,14112,13380,13002,13414,14354,14705,15303,13082,12937,14047,16143,17700,14502,14068,15284,15666,16854,16254,14994,17027,16013,14728,12197,11429,12703,13728,14488,12993,12819,12683,12990,13387,12247,13001,12210,12165,13537,13939,13916,12418,17188,17884,16782
2_8:14396,14662,12515,13108,12938,13574,15300,16613,18344,21079,21122,22087,19436,15510,13225,14442,16725,16921,14801,12967,11305,11030,12950,14582,13377,12166,10650,13740,16017,14897,13442,12805,14609,15278,15981,14481,15986,16345,15022,12215,12663,13566,14060,12622,12189,12616,11643,13394,12048,11553,11349,12102,13701,13597,14011,12593,15704,16445,16020
2_9:12298,12744,12543,11541,10290,12046,12204,11340,11209,13814,17519,20695,21261,21326,17782,14597,14167,16276,16929,16068,12597,11360,11929,11885,12047,12993,12065,11412,11849,13623,13871,13806,14263,14168,14747,14733,15897,17679,15028,14542,12983,13211,13900,12297,10447,10481,10298,12537,11860,10449,10178,9231,10914,9940,9649,9073,12250,12024,11051
2_10:14793,15053,11458,10833,10707,12239,13222,13532,13162,13395,13139,17060,18000,17875,18190,18079,17986,16343,16300,16752,15977,14741,13928,11093,9360,9784,8160,9077,10378,12118,12237,12243,13381,12456,12803,12322,13429,15246,14602,13810,12710,12533,13513,12580,13296,12446,12697,12577,11504,10730,9477,9496,9852,10130,8171,9234,12630,9338,10107
2_11:11866,11823,8486,7207,8306,10173,12631,14254,13972,14429,13229,13936,16000,16820,17270,16838,17148,17614,17312,16833,15848,15854,16289,14330,12469,11419,9758,9256,9184,10260,11339,11502,12756,11245,11165,12315,13184,13779,12475,12122,11787,11671,13650,13409,14407,14049,14391,15983,13531,12959,11039,10427,10543,10074,8413,7704,11030,10416,8665
2_12:11765,12797,9486,8565,7830,9051,9875,10206,10339,12663,13573,15140,16951,17137,18322,18788,17871,17333,17366,17092,16016,16586,15774,13256,11957,10592,9762,9089,8893,8523,8374,8114,10350,9601,10083,11142,10083,10766,9737,10621,9534,10325,12266,13727,14793,15209,15379,14042,11148,10111,8830,8523,8374,8086,8361,7700,9688,9682,9947
2_13:12664,11739,11666,11824,11588,12913,13888,14387,14011,14902,14212,16176,16240,14755,14591,12301,12413,13767,15537,15548,16859,18975,18526,18019,17192,16197,15136,15145,12880,12712,13961,13813,16612,15489,15068,13751,14121,15030,13892,13262,13204,13111,12384,11079,10633,10526,9790,10579,10029,9681,10854,10061,11375,11573,10602,8829,11156,12226,12262
2_14:13684,13918,13917,14240,13603,14421,14582,14085,13078,13443,12443,13466,13377,13859,16279,17669,18435,18670,17825,16472,15987,15541,15297,13941,11836,12589,14084,14693,14138,14236,14278,13106,14364,12289,11965,11123,10681,11644,10980,11242,8067,8232,9602,9202,8537,8882,10211,10183,9919,9500,8268,6347,5004,6612,9239,7133,9568,10853,10240
2_15:14291,14296,12292,13117,13599,13725,15187,15418,16507,17096,16059,18444,17879,15767,14290,13308,13059,14010,12123,11357,14264,15818,15547,15342,14855,14343,13529,12806,11638,11973,11234,11549,13302,11812,10352,9760,10795,10515,10541,11557,10700,10650,10702,9606,9887,8970,7117,7159,6403,5189,6144,5013,6413,8114,8156,6147,8078,9522,8498
2_16:16297,18438,18634,19405,18751,18619,18477,16852,16060,14954,13449,13441,11414,8747,8609,9185,11498,13179,13337,12685,12537,12272,11985,11968,11720,12644,12774,13023,12467,12516,13481,13743,15327,14443,13962,12772,12188,13304,12393,11061,11319,11827,10994,11263,10689,10499,9245,8897,8755,9060,9921,9912,12287,12996,14060,11997,14818,16178,14814
2_17:17337,18647,17714,16940,15683,16041,16490,14983,14447,14134,14680,16144,15047,12467,13249,13971,15440,15086,15788,16183,15910,17815,18119,18559,18772,19810,19987,21391,18557,19015,18755,17558,19369,17012,15563,13805,13406,13936,12471,11622,12609,11902,12517,13539,13121,13050,13495,14553,13478,13183,14818,14436,14805,15741,17290,15479,18498,19539,18922
2_18:16384,17357,16505,16345,14801,14483,17223,15769,17367,17769,18347,18531,17347,16524,17195,17961,18221,19149,19327,18396,18505,20768,21172,20092,19023,19069,20330,20896,19544,19976,19702,19882,21437,19245,18248,17432,17506,17874,15973,14642,14385,14038,13621,12156,10775,11189,12272,12631,12242,11204,13280,12433,12700,13080,12312,11440,13740,14474,17617
2_19:17829,19099,19496,19072,17680,16493,18714,17202,17220,16790,16445,19431,19382,19633,20090,20256,20479,19995,20412,21049,21177,22237,21544,20578,20281,20030,20405,20771,19519,19868,18503,18651,19044,18612,18825,19349,19803,21082,19949,20200,18726,17955,18016,16083,15807,16281,15518,15136,14229,13388,13410,12453,12730,12573,12000,9973,10816,12345,14440
2_20:15368,14904,15878,16501,16584,17619,19522,19122,18660,17457,15451,16373,15349,15377,16217,16500,17609,19085,18651,18559,17916,19767,21360,21412,21960,20956,19945,19896,17889,17543,17399,17257,18948,19110,19066,19012,18516,19642,18466,17779,16061,16298,17455,16919,17549,18030,17686,17730,16326,15825,14681,14859,14989,15409,14511,12477,15560,16298,16160
2_21:13348,12964,13401,13127,13364,14479,14012,12763,13089,14657,14974,18293,18015,18911,18407,18154,17433,17382,15798,16195,16799,16358,15655,14137,14865,15997,17165,18434,17128,17327,16968,16543,17518,16387,15886,14813,15540,16999,15325,15462,15264,14849,16622,15881,14328,13508,14362,14859,15460,15643,15291,13964,14222,12685,12298,9337,11797,12395,11964
2_22:16381,17148,15624,14239,12763,13504,14253,14971,14221,13973,11897,15088,15057,12507,12201,13072,14530,16348,18463,18345,18926,20296,19414,18105,17393,16713,16514,15688,12771,13370,13469,12711,14379,12680,13826,13735,14295,14630,14381,15025,15546,15705,16207,15188,15091,15921,16096,13723,13360,11694,11618,11635,11924,10776,11234,7874,10738,11759,11574
2_23:12902,12860,11145,9550,8128,7406,6731,5880,6103,6842,7551,7351,8076,8539,10212,11479,13194,14504,15092,14784,15565,18097,18747,18323,19142,18482,17606,18539,16337,15676,13771,12844,14059,12099,12199,11549,11990,13352,11642,11610,11309,12527,12452,10062,11058,12067,12021,11852,12582,13315,14210,15255,16099,15087,14181,10160,12440,11057,10294
2_24:10901,10165,10044,9936,10490,10169,10016,9459,9578,9611,9206,10428,11557,11002,11810,11913,13679,13467,14183,13825,14183,16182,15866,15919,16215,16895,16478,16772,15293,14533,13567,13526,14920,12494,12869,12438,12445,12778,11989,11429,11818,12457,13128,12502,12371,11438,11107,11278,10948,11823,11290,10217,10893,10429,9756,6623,8572,10114,9629
2_25:16952,16757,16207,15457,13682,13718,13089,12836,12665,13476,13080,14490,13613,11686,11970,11495,11968,11458,11110,10868,10771,12002,12369,13579,14341,15746,16574,18449,17827,17828,17170,17290,18635,17073,16217,15774,15190,15820,14424,14403,13659,14314,15915,14806,14764,14534,14166,14660,13095,12554,12919,12090,13228,13098,12572,10315,12827,13691,13308
2_26:14240,14030,13837,14955,14063,14625,15229,14350,13826,14037,12054,12245,12030,11165,12505,12894,13805,14472,14802,14910,15709,16184,16435,16065,15555,14833,14705,15036,13247,11957,11944,12045,14011,12971,11792,11057,11754,12242,10548,9974,10853,10070,9558,9688,9289,8745,9217,10869,10382,10713,11180,11543,12124,11758,12432,9084,12114,12370,11754
2_27:13334,14045,14284,15842,15172,15218,15319,14858,13941,14196,14220,15620,15397,14589,14248,13469,13936,13722,12936,11452,11078,12024,12247,12922,11236,10831,11354,12163,11460,12076,11788,9679,11428,9331,8324,8290,8831,8944,8154,6721,6538,5947,5144,5439,4767,4288,4344,6198,5639,5246,5912,7694,7324,7259,8456,6249,8016,9812,9115
2_28:16105,16911,15338,14960,13205,12864,14111,13361,12561,12783,12708,13685,13756,12727,13585,13819,14545,14612,13758,13523,13870,15270,15068,15589,14971,14976,14949,15418,14752,14323,14143,13495,16275,14632,14698,14187,14309,14996,12077,11445,11738,12244,13448,13100,12674,13802,13807,14898,15644,15778,16386,16171,18327,17204,17902,15033,17882,18444,17089
2_29:17328,19157,17612,17475,15906,16470,17860,16582,16749,16571,16717,17002,18022,17282,18217,18035,18274,19257,19513,17807,17876,19018,19295,18708,18039,18500,18325,18615,17394,16634,16452,16270,18523,16910,17419,16284,16297,17770,16373,15190,15241,15958,16397,15448,14620,15855,16717,17463,17166,17038,16577,15687,17050,16992,16309,14428,16319,17426,15477
2_30:18487,19909,19519,19638,19503,19692,21320,20055,20196,19992,20402,19402,19087,18495,18186,18238,17179,17651,18614,17751,16875,17880,17643,17078,16095,15485,16945,17541,15715,16534,17143,17203,18206,17284,17485,17223,17354,18406,16830,16145,15695,16600,17190,16616,15774,15163,14830,16116,15215,15664,14603,12611,13459,12318,12600,11199,13290,13959,12494
2_31:18021,18807,17917,18370,17162,17768,20076,18734,18477,18703,18291,19623,20134,19667,19423,19270,19145,19231,18961,18858,17951,18892,18649,18313,17135,17383,16533,17649,17073,17373,17510,17413,18865,18030,17908,17941,18244,19563,18989,19271,19049,18801,19016,18287,18315,17662,15787,16757,16035,16706,17240,16209,16161,15054,13151,11389,13180,13156,13686
2_32:16965,18172,18785,18142,17526,18042,20208,19178,19748,17368,16253,18075,16722,15923,16728,17165,17784,18254,18960,17985,17569,19510,19453,19478,19635,19274,19108,20132,18130,18735,18594,18047,19455,18535,17812,17176,17544,19484,18494,19463,19280,19523,19993,18590,17988,18211,17519,19048,18087,18342,19023,18541,19228,18509,17678,15473,17190,17716,16762
2_33:15730,16893,15303,15098,13815,13372,13537,12486,13021,14056,13883,16276,16170,14965,15293,15443,15019,14483,14781,15108,15029,15457,15659,14216,14462,14191,14901,16660,15890,16144,16332,16280,17279,16196,16171,15187,15068,15556,14521,14101,14700,14302,15529,14598,14227,14789,14944,15896,15536,15835,16050,16148,17275,16325,15423,13736,15344,15773,14205
2_34:15261,17298,16430,15121,14834,15489,16514,16169,15971,16354,14976,14733,14090,13340,13315,12724,12181,12233,12677,13874,14467,16045,16915,18148,18958,19072,19444,19968,18157,17269,16443,16889,18141,16334,15482,15140,15400,15700,14550,13509,13236,14016,14394,13968,13653,14004,14373,13522,13795,13899,13695,13878,15335,14773,13781,11276,13497,12735,12319
2_35:15589,16941,15219,14210,12643,13068,12957,11864,10828,10716,9703,10821,9555,8363,8094,7653,7259,7592,7837,7341,8257,10186,11017,12476,13538,14844,16515,17838,17179,17856,17669,17426,18058,16111,15945,15344,14830,15534,15542,14733,13650,13985,14808,12260,11052,9885,9842,9923,11500,12275,12053,10878,11034,10508,11086,8103,11263,12332,11907
2_36:15029,15056,15032,15598,14786,15260,14718,12630,10879,10838,10108,10905,10126,8086,7073,7438,7652,8782,9527,8379,7707,8032,7948,8219,7849,9094,9106,10715,11446,12869,13292,14363,16577,15228,15706,16468,16661,17488,16455,15999,15390,16301,16595,14271,14066,13092,12277,12046,10283,10066,10164,10320,10637,11097,10996,8620,9825,10926,9854
2_37:15079,16282,16393,16739,15222,15685,16235,15854,15425,14742,13976,14365,14077,12963,13597,12975,13613,13884,14428,13566,13525,15020,15364,15429,15129,15630,15696,16991,15841,16210,15443,16211,18236,16457,16243,16359,15850,17248,16448,15676,14821,15746,15827,14649,14439,14572,14826,15057,14655,13883,14406,13508,14305,14015,13615,10632,12049,12301,11063
2_38:15679,16758,15462,15846,14846,14981,15161,14600,14325,14683,13980,15449,16214,15411,15602,15675,16176,16218,16091,15147,14777,15002,15439,14974,14236,13786,14573,16003,15107,14568,14139,14879,15574,14864,14718,14199,13432,14280,12581,11737,11344,12433,13712,13850,13871,14023,13115,11516,10620,9890,9132,8096,7779,7622,7605,5576,7679,7735,7115
2_39:14303,16032,15123,15402,14561,14985,16082,15319,15602,14860,14556,15607,16307,15430,15571,14907,15112,15352,15279,13807,14296,15333,14730,14817,14426,13318,12987,12566,12954,11790,10589,9846,12296,11169,10818,10216,11496,12598,11727,11938,12265,13060,12479,11751,11043,11026,10789,11119,10949,11102,11806,10932,12527,12637,12826,9393,12183,12497,10688
2_40:13821,15057,13908,14655,14310,15018,16561,15664,15768,14660,13992,14524,16328,14716,15667,14678,14850,14502,15030,13833,13741,13977,13934,14799,13018,13164,13609,14778,14684,14896,14284,13729,15649,14566,14545,13907,14530,16257,14289,14435,14090,15518,16106,15900,15183,15820,14826,16687,16065,14872,15182,14793,16290,15357,15867,12971,15926,17829,17072
2_41:17461,18981,18075,18341,17029,17585,18440,18055,17811,17842,17296,17677,17805,16820,17877,17393,17034,17826,17710,17179,17150,17670,17824,17698,17053,15815,15735,17168,16432,16176,15531,16154,17938,16833,16999,16271,17025,18596,17193,16808,16306,16348,17293,16319,15734,16322,16539,17459,16894,16771,17474,17200,18306,17087,16611,15257,16587,17281,16203
2_42:17031,18384,17797,17597,16666,17320,18073,16982,16596,16388,16849,16113,17174,16475,17097,16952,16323,16946,16764,16527,15089,16832,17033,16557,16494,16527,16836,17506,16798,17081,16718,17280,18469,17118,16695,16269,15849,16953,16610,15933,15192,15240,16668,14748,13629,13782,13757,13739,13309,12951,13179,12821,14019,14637,14078,12882,15028,14944,15339
2_43:14671,16138,15738,16187,15313,15533,18129,17275,16921,16667,16172,16665,17159,17062,17107,17218,17009,17985,17857,17383,16074,17294,17179,17145,16399,16866,17183,16880,16388,16555,17075,17484,18114,17317,17197,17131,18012,18977,17922,17717,17479,17808,18085,17111,16707,17371,16371,17518,16497,16360,15841,15810,17417,16960,16183,13341,14817,14388,15004
2_44:15924,17430,17267,16740,16202,16892,18246,17127,16585,16356,16280,16199,16646,16013,16361,17057,16968,17609,17770,17129,16454,18204,18222,18040,17687,17960,17443,18597,17873,17361,17055,17103,18251,17178,17369,17412,17928,18842,17913,17229,17525,17871,19064,17793,17806,18905,17943,19763,19109,18829,18346,18260,18702,17893,17235,14682,16442,16433,15726
2_45:13989,15434,14560,14005,13608,15022,15465,15145,15564,16151,15194,16779,15654,14810,15662,15520,14896,14897,15012,13975,13608,15440,15688,15007,14350,14934,14808,16478,15464,15063,15382,15255,16640,14620,14587,14350,14769,15951,15189,14192,13890,14914,15235,14051,13991,14006,14353,14719,14551,15113,14633,14916,15288,15343,14586,12635,15234,15656,15264
2_46:11412,13294,13200,12625,13034,13603,14170,13771,14118,15016,14393,15688,15135,14374,14636,14863,15079,14802,14338,12768,12857,12702,12054,11122,11215,11883,11048,12154,11516,11868,12006,12787,14519,14189,14166,13700,13687,15258,15201,14398,14294,14975,15588,14956,14784,14508,14135,14912,14220,13570,13518,13546,13845,13240,12961,10699,13056,14185,13315
2_47:9451,11010,11795,12580,13094,13383,14743,14107,14175,13513,12882,14726,13601,13020,12828,12434,13200,13096,12857,11230,11034,12327,12424,12704,13333,13507,12719,14058,12596,12241,11463,10240,11788,10428,9688,9360,9573,11086,10532,9428,9891,10606,12265,11422,12228,12699,13075,14257,14070,13529,13280,13901,13935,13254,11347,10688,12002,12436,12013
2_48:13300,13423,12987,13193,12382,12785,13590,13589,14120,14495,14244,16197,15547,15103,14701,14443,14652,14442,15078,13670,12830,14441,14549,13916,13704,13360,12702,12807,12330,12707,12328,11624,14350,12566,12764,12631,12098,12889,12508,11964,11542,12568,13825,13636,13833,14509,15142,16117,15513,14561,14521,14912,15615,14709,14843,12390,14665,16016,15146
2_49:9831,10390,10480,10815,9293,9415,10281,10216,10326,10446,9804,11357,11253,9688,10661,9816,10531,10710,12390,10570,11108,11579,12068,13193,11833,12554,13069,13835,13142,13139,12578,13115,14943,12959,12896,13964,13232,14199,13665,12139,12768,13261,14074,13238,12502,12815,13255,14064,13052,12835,12842,12487,13478,12470,12359,9533,11513,13185,11018
2_50:14506,15484,15163,15013,13984,14321,15437,14820,15200,15157,14334,16098,16698,15251,16359,16439,16661,17014,16488,14613,14237,16197,16416,16024,15531,15933,15967,16671,15783,14471,14209,15400,16113,14337,14222,14487,14255,15208,14137,13525,12605,13903,14288,13305,12224,12338,11970,12257,11396,11314,11947,11363,12107,11674,11656,9578,12001,12458,10914
2_51:14451,16223,15888,15851,15388,15102,16187,14975,14727,14639,13218,14596,14880,13170,13876,13428,13199,12927,12814,11586,11742,12058,12508,12423,11663,10978,11702,12134,11537,11029,11805,11327,13366,12328,11986,12136,12990,14897,13711,14290,13372,13898,14721,13202,12479,11836,12241,12869,11970,12098,12766,11358,12671,12515,11711,9087,11339,11977,10002
2_52:14335,14950,13865,14355,13257,13941,15576,14620,14181,13927,13834,14625,15780,14026,15092,14977,15317,15161,14807,13521,13694,14334,15090,15152,14096,14288,14002,14586,13872,12554,12873,12852,13866,12672,12959,12659,13023,14457,13716,13346,12553,13537,14142,14150,12983,13697,14272,14556,13494,12805,13563,13348,14427,14447,15832,13932,16357,18550,17196
2_53:15933,16745,16609,16423,15604,15589,16691,15697,15688,16046,15331,15943,16580,15576,16456,16158,15736,16634,16578,16049,15318,16764,16565,16762,16835,16551,16668,17990,16674,16510,16478,16497,17603,17712,17065,16599,16167,18571,17570,16453,15887,16659,17883,17124,16678,17217,16297,18401,17789,17082,17231,17686,18928,18448,17613,16512,18244,18643,17879
2_54:15115,16344,16398,16382,16321,16415,18027,16318,16146,16274,15907,16814,17093,16794,16940,17226,16554,17751,17367,17280,15645,17012,17754,17323,16781,16813,16822,17002,16014,15950,15361,16444,16679,15838,15653,15628,15877,17042,15917,15513,15202,16486,17375,16931,16796,17654,16949,18611,18319,17378,17424,18328,18990,18864,18773,18227,18435,19803,18935
2_55:11776,12248,12657,12529,12233,12015,13786,12760,12617,12795,12526,12489,13225,12952,13069,13625,13381,14021,14225,13826,12888,14702,14300,14373,13941,13780,14606,15970,15286,14997,14705,16400,17171,15774,16005,16528,15867,17174,16199,14827,14370,16052,17010,15569,14898,15271,14533,16965,16010,15926,15600,16318,17234,16771,16522,13905,15622,16128,14803
2_56:13867,15119,14953,13937,13673,14706,15218,13780,13712,13186,13426,14297,13799,13310,14265,14225,13656,13781,13901,13719,13267,14476,14424,14300,13466,14129,14326,15680,13774,14623,14270,15110,16835,15263,15276,14760,14542,15719,14393,13738,13537,14273,15773,14822,14889,16004,15281,17178,16570,16129,15708,15550,16723,16735,16648,15154,17776,18432,17513
2_57:12240,13503,12870,12663,12507,13153,13990,12917,12732,12628,13354,15052,13259,13048,13901,13537,13721,13512,14063,12754,12823,13812,13478,13517,13623,12973,13812,15182,13242,13779,13646,14009,15444,15020,14485,13792,14143,15597,14359,13313,12465,13712,15252,13415,13121,13772,13319,14414,13772,13352,13102,13416,14719,14538,14277,11237,14577,16060,15304
2_58:10933,12086,12832,12320,12115,13215,13565,12650,12808,12718,11343,13790,11916,10950,11900,11379,11316,11200,11803,10901,10591,11451,11961,11789,12480,12156,11939,13378,11909,11458,10731,10656,12538,12027,12161,11537,11928,13080,12878,11770,11085,12058,13645,12092,11483,11712,12028,13627,13029,13523,13451,13684,14485,13908,13531,11621,14692,15429,15067
2_59:11341,12403,13006,12308,11614,12898,13841,12460,12051,11810,10675,13362,12163,11536,12072,11417,11255,11399,12253,11929,12115,12931,12827,13449,13850,13547,13252,14307,13478,13510,13081,12954,15087,13246,13083,13031,12291,13829,12803,12046,11472,12924,13975,12690,12522,12455,11856,13875,12857,11967,11798,13180,13779,13762,12945,11183,13928,14650,14089
2_60:11364,12626,12678,13013,11200,10890,11987,11259,11918,11283,10862,12721,11682,10844,11549,11435,11650,11889,12978,10954,10545,11896,12062,12693,12264,13315,12589,14628,13572,13956,13852,13370,15563,13559,13207,13377,13269,14308,14637,12427,12320,14661,14728,13467,13409,13348,13326,14544,12564,12484,12786,12324,13293,12393,12247,10213,12860,14218,12604
2_61:13257,14818,13879,14948,12439,13240,14430,13812,14326,13375,12681,14886,14852,13744,14191,13922,14441,14604,15520,12840,13642,14635,14662,15372,14113,13709,14258,15117,14018,12551,12371,12760,14968,13366,13277,14198,13288,14529,13423,12773,11788,13292,13809,13494,13000,13457,11950,15263,13410,13137,13572,13479,15191,13879,14561,13228,14430,15455,14257
2_62:13545,15859,14741,15537,13805,14029,15495,14533,14689,13685,13322,14969,15775,13758,14592,14220,14256,14903,14823,13094,13176,14005,14137,14087,13452,13867,13702,14743,14215,13135,12767,14265,15534,13886,14499,14802,14063,16452,14420,14305,13213,14570,15466,15074,14899,14852,14744,16557,14901,15081,15619,15007,16430,14625,15321,12596,14593,16669,15017
2_63:14099,16443,15684,16453,15569,15045,16845,15629,16600,15301,13979,16541,17354,15653,15864,16130,16348,16765,16528,14558,14288,15797,16413,16577,15459,15660,16424,16463,16766,14517,14445,15121,16714,15218,15427,15407,15558,17289,16178,15769,13641,15511,17037,16072,15439,15737,15119,16799,15748,15158,15348,14607,16323,15088,15906,12591,15183,16900,14821
2_64:15259,17253,16699,17308,15635,15601,17882,16242,16450,15528,14806,16670,17529,16478,16199,16488,16490,16745,16680,15134,14975,16191,16445,16911,16342,16066,16352,16651,17005,15205,14887,15737,17583,16083,15890,15831,16089,17937,16308,15917,14773,17042,17487,17602,16722,16568,16430,18523,17059,16218,16816,16553,18059,17595,17869,15227,18064,19015,18093
2_65:14694,16428,16181,15799,15342,14638,17590,15177,15738,14862,14239,16476,16158,15651,15785,16738,15695,16748,15856,15780,14013,16214,16488,16419,16000,15522,16650,17297,16148,15341,14644,16965,17235,16415,16484,16536,15753,18570,16579,15251,14713,15849,16858,16304,15506,15931,15604,17770,16020,15996,16662,16449,16990,17350,16281,14840,16579,17123,17471
2_66:12274,13132,13550,12556,12793,11916,14494,12746,13159,12257,12490,13691,13394,13168,13651,14007,12595,13880,13044,13474,11872,13985,13962,13760,12910,13553,13889,15070,13391,13253,12717,14401,15296,14190,14634,14075,14143,15428,14015,13050,12670,13318,14942,14270,13574,14072,13782,15513,14272,13685,13989,14171,15244,16083,15305,13757,15434,15716,14826
2_67:11709,12278,12022,11592,11678,10890,13106,11730,11782,11575,10507,12263,11945,11681,12010,12744,11939,12572,12102,11902,11007,13060,12608,12254,11671,11980,12710,13941,11934,11682,11802,13664,12983,12764,13535,13034,12337,14535,12614,12232,12355,12583,13868,12863,12502,13131,12260,13958,13325,13125,13351,13007,14140,14277,13714,12723,13876,13942,13186
2_68:12002,13379,12964,11989,11585,11838,13783,12164,12371,12089,12397,12802,12549,11855,12326,13305,11361,12790,11700,11552,11437,11767,12129,11911,11538,11649,11568,12694,11374,11753,10288,12029,13020,12392,12869,12405,11979,14014,12313,12145,12031,11970,13600,12244,11305,12579,11947,13430,13228,11771,13140,12277,13707,13998,13079,12357,13509,13919,13209
2_69:13175,14642,14877,13357,13132,13700,14783,12981,13273,13223,12774,15110,13422,13376,13718,13931,13686,13857,14562,12311,13079,12857,13337,12698,13270,12468,12707,13259,12335,12896,11434,12364,13787,13406,13417,12594,13033,14593,13156,13056,11686,12580,15354,12764,12785,13625,12832,15266,15318,14283,14298,14549,15602,15290,14723,13660,15286,16275,15801
2_70:14117,15474,15603,14118,13883,14444,15553,13713,14302,14265,13453,15822,13649,13101,13877,14177,14500,14445,14308,12215,12952,13480,14241,13529,13970,13990,13305,14458,12991,13234,12474,11829,14569,13284,13231,12625,13068,14589,14281,13558,12864,13798,15933,14188,14020,14514,13728,16321,15961,15236,14751,15193,16701,15889,15488,13111,16137,17172,16674
2_71:14453,16216,16889,15836,14695,15038,15835,14509,15208,14952,14055,16660,14823,14073,15509,14381,14611,14628,15200,13840,13196,14023,13893,13763,13417,13549,13117,14426,12793,13323,13293,12425,16006,13325,13454,13725,13089,15012,14997,13303,12946,14555,16060,13506,13939,14293,14187,15361,15264,15007,15002,15041,16227,15285,15161,12513,15651,16978,16017
2_72:14259,15660,15270,14765,12963,13737,15430,13640,14511,13765,12978,15858,14325,14172,14390,14353,14883,15590,15532,13353,12961,14737,15016,15046,14358,14390,14319,16401,13524,13893,13243,13175,15058,13500,13895,14517,13353,15492,14386,13313,12584,13913,15211,13677,14185,13783,13397,16020,14139,13784,14006,14278,15024,14316,14393,12740,15430,16389,14906
2_73:18741,22473,18864,19752,19493,18535,21230,20000,19368,19638,16894,20977,19848,19478,20048,19710,19858,20612,19764,18686,17796,21213,20745,20039,18922,19488,19565,21709,18726,17550,17464,19646,21318,18871,19178,19725,18949,20868,19103,18080,16164,17967,19837,17236,17784,17828,16702,19680,18435,17206,16909,16237,18423,17139,17130,16400,17508,18005,16381
2_74:16925,21074,17593,19025,17984,16812,20893,18965,18207,18210,15212,19009,18980,17769,18069,18196,18558,19233,18735,16951,16265,19249,18617,18448,17913,17960,18028,19441,19020,16493,16473,18734,20113,18239,18490,19227,18174,19988,17395,17193,15972,17297,19522,17207,18187,18528,17253,19806,18979,17548,16466,16218,18691,17103,17534,16381,17486,18770,17131
2_75:16118,20326,17579,19173,17765,16848,20108,17942,17966,18036,15121,18427,19574,17710,17791,17834,18290,18469,18733,16943,15817,17837,17374,17307,17700,17676,17549,18293,18255,16232,15388,17370,18437,16896,17742,17312,16836,18874,16287,15920,14820,15619,18235,15721,16584,16613,15541,18018,17499,15821,15465,15450,17466,16423,16989,15717,16649,17908,16861
2_76:17822,22197,20570,20983,20553,18449,23835,20036,19898,19847,17377,21127,20924,19524,19866,19830,20899,20919,20569,19080,17871,20973,19877,19793,19239,19750,20146,20663,20117,18418,18377,18706,21106,18739,19504,19604,18746,20994,18416,18509,16263,17413,20097,17734,17885,17521,17126,20746,18308,17339,16563,16780,18618,18295,16984,17202,17778,18653,19096
2_77:12861,14859,14236,14442,14012,13242,15856,14371,14096,13841,13108,14537,14851,14123,14685,14296,13801,14853,13947,13601,12565,14432,14242,14124,14173,13337,14170,15386,13556,13174,12779,13633,15375,13442,14102,13818,13253,15031,13813,12417,11137,12195,13207,12559,12101,12926,12353,14133,13671,13262,14152,14553,15405,15055,15003,13216,15073,15251,15051
2_78:11860,13062,12070,12137,12259,11219,13915,12333,12083,11749,10772,13498,12242,12382,11981,12585,12146,13183,12379,12182,10857,13376,13633,12849,12638,12256,12569,14482,12444,12030,12056,13287,14279,13081,13115,13464,13394,14083,13209,12778,11791,12593,14224,13392,12889,14004,12636,14415,14099,13020,13232,13434,14651,14566,14558,13578,14816,15237,14617
2_79:12590,13815,12943,13378,12657,12161,14262,12743,12799,12172,12095,13443,13046,12993,12739,13226,12195,13297,12838,12622,11122,13360,13190,12987,12475,12370,12541,14471,12730,12042,12051,13439,14396,13275,13539,13526,13277,14339,12979,12724,12034,12641,14048,13094,12834,13590,12639,14559,13780,12734,12944,12482,13639,13682,13099,12527,13907,14614,14304
2_80:13864,15889,14843,14543,14117,14287,15452,14308,14912,14201,13006,15878,15222,14484,14962,15497,14772,15440,14949,13996,13833,15025,14697,14581,14476,14168,14199,15736,14120,13913,12655,14526,15177,14344,14052,14541,13443,15329,13740,13123,11912,12530,14852,12511,13189,14025,12541,14436,13803,12734,11882,12145,12881,12838,12896,12661,13740,14509,14184
2_81:16737,19856,19225,18875,18672,18500,21148,18762,18977,18555,16564,19792,19269,18527,18767,19481,19516,19375,19613,18042,16944,18264,18873,18330,18272,18763,18926,20052,19179,18230,16737,18823,20082,18799,18823,19055,18231,20627,17833,18017,16258,16938,20899,17318,18236,19391,16851,20108,19636,17968,16274,17466,18844,18835,17503,17337,17287,19032,17745
2_82:18020,21351,20360,19301,19373,17764,23098,19216,19188,19835,16988,21215,20319,19127,20116,20080,20099,21163,20608,18761,17918,20837,19745,19793,19605,19893,20595,21035,20092,19094,18326,19175,21596,19221,19752,20468,19157,21281,19074,18620,17264,18183,21289,18198,18952,18613,17970,22339,20300,18860,17190,18507,19883,19383,18198,18132,18289,19243,19224
2_83:18560,22426,20540,20113,20424,18097,23072,20413,20041,19882,17515,22046,19800,20428,20490,19974,20463,21116,20443,18970,17792,20940,21026,20354,20416,20038,20710,22748,19995,19279,19018,19644,22597,19141,19764,21014,19655,21468,19915,18716,18302,18382,20262,19214,19055,19313,17425,21550,19908,18519,17160,18188,19949,19135,18036,18216,19073,18837,19048
2_84:20317,24742,20697,21625,21714,19951,24333,22705,21648,21535,19207,24086,21561,21831,21541,21905,21875,23335,21534,20900,19084,22798,22736,21323,20761,20490,21055,23359,20019,19797,19745,20953,23350,20359,20380,21499,20285,22300,19901,19313,17883,18330,20548,19082,19051,19721,17598,20985,19530,18527,17677,16952,19535,18304,18416,17649,18364,18403,18419
2_85:23948,27856,24268,25135,24887,22896,26953,25824,24291,24297,20250,25888,24323,24388,24484,24180,24325,24808,24427,22857,21358,25147,24369,23578,23464,22891,23375,26545,23513,21411,21299,23705,25301,22566,23278,23857,23483,25567,22426,21191,19452,21013,23306,21175,21897,21386,20239,24192,22742,20724,20040,19497,22342,21031,20436,20146,20876,22866,21134
2_86:20824,25929,21996,23232,22715,21677,25465,23450,22561,22964,19357,23564,23122,22351,23250,22795,22855,23719,23516,21590,20067,23039,22707,22163,22258,21791,21223,23682,21501,20300,19100,22094,22961,21354,21467,22613,21267,23891,21191,19948,18144,20457,22943,20636,21759,21509,19625,23286,23093,20833,19244,19452,21899,20681,20746,19774,20953,22233,20897
2_87:18507,22933,21233,22150,21053,20427,24031,20753,20967,20615,17694,21210,21963,20691,20871,20786,21527,21338,21101,20027,17264,19812,20082,20516,20427,20255,19977,21372,20958,19127,17485,19523,20436,19830,20687,20798,19505,22421,19896,18860,17119,18757,21564,18838,20026,19747,18609,21993,20856,19544,18309,19028,21108,19770,19752,18807,19445,21410,20719
2_88:17918,24711,22023,23632,21908,20337,24797,21049,20952,20196,18636,22313,21544,21442,20222,20493,22337,22095,21404,20429,17879,22030,20754,21021,20526,21101,21657,22664,21858,19866,19265,20252,22130,20095,21466,21705,20598,23956,20748,20245,17772,19995,23192,19755,20660,20151,19034,23298,21633,20123,19295,19338,22493,21563,20278,19961,21249,22288,22698
2_89:18229,22219,20540,21698,21075,19411,23136,20517,20337,19962,17795,21348,20327,20389,20325,20085,20344,21037,19606,19752,17244,20280,20181,20313,19906,19445,19739,21655,19826,18921,18217,19949,21733,19261,20042,21047,19827,21398,19334,18892,16328,18109,19887,18126,17952,18531,17018,20481,19394,18240,17399,18319,19867,19462,18176,16358,18847,19436,19823
2_90:14844,16454,16327,16420,16177,15031,17589,15764,16286,16139,14330,16942,16781,16164,16494,16386,15885,17218,16387,15694,14051,16331,16629,16631,16730,15709,16348,17583,16012,15614,15042,16115,17301,16152,16515,16771,16062,18283,16899,16164,15048,15428,17363,16058,16574,16621,15252,17732,16400,15993,15854,16698,16523,16521,15017,13188,14623,15707,15579
2_91:16221,18408,17327,17465,17328,16873,19070,17384,17593,16753,14541,18499,17471,17510,17228,17773,16834,18413,17772,16418,15559,17716,17969,17247,17724,17068,16873,18930,17703,16859,16008,17880,18841,17411,17683,18505,17442,18782,17785,16907,15176,16406,17966,16639,15963,17038,16016,18280,17426,16724,14914,15541,16368,16297,14758,13861,15452,17631,18018
2_92:16784,20339,18945,19361,18614,18521,20606,18464,19129,18386,16308,19565,19392,18883,19305,19757,18571,20174,19208,17820,16949,19076,18778,18348,18603,18654,18508,20216,18941,18238,16383,19403,19798,18663,18473,19294,17980,20170,18390,17788,15733,17103,20296,17197,17759,18752,16913,20052,19436,18254,15654,16603,16664,16632,15275,15069,15959,18139,17625
2_93:19201,23879,21595,21878,21816,21859,24808,21795,21628,21211,19288,22572,22803,22058,22325,22933,22773,22968,23160,21004,20106,22050,22686,21817,21975,22349,21865,23292,22262,21661,19082,21892,22934,21616,22660,22356,21352,24342,21779,21271,18818,19753,24561,20540,21249,22406,19938,23567,23071,20572,19175,20070,22158,21449,20379,20140,20054,21998,21091
2_94:24838,30249,26759,26833,28003,26980,31898,27728,28287,28191,26794,27392,27544,27086,28433,28378,29245,29567,28554,26397,25520,29431,28548,27866,27455,28190,28872,29439,26921,26995,24735,27315,28688,27593,28030,28380,26114,29597,25795,25574,23429,24684,28202,25409,25241,25194,23240,27581,25568,24183,22211,23591,24962,24908,22468,23077,23387,23767,24854
2_95:21461,26398,23553,24115,24316,21977,27702,23302,23773,23844,21040,24817,23499,23421,23746,23356,24113,24530,23750,22374,20037,23650,23992,23209,23170,22488,22890,24649,22318,21236,20707,22139,24320,21940,21985,23237,22046,24053,22690,21298,19641,20251,23168,21758,21214,21316,19527,24150,22065,20604,19635,20150,22366,21613,20268,20298,21367,22070,22036
2_96:21280,25700,21828,22709,22869,21383,25712,23767,22642,22182,19193,24165,21937,22152,21826,22118,22744,23281,22276,21736,19151,23233,23122,21753,22028,21577,21956,24267,21400,20451,19931,21727,23973,21129,20965,22228,21064,22956,21891,20201,18353,19641,22084,20245,20470,21064,18752,23006,21778,19950,19347,19336,21488,20622,20073,19753,21133,22365,21494
2_97:24005,28752,24550,25777,25523,23886,28248,25967,25867,25381,20798,26839,24494,24942,25916,25943,25840,26717,25757,24302,22757,26813,26122,25129,24139,24195,24475,26985,24288,22665,21749,24999,26660,24339,24442,25407,24475,26463,23253,22752,20323,22426,24859,22188,22817,23105,21160,25431,23622,22468,20978,20981,23640,21620,21834,21370,22760,23730,21706
2_98:19540,24235,21515,22447,21213,20631,24637,21120,21715,21382,18117,22156,21076,21316,21813,21586,22035,22149,22280,20182,18586,21989,21595,21182,20837,21636,20572,22587,21229,19799,18196,21026,21714,20943,20895,22012,20084,22966,20587,19415,17623,20005,22235,19744,21331,21283,19040,23515,22338,20534,19234,20152,21753,21405,20727,20469,21154,23746,22384
2_99:18122,22506,20513,21429,20732,19623,24553,20712,21060,20414,17333,21977,21179,20542,21221,20556,21574,21273,21312,20227,17578,20757,20590,20005,20276,20750,20462,21498,21186,19620,17723,19914,21106,19912,20911,20563,19806,22688,19980,19504,17014,18982,22837,18898,21202,20646,18899,24095,21409,20522,19179,19538,22428,20445,20513,20424,21451,22954,22578
2_100:18722,22606,21834,20671,21730,20463,25096,21274,22127,20486,18843,22735,21542,21491,21112,21321,23377,22468,21542,20810,18795,22451,21586,21552,20997,21991,22238,22724,21224,20615,19271,21041,22430,20565,21937,21847,20640,23926,21065,20509,18060,20204,23444,20164,21662,20245,19377,24290,21269,20134,19898,20042,22588,21553,20556,20393,21218,22599,22695
2_101:20141,23871,21749,21670,22406,20778,24621,22345,22002,20569,19011,23158,21452,21623,21003,21335,22545,22645,21130,20604,18470,21979,22074,21244,20947,20942,21390,23491,20964,20276,19764,21116,23555,20489,20990,22857,21242,23301,21143,20532,18364,19654,22164,20720,20471,20472,18694,23659,21258,20254,18955,19659,21881,20380,20262,18983,20206,20593,21515
2_102:17742,20613,18661,19024,19492,18298,20438,19278,19266,17974,16327,19986,18807,19116,18404,19420,18792,20003,19034,17787,16567,19237,19207,18811,19389,18437,18343,21021,18885,18082,17496,19219,20632,18403,19153,20064,19292,20474,18964,18145,16465,17400,19363,18162,17537,19013,17289,20300,19012,18256,16572,17289,18433,18055,17247,15593,16932,18052,18387
2_103:17275,19919,18743,19711,18817,18895,20877,19467,19569,18586,17006,20374,19826,19773,19528,20039,19223,20199,19917,18631,17637,19926,19856,19235,19704,19124,18639,20930,19567,18701,17575,19792,20695,19410,19299,20646,19281,20619,18944,18537,16839,18093,20484,18327,17788,19598,17563,20285,19401,18334,16925,17717,19412,18707,17190,15858,16422,18393,16883
2_104:21470,24473,21809,22952,22636,22940,24461,22606,22073,22302,19843,22542,22858,22518,21931,22986,22302,22811,22633,21152,20150,22651,21722,20881,22790,21071,21782,24511,21823,21553,19644,21559,22832,22164,20717,22540,20654,22420,21505,20454,19609,19902,23222,20170,20761,21867,19784,22517,22774,21528,19978,21227,21889,21156,20964,19662,20029,21344,20012
2_105:25583,29515,26425,26971,27334,26384,30284,28538,28118,27381,26284,28310,27552,26834,27610,30074,29604,30227,27618,27836,27228,29718,30331,29428,27460,29926,28786,28969,27294,27330,26126,27976,29905,29075,28061,28955,28583,30916,26616,27017,25841,26325,31265,26571,26854,27809,25940,29574,28288,25921,24511,25365,27322,27535,25014,24858,25890,26999,26953
2_106:23475,28375,25980,25301,26246,24733,30284,26210,26144,26011,24028,26730,26615,25023,26156,27002,27768,27740,26446,25538,23518,27474,25745,25831,25689,26200,27521,26744,25962,25010,23019,25475,27149,25532,26467,26741,24702,28459,24105,24339,22013,23106,28301,23333,24478,24582,22568,27624,25975,23663,21690,23406,25871,25364,22908,25297,24495,26186,25858
2_107:21193,26954,23584,24054,24533,22327,27598,23434,24360,23763,20525,24917,23716,23624,23126,23379,23805,24919,23421,22628,20261,24340,24538,23446,23881,22829,24035,24656,22903,21933,20668,22402,24654,22179,22478,23807,22630,24133,22436,21594,19622,21427,23406,21339,21942,22277,20436,25241,23335,21656,20271,20536,23201,22961,20916,21887,22695,23726,22953
2_108:22957,28049,23579,25197,25971,23369,28357,25260,25578,25253,21207,26520,24173,24823,24425,24689,25480,25746,24624,23771,21748,25693,25718,24848,24471,24327,24245,27043,23557,22374,21749,24112,26396,23325,23395,24469,23868,26295,23661,22253,20698,22200,24106,22351,22186,23110,21022,25878,23662,21773,21077,20625,23367,22609,21690,22059,23303,24099,22939
2_109:23041,27824,23705,25578,25085,22862,28113,25290,26569,24908,20793,26795,23852,24357,26121,25447,25895,26462,26059,24987,23271,26444,25597,25500,24121,24895,24793,26675,24533,23007,22154,24221,26184,24553,25258,24778,24551,26964,23869,22848,20296,23254,25508,22532,23223,23427,21321,26595,23886,22460,21481,21400,23650,22209,21482,21910,23033,24290,22596
2_110:20071,25621,21816,23671,22568,20919,25859,22537,23195,23106,19533,24426,22408,22211,23454,23232,24036,23666,23301,22537,20734,23407,22614,22445,22870,23172,22239,24216,22640,21452,19384,21842,23237,22046,21997,23489,21321,24527,21494,21035,18928,21276,23798,20120,21546,22464,19604,24767,22772,21536,20646,20986,23631,22320,21429,22139,23099,24977,23221
2_111:16743,21399,18933,19658,19617,18032,22466,19255,20240,18461,16736,21781,19155,19200,19528,19205,21725,20535,21151,18989,16262,19445,20607,19805,18545,20291,20802,21467,20545,19761,18121,20304,20423,19030,20369,21273,20102,22341,20181,19074,16167,19525,23302,18746,21291,20737,18285,23214,21223,19302,19500,19436,22133,20479,20269,20055,20900,21731,21462
2_112:17726,21568,20005,19632,19950,18199,23371,19937,20595,19874,17326,22117,20691,20292,20163,20470,22461,21449,20338,20044,18075,21660,20319,20514,20265,20728,21198,20879,20222,19418,18698,19235,21543,19873,21030,20836,20062,22696,19791,19794,17560,19422,22639,19410,21342,20110,18920,23727,20108,19626,19789,19630,21697,20025,20322,20407,21263,21571,22115
2_113:15254,19180,17439,17701,17719,16307,20450,17522,18652,16971,15611,19916,18092,18166,17638,18721,19290,18868,17959,17499,15436,18855,18682,17815,18242,18062,18467,19770,17992,16959,16527,18220,19543,17545,18310,19460,18119,20453,18119,18175,16538,17500,20882,18575,19268,18977,17738,22466,19448,18653,18732,18602,20700,19036,19067,18742,19938,20248,21204
2_114:18976,22945,20052,21395,21217,19689,23148,21004,21549,20051,17489,21967,20253,20679,20069,21088,21183,21925,20693,19725,18035,21675,21120,20090,20779,20159,20529,22908,20435,19555,18538,20674,22858,20493,20901,21612,21029,22604,20328,20097,18449,19177,21824,20147,19408,20762,18900,23047,21619,20233,19179,19191,21700,20538,20411,19625,20830,21429,20845
2_115:19073,23321,19881,20476,20074,20629,22425,20443,20697,19426,17630,21226,19980,19913,20274,21413,20675,21825,20902,19715,18867,21649,21475,20654,20006,20346,20744,22329,20922,20120,19301,21469,22549,21411,21787,22235,20965,23391,20258,20129,18919,20070,22365,20473,19772,21307,19639,23803,21978,20274,19470,18918,22647,21551,20680,20428,21855,23251,21598
2_116:29846,35060,28625,30166,31292,29390,33114,30846,29637,30185,27018,31215,29738,29772,29230,30780,32042,32172,30682,30082,28647,32532,31934,30337,30305,30463,30853,32161,28957,29175,28577,30424,31752,31208,31938,31475,30759,32784,28519,27745,27048,27551,32293,27987,28356,29973,26795,30442,29777,27214,26476,26923,28665,27808,26978,26260,27602,28953,28214
2_117:30645,37278,30558,31122,31804,27726,33920,34254,30569,31265,29915,32490,31466,29337,32788,33952,33959,36391,32587,32511,31082,35072,34515,35002,30051,35009,32598,32546,32592,32986,32001,33516,35401,34065,34811,31580,35245,37809,30027,29736,27829,27863,34537,29208,29183,30758,27978,34293,32753,26849,27857,27472,29751,29733,26224,25764,28116,28844,29977
2_118:22534,29554,24904,24793,26123,24267,31864,26227,25655,24647,23075,26717,26241,24668,25220,27053,27444,27623,27065,26045,22983,27265,25644,26093,24746,26501,27596,27048,26081,25677,23476,25242,27520,25857,26475,27056,24791,30263,23967,24879,22714,23601,29019,23318,24451,24876,23242,28252,26900,24362,22013,23684,26377,26037,23028,26291,25447,26569,26395
2_119:18189,22896,20342,21008,21881,19359,24399,21079,21849,20976,18896,22180,21040,20643,21228,21316,22514,22545,20933,20403,18349,22056,21564,21587,21751,21110,21712,22657,21538,19763,19051,20373,22710,20237,21043,21459,21171,22996,21058,20052,18644,20358,23416,20915,22139,21794,19675,24869,22667,21068,20051,20752,23112,22121,20554,21881,22803,23694,23599
2_120:20425,24712,21276,23512,23011,21146,25456,22620,23424,22011,18907,24240,21606,22314,22343,22469,23007,24319,22436,22277,19773,24010,23164,22660,23268,22961,23226,25071,22606,21069,20406,21964,24236,21907,22372,23252,22465,24525,22790,21281,19833,21658,23657,21552,22185,23114,19874,25311,23190,21463,20860,20314,23708,21993,20988,22011,23468,24850,22824
2_121:18745,22500,20723,21446,21356,19536,24069,21478,21532,20785,17830,21463,21076,20364,21278,21364,22027,21931,21246,20697,17977,21874,21272,21285,20678,20477,21601,22255,21361,19025,18379,19978,21976,20024,20906,21089,19977,22288,20352,19417,16546,19679,21919,18854,20894,20572,18347,23728,21491,19944,18599,18800,21771,20443,19537,20184,20953,22643,21040
2_122:18832,23792,20778,22449,21512,20534,25300,21973,22315,21598,18503,22833,22418,21100,22578,22055,22966,23555,22667,21404,19370,22444,22109,21468,21933,22221,22584,23715,22343,19941,18918,21490,22796,21168,22422,22103,20470,24052,20561,20612,17978,20348,23187,19936,21570,21381,18994,23651,22452,20692,19620,20306,22551,20682,20476,21341,21708,23474,22410
2_123:19297,22998,21314,21272,21487,20754,25467,21222,22602,21265,18259,23467,21356,21103,21229,21280,23442,21885,22131,20667,18370,22072,21554,20669,20577,21906,22281,22359,21716,19983,18429,21054,22040,20754,22118,21481,20055,23718,20746,20061,17467,19938,22430,19110,21965,20222,18835,24391,21358,20175,19007,19352,22584,20005,20081,20257,21208,21932,21652
2_124:19175,21996,20952,20764,21097,19999,24515,21360,22190,20975,18054,22917,21485,20826,20772,21154,23319,22037,21466,20795,18243,22359,20662,20855,21298,21540,21757,22344,21145,20330,19141,20316,21956,20270,21550,21061,20583,22502,20000,19412,17310,19300,22857,18955,21006,19938,18781,23538,20727,19680,18994,18989,21584,19963,19973,20243,21174,21314,22714
2_125:13516,16811,16183,16112,16496,15269,19091,16032,16939,15814,14524,18462,16804,16391,16098,16785,18573,18014,16503,16233,14219,17898,16746,16433,16707,17219,17128,17955,17588,15619,15893,16631,18306,16428,17382,17817,16855,19444,16855,17204,15538,16408,20001,16908,18530,17701,16673,20982,17995,17137,16673,17181,19749,17973,17846,17196,18685,20000,20059
2_126:15492,18969,16901,18086,17616,17372,19985,18140,18026,16661,15372,19412,17673,17564,17448,18139,18911,19099,17693,17123,15379,18843,18426,17523,18179,18058,18564,19248,18144,17146,16077,18096,19519,17479,18329,19205,18236,20482,18554,18060,16356,17310,21176,18120,19219,19321,17834,22184,20316,18979,17278,18242,20817,19136,18958,18777,19669,20922,20942
2_127:15623,19515,17838,18716,18292,18148,20726,18131,19296,17426,16449,19216,18339,18365,17965,19753,18776,19300,18123,17930,16326,19074,18860,18006,18025,18751,18955,19653,18570,17894,16350,18713,19232,19044,18702,19528,18674,20909,18595,18445,18109,18376,22335,19285,19932,20793,19218,22992,22224,20224,18669,19501,22459,21915,20710,20988,21795,23186,22002
2_128:19668,23882,20838,22119,21157,21152,24474,21868,22051,22074,19953,22361,22261,22662,21443,23598,23058,23079,22588,21720,20497,24275,23193,22272,22448,22843,22999,24102,22482,22114,20299,23238,24053,23790,23894,23805,24038,25720,22647,22440,20690,21535,26648,22175,22713,25382,21556,26215,25100,23240,21328,22720,24292,23829,22937,23093,23992,25251,23332
2_129:18790,22665,20648,20822,20603,20614,24663,20579,21367,20657,18914,21510,21461,20665,20313,22017,22089,21461,21912,20906,18760,21419,21242,20637,20978,20896,21735,21877,21034,20643,17736,20843,21684,20891,21367,21028,19818,24050,19150,20573,17447,19003,23561,18903,20787,21806,18793,23306,22552,20678,18710,19799,21523,21779,20147,21534,21845,23117,21700
2_130:17992,22228,20196,20477,20285,20064,24214,20638,21535,21184,19649,21727,21736,21297,20975,22052,23424,22067,21705,21008,19068,22705,21317,21678,21287,21664,22501,21714,21282,21004,18622,21005,21510,21464,21447,22286,20642,24537,20214,20639,18812,20380,24343,20895,21314,22607,20033,24291,23063,21280,19572,21056,22795,22502,20648,22680,22273,24390,22916
2_131:23355,29331,25126,24220,24945,22479,28937,26592,27016,27935,23767,26152,26739,27162,26447,26216,31163,27859,27146,25857,24047,28682,28600,27344,27719,27379,27756,27312,25439,23875,22623,26014,27119,26349,27539,27177,26327,28677,26092,23653,22942,25427,28954,25493,26479,26757,24362,28549,25425,25629,23254,24044,26071,24962,22835,25976,24829,25977,24568
2_132:18531,22405,20046,20979,21136,19507,24298,21315,20928,20983,17667,21801,21057,20012,20555,20974,22463,21923,21356,20640,18159,22005,21091,20590,20603,20590,21724,22235,21292,18769,18959,19906,22354,19772,21259,21254,20482,22648,20558,19560,17459,19506,22298,19293,21441,20827,18478,24450,21805,20451,19423,19247,22365,21303,20002,20889,21562,23396,20946
2_133:18391,22824,20516,20812,21184,19672,24756,20450,21772,21032,17639,21985,21203,20700,21245,21318,22471,21776,21490,20377,17795,22068,21193,20480,20316,19634,21371,22299,20787,18817,17879,19805,21598,20201,20883,20799,19401,22170,19329,18681,17022,19447,21636,18165,20741,19350,17738,23279,20400,19269,18212,18169,20949,19833,18989,20071,19451,21745,20262
2_134:18015,22126,20285,20633,20353,19517,24516,20195,21612,20674,17498,21595,20625,20049,21065,21161,22285,21316,21486,19896,17536,21703,20588,20626,20362,20140,21356,22455,21261,18774,17557,20745,22022,20221,21966,20208,19790,22771,19713,18895,17565,19519,22151,18568,21113,20024,17942,23896,20382,19886,18416,18649,21276,20180,19989,21301,21218,22257,21373
2_135:16600,19514,18692,18929,18862,17968,22390,18180,19203,18699,15788,20130,18483,18126,18751,18988,20229,19460,19023,18048,16164,19183,18458,18413,18646,18844,18939,19931,19482,17706,16465,18139,20127,18156,19418,18997,18091,21119,18276,17880,16146,17777,19871,17407,18959,18449,17450,21719,19187,18800,17252,17844,20584,18902,18979,19408,20047,20587,20407
2_136:15965,18748,17793,17803,17861,16919,20393,17062,18371,16782,14944,18749,17297,17074,16989,17297,19129,18026,18086,16642,14422,17326,16877,17133,17195,17391,17676,18202,17880,16460,15649,16809,17622,16510,17330,17635,16264,19032,16034,16451,14707,15865,18566,15703,17560,16709,15783,19905,17574,16901,16064,16802,19219,17855,18307,18207,19380,19073,20164
2_137:13621,16752,15832,16151,16107,15690,18361,15873,17049,15360,14158,17720,16600,16365,16228,16758,17842,17231,16181,16060,13663,17213,16785,16394,17119,16607,16788,18053,16939,15397,15506,16500,17246,16563,17438,17274,16290,19295,16655,16786,14954,15810,19100,16293,18009,17402,16427,20824,17630,17183,16222,16203,18810,17218,17310,17092,18965,19390,19907
2_138:15693,19049,17561,18287,18008,17033,20419,18112,18245,17085,15236,18612,18156,17783,17726,17995,19152,19105,17928,17561,15014,18884,18161,17297,18016,17889,18566,19349,18411,16912,16676,17476,18831,17645,18365,18616,17415,20088,17421,17574,15773,16684,20454,17016,18638,18972,17005,21691,19160,18354,17309,17357,19922,18552,18276,18656,20421,20417,20031
2_139:16150,19992,18788,19188,18846,18258,21678,18862,19510,18357,16751,20337,19106,18646,18757,19659,20172,20135,19470,18529,16920,20028,19763,18750,18974,18932,19628,20779,19456,18274,17248,19132,20671,19356,20142,19881,18789,21358,18980,18349,17311,17464,21539,18299,19566,19934,17978,21704,20485,19364,17170,17876,20331,19953,18964,20092,20920,21836,20901
2_140:16289,19323,17494,18682,19079,17962,20907,18161,19374,18164,16944,19136,18633,18405,18213,19961,19431,19411,19204,18531,17081,19632,19278,18917,19125,19129,19336,20177,19358,19354,16954,19514,20631,19713,20130,20732,19082,22139,18649,18892,17201,18632,22725,18697,20360,21993,18440,22765,21976,20455,18584,19594,21735,21086,19507,22152,22535,22873,21150
2_141:17638,20323,19743,19612,19350,19546,22534,19623,20398,19438,17463,20405,19984,19964,19710,20973,20568,20820,19685,19919,17831,19750,20121,19753,20045,19852,20458,20556,20213,19837,17167,20300,20023,20358,20553,20414,18873,22221,18898,19671,17456,18119,22491,18942,19919,20817,18460,23057,22082,19632,18069,19456,21652,21003,20025,21826,22001,23879,21788
2_142:16958,20668,19797,19832,19632,19101,22762,19192,19989,19274,17565,19893,19074,19497,19290,20093,19721,19679,18623,18406,16684,18656,18579,18332,18141,18272,19279,19129,18371,18207,15653,17921,18218,18021,18751,18755,17431,20743,17321,18009,15913,16712,20638,17760,18064,19333,17298,21774,20056,18904,17218,18378,20336,19775,19042,20517,20067,21984,20609
2_143:17812,21985,20468,20615,20479,19671,24293,20523,21484,20782,17774,21832,21091,20087,20516,21248,22108,21467,21511,20352,17792,21209,20747,20846,20878,20309,21890,21723,20454,19403,17786,20860,21354,19828,20792,20860,20808,22706,19670,19824,17922,18875,22511,18909,20804,20295,18745,23749,21021,20369,18558,18952,22157,20912,19955,21519,20579,22664,20287
2_144:16136,19695,18564,18920,18835,17871,22033,18641,18974,19146,15865,19664,19113,18119,19131,19215,20215,19954,19466,18240,16239,19636,18941,18925,18771,18518,19469,20448,18863,18019,16625,18566,20274,18384,18989,18920,18516,20658,18519,17864,16452,17718,20527,17206,19515,19005,17262,22504,19348,19038,17488,17544,20356,19139,18610,19772,19539,20821,19694
