1_1:1539,848,1042,996,851,786,735,692,881,898,957,786,1035,1189,1259,1206,917,1085,903,1002,1072,959,747,794,746,799,772,730,862,738,749,671,904,551,556,724,719,747,802,724,679,678,802,733,816,999,1088,700,776,625,799,923,902,816,929,810,641,1041,923
1_2:1334,883,944,758,699,633,666,792,893,712,886,972,924,1259,1314,1067,1122,971,804,948,1068,679,836,721,840,708,708,765,658,607,707,635,662,740,858,751,1007,1034,779,691,798,630,625,724,886,968,758,769,714,713,963,1113,789,741,904,816,795,809,960
1_3:1400,685,799,724,866,764,735,836,879,1265,1333,1183,1363,1300,996,871,1130,822,772,1033,787,765,883,833,776,754,735,797,634,641,719,948,635,852,740,824,929,862,821,893,684,684,757,698,983,866,671,629,613,731,765,786,610,732,999,869,792,1132,968
1_4:1281,694,668,932,860,1068,1284,1369,1596,1531,1364,1406,1391,890,956,1025,991,945,910,980,738,838,798,788,834,726,678,644,894,778,891,617,827,779,847,877,816,856,840,707,709,840,926,974,800,720,736,631,769,574,775,764,672,740,1062,624,685,878,740
1_5:1447,714,1077,1261,1319,1540,1483,1452,1440,1138,1253,1093,1178,932,1046,1106,958,933,1046,886,741,699,1002,1035,1011,1000,1034,891,989,906,789,954,1032,736,664,608,547,711,784,629,600,636,596,672,681,664,682,568,625,641,751,838,751,1108,909,732,607,850,960
1_6:1471,732,1135,1271,1510,1479,1509,1585,1421,1209,1051,1170,1176,901,771,870,852,848,963,674,840,719,840,1057,1074,1246,1178,1163,1244,927,1082,824,1030,1049,946,745,806,569,878,647,619,668,627,796,802,734,805,623,899,928,1021,905,707,954,1033,902,1045,830,1051
1_7:1255,769,938,838,1036,1212,1532,1677,1572,1499,1200,1277,1061,1029,960,1003,879,864,904,748,835,975,994,861,777,1035,1295,1156,973,969,998,923,646,865,734,1137,796,711,782,703,776,689,706,658,659,679,813,646,655,649,978,952,689,813,665,659,640,686,708
1_8:1464,767,800,888,822,713,848,1191,1182,1499,1243,1265,1311,1270,821,950,1116,1032,970,905,678,714,763,946,977,852,743,1036,1258,947,856,1081,835,830,865,750,726,786,791,830,760,650,730,748,674,967,708,854,642,668,700,723,822,752,787,750,716,790,923
1_9:1542,748,828,820,809,731,878,751,805,923,1099,949,888,1213,1424,1182,798,772,803,995,741,744,793,756,689,773,823,838,766,934,931,837,742,826,733,726,638,730,850,784,828,749,658,647,675,695,750,683,755,702,758,781,708,757,739,903,818,835,832
1_10:1316,731,794,981,1010,651,924,897,807,873,785,1050,1075,1051,1402,1425,1416,1349,1169,977,924,787,914,752,818,774,565,642,688,880,864,841,908,857,862,779,616,582,649,766,864,839,765,672,705,737,586,658,653,684,666,740,641,709,714,789,684,834,872
1_11:1657,708,734,868,1069,921,821,857,717,923,904,966,856,949,1145,1203,1263,1217,1223,1080,1011,941,888,637,864,698,726,761,766,744,735,709,725,619,737,695,704,609,674,590,654,556,579,540,627,592,643,598,651,745,650,756,705,580,650,757,607,693,842
1_12:1636,744,1075,701,855,865,628,778,798,864,903,796,837,891,1116,1009,1069,1019,884,788,740,913,989,772,769,842,727,775,661,684,662,618,644,605,657,576,590,702,749,613,644,642,601,631,663,660,710,924,792,728,690,816,653,666,974,793,806,704,786
1_13:1231,691,801,765,703,630,772,695,678,714,762,693,754,885,652,599,647,732,995,850,807,950,930,975,930,949,936,927,1031,879,787,790,885,810,824,869,876,783,914,803,881,730,677,944,667,693,661,562,651,627,686,846,696,615,848,681,628,912,864
1_14:1350,633,665,906,748,727,688,765,637,699,661,699,730,932,972,1014,1160,1193,1001,1167,1097,995,960,956,747,783,822,962,947,872,804,890,908,758,866,752,951,827,702,750,571,554,615,639,612,621,680,616,663,635,702,651,578,599,783,604,681,778,704
1_15:1316,653,764,872,819,964,1055,1059,1239,1233,1139,1184,1014,1091,972,766,671,703,691,767,688,893,870,823,673,715,784,854,890,744,863,734,708,654,732,753,743,549,648,644,653,639,617,762,704,638,652,575,580,558,603,595,542,630,1056,639,585,1026,642
1_16:1818,1183,1367,1367,1440,1361,1206,964,986,837,780,737,711,688,588,732,845,761,856,777,715,623,654,679,709,732,744,795,798,717,907,850,715,633,670,664,801,724,882,831,725,666,661,673,647,633,794,615,611,636,946,634,632,630,925,707,669,685,632
1_17:2025,1352,1226,1251,984,856,863,849,944,839,900,820,1181,728,847,1079,1035,982,944,1231,880,868,719,930,787,780,887,970,939,745,683,839,766,642,769,627,730,847,786,688,1160,683,644,855,657,657,714,668,596,618,1018,698,655,1434,942,1081,659,704,717
1_18:2002,1249,1160,1162,865,830,894,901,959,861,968,1020,990,994,943,927,809,818,855,999,768,865,825,900,925,786,850,873,635,644,679,818,778,761,946,963,932,790,865,676,892,726,712,840,603,727,650,588,610,584,1071,591,671,653,936,768,610,681,601
1_19:1929,1368,1380,1265,1302,1126,1024,791,777,767,802,851,907,963,977,1003,863,761,794,863,711,829,874,770,777,798,818,875,812,682,701,838,716,872,848,725,797,828,834,837,971,851,825,843,794,786,842,714,699,762,763,702,623,784,641,864,548,714,595
1_20:1256,721,881,950,1156,1182,1290,1344,1305,1252,1112,973,821,757,824,848,837,895,984,938,958,886,915,816,837,790,775,750,724,724,811,856,849,779,788,749,648,769,640,722,809,756,771,855,818,922,860,773,799,749,843,703,712,878,717,711,803,663,688
1_21:1296,672,739,635,771,714,720,700,814,895,890,1096,1241,1172,1209,1233,1218,1167,1002,976,955,854,810,880,927,745,777,818,806,812,762,719,723,668,710,710,736,744,733,697,673,670,673,707,667,637,652,658,741,772,706,756,687,624,691,698,681,633,700
1_22:1333,753,698,664,722,758,749,828,768,810,836,910,772,669,744,738,782,1052,1244,1307,1542,1393,1266,1262,1117,968,869,856,778,718,742,768,802,721,726,762,764,754,734,783,776,661,635,681,772,690,835,652,599,638,650,799,599,647,713,700,688,657,872
1_23:1337,645,704,653,609,576,644,605,633,626,666,1095,614,643,682,630,600,639,907,692,760,873,849,889,818,888,887,941,848,804,805,853,862,738,693,671,644,587,743,670,758,679,638,608,641,610,696,648,653,593,622,713,659,702,714,696,756,717,788
1_24:1226,810,841,728,762,681,626,645,707,671,720,1063,734,708,633,651,793,767,876,652,685,816,775,701,829,817,806,779,790,734,736,776,817,804,701,666,868,627,642,636,692,679,782,683,680,662,695,718,711,656,661,817,672,620,958,722,630,726,764
1_25:1623,887,993,1179,663,722,664,630,688,607,646,924,697,670,596,653,682,603,772,632,621,600,680,873,700,733,820,949,1192,854,783,774,818,810,749,752,859,721,802,728,722,710,901,678,688,799,693,649,678,635,685,787,627,660,881,702,679,917,704
1_26:1353,667,748,726,767,694,637,664,662,663,656,614,993,711,806,845,957,1063,1127,1069,1085,1083,981,1037,967,807,843,797,942,676,697,651,662,759,713,709,691,705,775,740,708,663,708,655,626,707,754,698,734,691,671,804,635,636,910,587,794,818,680
1_27:1538,851,870,1085,1141,1199,1092,1088,1097,1168,994,1030,1025,919,1010,888,729,710,673,722,644,731,624,785,736,707,773,711,728,734,705,811,847,636,635,642,662,540,736,619,635,588,559,625,655,552,631,658,624,575,789,614,604,589,993,631,623,1159,662
1_28:1766,1122,1114,963,885,678,726,606,758,645,722,729,930,688,675,674,700,644,776,688,654,693,643,679,695,701,650,735,876,634,650,736,863,678,691,647,814,621,713,689,775,638,650,848,697,738,875,660,624,724,843,709,586,709,915,655,609,736,664
1_29:1607,839,866,948,927,820,895,863,971,933,921,897,960,840,745,869,774,726,654,732,688,682,728,843,712,683,643,858,750,669,750,1062,1035,632,1051,653,970,1004,697,683,1081,657,660,772,649,724,766,648,659,637,990,719,659,889,741,849,721,819,768
1_30:1593,981,830,870,936,830,741,797,789,655,721,658,675,729,650,760,779,703,752,742,763,739,723,681,767,748,690,731,704,814,767,772,752,776,773,729,750,704,711,682,724,682,697,872,631,622,801,590,581,594,933,603,567,939,631,885,634,680,585
1_31:1261,644,662,645,661,619,738,665,684,672,764,714,708,732,731,790,697,684,808,751,718,721,677,782,714,692,686,702,716,712,720,828,760,849,950,833,801,750,766,803,839,843,782,812,763,759,763,743,737,718,731,688,647,838,651,748,588,625,583
1_32:1588,933,1023,832,909,807,876,899,831,762,691,619,715,666,665,665,658,684,770,802,754,704,732,768,723,770,664,758,732,723,646,808,724,697,795,675,694,695,799,656,780,793,720,805,831,939,740,785,775,760,797,722,694,842,674,696,673,683,655
1_33:1179,672,801,691,675,645,651,669,720,700,885,1070,1126,935,878,989,1030,859,984,894,957,925,898,793,752,795,821,811,734,682,728,747,698,659,656,628,618,579,693,639,660,674,697,688,695,615,649,692,702,708,771,750,788,704,711,814,760,714,700
1_34:1343,650,745,619,674,625,657,632,683,681,734,706,687,731,644,647,601,695,910,764,700,801,888,975,1064,1137,1164,1068,1013,936,994,998,937,814,811,795,776,772,795,673,669,684,719,620,659,636,634,600,614,627,630,628,575,614,634,611,696,639,653
1_35:1574,967,916,1014,811,762,618,648,577,583,601,684,634,606,593,668,616,614,817,686,701,665,669,650,700,687,664,610,654,671,672,700,714,683,804,828,804,833,755,830,823,780,813,738,707,682,617,620,619,606,629,674,571,577,569,679,610,618,677
1_36:1601,1012,1106,1113,1036,954,916,919,913,720,877,1092,861,661,895,639,642,624,1079,663,627,610,631,723,659,615,623,615,936,587,627,674,748,681,615,664,663,758,988,671,732,780,737,744,669,682,668,626,636,631,769,680,584,603,657,772,583,600,614
1_37:1493,998,1048,1061,1012,945,1030,991,936,1020,1042,964,1051,909,908,833,869,848,1010,728,768,788,805,836,742,799,675,698,830,730,764,740,899,721,700,800,690,697,723,711,688,616,783,641,695,731,760,632,805,665,705,643,746,617,654,595,598,988,601
1_38:1522,791,831,911,723,733,704,716,733,663,655,686,738,803,715,761,731,770,792,817,827,803,790,818,726,796,815,724,657,741,706,678,682,720,719,696,693,650,736,786,719,719,808,662,718,667,718,692,608,774,649,570,593,596,762,682,642,712,588
1_39:1737,988,1119,1039,1060,1039,1037,1007,1076,946,981,957,954,924,961,954,1004,784,799,840,923,760,852,771,812,856,797,774,844,678,706,674,710,697,684,646,731,601,692,655,658,616,590,805,629,564,647,598,625,663,687,635,627,597,1082,646,658,940,585
1_40:1285,664,710,751,739,644,718,724,662,665,666,659,912,610,644,725,651,723,709,731,630,660,638,700,622,647,674,714,1081,665,698,733,1041,704,703,728,778,876,685,760,711,651,690,771,666,683,672,666,678,625,937,630,631,642,717,650,656,687,717
1_41:1527,748,830,898,721,630,727,738,654,687,675,663,686,689,707,771,646,677,765,902,722,698,689,845,745,727,651,729,878,662,679,715,813,702,914,633,843,838,657,650,881,683,679,670,729,700,844,784,757,732,928,743,743,744,809,794,721,778,660
1_42:1419,804,822,811,834,827,785,851,814,864,872,769,775,702,694,753,755,717,727,738,714,741,731,707,725,667,675,720,730,689,738,699,745,672,729,663,736,663,685,653,730,672,638,667,647,612,639,692,609,633,702,592,598,674,618,730,629,624,626
1_43:1286,650,676,660,638,645,667,713,726,743,776,792,873,825,867,919,927,952,846,857,821,823,811,837,829,732,753,797,692,685,761,731,747,748,844,795,816,775,744,803,766,738,720,721,740,744,660,639,636,658,683,623,681,730,610,660,655,635,589
1_44:1387,804,712,712,791,757,722,691,607,590,635,635,621,625,609,669,644,640,670,694,680,665,706,778,730,699,741,906,967,881,822,854,721,746,805,771,721,795,726,725,761,721,743,755,743,727,737,843,744,753,777,717,703,713,657,684,668,722,662
1_45:1213,627,629,644,634,654,615,661,748,779,793,845,769,772,756,761,732,779,824,770,742,778,796,811,756,763,754,769,716,695,800,716,665,644,615,612,634,621,666,629,627,624,673,623,626,607,639,618,596,606,655,660,595,622,571,627,610,638,650
1_46:1408,877,892,828,776,738,732,708,748,702,690,738,690,675,622,609,683,612,851,607,645,688,632,598,589,592,710,609,757,758,898,908,974,833,821,919,906,821,855,859,810,858,832,815,809,771,718,737,731,713,694,745,598,582,650,652,597,655,615
1_47:1295,729,851,846,835,932,877,823,836,848,850,1051,812,715,761,785,757,709,908,830,753,747,758,735,747,781,980,713,745,672,675,642,734,640,696,615,608,597,710,570,596,582,870,742,761,695,714,676,687,670,631,640,640,644,641,718,688,655,714
1_48:1332,740,773,728,759,837,793,838,826,895,999,1141,1071,986,991,921,898,958,926,877,923,916,877,889,843,821,729,723,895,724,650,668,912,617,624,653,724,626,831,638,664,652,710,803,651,626,639,636,707,607,708,705,645,642,724,701,688,646,747
1_49:1178,564,801,832,571,602,577,631,687,621,628,888,709,755,650,642,662,744,928,718,774,749,731,928,729,807,766,802,1036,736,663,671,670,684,633,663,711,634,623,624,602,710,640,750,703,617,736,593,585,635,699,578,581,622,735,724,609,705,585
1_50:1400,821,763,830,866,787,779,799,794,773,719,772,719,668,669,670,664,662,690,617,635,673,686,672,697,661,633,652,714,671,632,630,659,717,648,654,671,607,646,650,656,687,612,710,630,746,645,613,635,623,602,634,618,574,644,617,586,663,602
1_51:1359,794,788,775,772,725,747,745,776,774,798,859,778,718,706,688,629,700,668,666,661,679,703,672,659,656,606,623,624,615,650,635,652,659,646,629,727,637,640,703,683,662,643,822,641,635,638,623,608,623,707,601,655,677,787,620,598,650,626
1_52:1444,682,762,721,676,661,789,683,663,632,795,690,725,654,697,734,661,690,820,714,669,720,698,698,698,666,648,688,686,661,661,683,846,670,707,654,692,698,678,680,734,699,655,690,668,662,788,689,706,695,896,706,729,713,1025,813,802,809,810
1_53:1275,709,741,781,717,728,722,717,721,724,724,769,715,745,759,794,759,776,830,911,761,822,734,815,810,805,752,830,783,805,878,918,794,778,896,802,816,787,859,757,869,769,790,776,819,843,832,813,860,879,914,891,833,834,911,945,893,894,928
1_54:1436,877,942,918,1057,905,908,907,922,921,974,948,951,933,956,932,983,914,953,1024,968,918,909,928,886,883,855,880,830,836,843,839,823,784,833,847,798,788,876,816,908,845,783,872,830,879,866,844,902,883,864,867,874,923,909,975,970,946,1005
1_55:1397,626,638,667,651,705,639,655,659,626,623,643,644,620,625,769,699,764,815,754,780,729,676,735,769,744,785,725,771,854,829,748,724,685,689,740,826,685,705,717,730,659,680,653,649,664,664,639,654,674,662,677,653,699,706,724,758,617,638
1_56:1405,592,686,620,614,646,753,600,615,637,661,654,608,616,634,704,661,630,658,664,641,624,662,712,649,647,630,709,622,642,702,716,639,647,737,657,677,724,708,680,722,708,724,696,655,736,704,701,676,666,707,695,746,710,714,716,702,652,669
1_57:1196,592,630,610,606,624,589,600,615,621,619,711,596,630,594,623,597,595,605,576,589,583,603,608,650,664,594,615,623,654,674,676,671,674,642,638,645,627,593,625,640,615,617,588,627,624,640,624,610,621,626,622,638,601,592,596,673,618,691
1_58:1190,594,798,644,629,729,614,681,704,662,711,671,680,678,660,672,676,661,751,694,675,622,628,666,651,647,632,662,641,638,640,603,681,584,622,598,634,661,789,740,753,719,783,667,710,716,770,732,724,663,685,842,694,683,639,723,680,648,677
1_59:1210,620,794,640,641,654,614,618,581,634,642,645,608,610,617,630,600,603,875,615,663,620,699,639,694,698,720,831,750,739,768,774,957,829,779,815,755,827,747,764,768,782,834,740,745,715,710,732,745,692,714,724,628,660,643,649,652,684,676
1_60:1239,646,699,711,636,616,604,620,618,612,595,706,756,623,617,605,615,596,932,637,603,595,720,956,680,675,620,782,730,723,794,730,900,733,739,808,713,791,815,729,706,849,844,698,692,698,656,684,644,633,697,705,629,627,605,803,640,735,894
1_61:1345,805,697,848,692,692,686,688,706,690,723,688,885,690,656,676,681,662,819,691,662,650,659,919,677,703,693,706,721,666,680,666,650,675,675,725,691,672,693,669,700,755,685,679,781,701,668,722,688,678,845,683,726,688,639,764,702,722,696
1_62:1301,696,697,744,702,685,708,691,717,682,745,694,699,664,677,703,704,666,658,649,660,662,653,709,702,663,656,661,653,648,660,651,657,639,647,665,658,672,685,676,710,679,674,711,672,665,660,678,674,654,686,662,651,647,656,663,638,690,647
1_63:1321,756,755,752,783,793,764,780,792,799,835,763,793,819,791,833,885,829,785,852,792,801,815,785,732,771,764,756,748,691,745,714,704,690,686,685,707,659,703,706,666,666,688,771,701,694,698,689,686,667,687,684,691,671,839,662,660,870,675
1_64:1361,775,785,810,796,801,793,821,778,773,769,797,773,766,775,768,789,796,766,751,752,755,736,793,753,768,757,730,791,724,732,773,741,705,739,730,897,703,721,718,774,718,723,738,769,745,772,761,777,718,839,744,721,757,727,757,739,721,733
1_65:1356,771,841,807,907,819,769,780,808,813,777,781,796,826,792,854,782,781,796,770,778,757,797,787,757,774,785,758,772,749,778,754,740,780,836,793,814,819,757,782,795,747,781,777,742,760,733,754,789,760,775,755,752,722,746,727,764,742,727
1_66:1341,728,749,710,747,724,699,718,775,729,744,708,750,762,762,738,719,711,722,721,727,720,716,694,734,720,754,757,747,737,762,749,768,761,760,778,810,848,844,855,819,856,877,861,865,808,842,841,916,857,798,958,843,770,800,788,759,757,760
1_67:1276,721,728,712,732,712,675,729,715,691,753,714,731,693,796,683,775,714,705,696,678,654,711,701,697,690,690,705,695,690,676,679,685,674,680,684,702,714,700,677,741,698,675,744,764,739,760,719,704,706,740,735,681,693,685,801,769,862,790
1_68:1270,611,622,656,604,626,671,631,644,632,665,628,656,668,653,712,662,656,667,679,672,646,668,677,676,654,659,691,711,664,667,656,661,703,691,694,685,756,649,680,691,706,670,675,695,681,665,687,661,678,719,672,671,758,637,712,666,672,706
1_69:1247,653,717,660,660,710,682,680,670,672,719,675,672,678,659,712,650,658,718,676,713,685,671,654,655,636,676,677,686,701,693,643,650,680,651,657,668,649,657,710,648,707,818,689,666,686,665,658,681,649,642,696,693,695,643,728,705,657,678
1_70:1245,605,701,640,625,623,609,634,670,607,626,642,595,607,607,624,632,607,729,631,615,619,640,627,633,614,607,609,617,614,606,623,746,617,610,649,649,611,635,625,620,626,657,648,633,642,619,640,629,621,633,695,631,625,619,651,642,655,657
1_71:1290,696,733,691,682,684,652,669,675,669,654,710,657,667,671,660,672,658,785,662,675,668,674,657,666,675,664,651,652,640,651,670,746,638,647,664,651,652,756,644,650,735,723,662,662,677,641,644,645,708,645,801,654,641,639,657,647,660,732
1_72:1299,641,669,812,666,677,654,668,722,651,651,695,666,728,650,676,681,690,988,698,704,710,673,866,685,720,676,764,681,670,688,690,685,688,696,705,677,688,961,676,674,694,761,686,860,669,744,892,690,683,899,1003,783,689,673,909,701,733,788
1_73:1563,983,1121,1019,999,1059,1054,1026,1027,976,1046,1003,1027,1068,1053,1091,1033,973,1052,986,1010,909,968,1013,1021,1016,983,1003,984,1002,927,969,951,971,1038,935,1011,961,965,919,948,902,978,920,946,961,927,912,973,925,904,939,948,952,884,935,931,977,905
1_74:1540,1009,1070,1048,1027,1061,1035,1010,1016,1026,1058,1035,1032,993,1022,1022,1060,1030,1027,1003,1005,927,1000,1092,952,1048,990,990,990,969,957,1001,971,1075,1086,956,948,990,939,950,985,918,960,937,967,982,949,927,976,948,930,937,940,950,924,884,931,940,919
1_75:1582,1011,1055,1133,1046,1030,1019,1035,1085,1070,1113,1040,1180,1050,1056,1043,1014,977,1033,992,1009,990,1041,1002,995,1015,1005,940,1025,986,916,963,960,948,1017,945,955,988,965,967,924,949,912,953,933,969,902,921,945,900,939,944,924,871,950,919,940,945,919
1_76:1606,1039,1077,1087,1106,1111,1072,1117,1072,1054,1116,1078,1085,1119,1056,1074,1091,1051,1086,1017,1036,1023,1028,1022,990,1038,1076,1026,1001,1010,995,1027,1071,1036,1036,1073,1006,986,1037,997,1003,1031,1036,1002,1023,1041,1007,986,1064,990,983,958,960,938,972,967,937,939,976
1_77:1350,717,762,740,761,775,781,764,750,772,771,727,765,745,783,762,780,777,746,824,754,753,748,833,781,730,752,773,754,744,731,750,763,769,847,796,773,791,793,744,775,782,790,739,751,739,766,734,784,764,795,796,724,807,801,727,740,750,776
1_78:1418,810,847,902,808,839,803,809,829,800,831,813,821,844,835,832,826,868,836,866,825,877,836,882,926,851,863,936,836,834,902,1026,926,878,867,965,910,938,951,894,960,878,960,879,886,848,888,875,958,891,948,1020,981,916,1073,907,927,975,944
1_79:1399,768,792,788,762,843,755,759,764,787,817,793,782,751,801,792,797,802,834,805,754,772,822,860,813,881,792,811,782,796,784,841,823,844,834,838,893,833,864,904,858,799,823,760,793,842,782,811,860,817,806,884,874,799,897,923,903,912,848
1_80:1421,776,843,855,840,834,833,798,821,833,858,845,843,801,792,904,817,815,815,812,823,815,835,833,836,807,839,882,880,844,786,967,891,850,851,854,857,877,849,819,824,848,790,769,801,878,802,787,824,813,774,807,761,778,839,802,830,811,782
1_81:1550,1004,1048,999,1034,1032,984,1016,1019,1027,1026,981,1021,1015,1012,1059,1007,982,1019,993,1031,990,981,1032,999,1001,991,1010,997,968,990,1023,976,995,1017,972,1020,984,961,978,989,968,964,977,961,960,965,955,983,971,978,925,934,954,955,911,977,945,901
1_82:1546,1042,1144,1139,1138,1078,1044,1107,1078,1076,1048,1151,1105,1082,1034,1078,1070,1053,1030,1016,1020,1026,1058,1065,1058,990,1016,1126,1085,1044,974,979,983,981,995,1003,1024,979,977,980,954,957,984,992,1008,991,990,981,990,1000,973,953,961,923,956,883,908,930,862
1_83:1526,1045,1140,1056,1092,1139,1055,1073,1092,1068,1107,1125,1112,1099,1068,1108,1104,1031,1011,1013,1017,1003,1038,1096,1033,1003,988,1015,1021,994,977,1018,1000,996,1019,956,1027,984,965,968,961,958,1007,952,960,1001,948,917,969,993,964,945,960,924,967,868,984,929,918
1_84:1519,1007,1161,1083,1109,1084,1132,1039,1118,1044,1080,1096,1101,1009,1090,1142,1092,1031,1095,1065,1058,1017,1054,1050,1022,990,997,1031,1029,1026,996,1072,1067,1017,1073,1193,1092,993,989,969,959,971,954,929,989,960,930,938,962,964,960,906,910,955,902,957,882,874,880
1_85:1645,1211,1311,1261,1275,1225,1206,1203,1259,1193,1242,1216,1231,1190,1150,1249,1169,1118,1141,1113,1108,1125,1083,1080,1112,1097,1068,1041,1118,1097,1007,957,1016,981,1139,1002,1011,1009,1012,975,1017,996,988,984,975,1016,972,979,1019,975,964,1012,891,893,929,864,944,939,939
1_86:1680,1146,1229,1141,1212,1177,1173,1165,1180,1135,1230,1168,1171,1115,1156,1146,1166,1087,1092,1066,1067,1049,1078,1072,1074,1095,1035,1011,1034,1057,992,954,984,1016,1020,973,1003,1005,1032,983,993,958,955,979,992,1013,966,1001,949,991,966,1001,939,900,962,892,920,945,929
1_87:1564,1092,1151,1075,1104,1109,1082,1084,1051,1074,1109,1101,1040,1080,1057,1077,1059,1022,1031,1015,1006,982,992,1003,1015,1028,994,939,965,961,957,940,937,938,953,924,959,953,929,942,939,932,907,936,953,970,951,909,950,935,895,978,887,869,882,922,952,917,866
1_88:1546,1027,1049,1103,1082,1068,967,1039,1116,1130,1072,1018,1018,1020,1020,1035,1010,1036,1042,997,991,958,1000,1037,987,994,977,978,1054,1020,994,950,951,959,965,994,974,913,953,938,947,950,918,1009,997,987,942,907,935,960,933,981,955,912,927,922,927,927,892
1_89:1451,1050,1124,1044,1109,1053,911,944,1214,1215,1027,1123,954,1133,1115,992,1113,1059,1041,961,1033,911,886,1085,904,900,1044,905,966,880,891,1070,919,893,943,1072,961,889,863,860,879,964,846,954,903,931,850,843,858,893,909,907,806,872,816,868,802,830,788
1_90:1294,687,710,710,702,719,647,727,726,714,693,722,693,752,707,691,679,684,702,669,687,670,667,734,708,697,686,698,672,661,680,688,659,679,654,709,724,655,707,681,729,690,668,673,676,658,652,666,675,683,683,664,702,644,701,706,677,683,664
1_91:1333,770,805,789,807,774,777,834,783,803,800,780,810,817,849,788,753,754,808,803,774,800,764,780,826,779,843,745,789,755,778,765,788,748,754,792,849,748,809,757,758,777,728,761,772,741,766,770,787,781,754,839,768,716,756,785,760,788,795
1_92:1369,859,905,897,877,867,845,855,883,921,867,861,895,876,916,876,886,845,828,855,817,823,859,840,834,825,873,797,850,844,803,811,790,793,793,786,814,766,842,775,819,781,791,820,773,769,797,797,774,815,774,774,760,719,746,745,735,730,773
1_93:1615,1136,1190,1202,1193,1175,1196,1169,1188,1197,1147,1228,1145,1159,1155,1193,1192,1200,1104,1155,1138,1123,1127,1181,1175,1166,1110,1108,1098,1130,1085,1044,1052,1046,1030,1045,1089,1070,1078,1031,1044,1103,1028,1050,1027,1041,1078,1048,1019,1017,1066,999,992,982,989,940,947,959,990
1_94:1686,1249,1345,1328,1315,1278,1226,1304,1201,1221,1227,1222,1239,1255,1222,1227,1202,1199,1186,1181,1152,1142,1175,1170,1207,1189,1127,1156,1129,1137,1075,1075,1080,1124,1103,1054,1186,1051,1097,1115,1097,1044,1030,1108,1053,1067,1027,1025,1007,1045,1046,994,1014,1010,1006,954,986,970,950
1_95:1736,1236,1298,1250,1311,1314,1169,1199,1229,1151,1251,1199,1178,1139,1172,1203,1144,1105,1155,1116,1074,1039,1050,1097,1125,1067,1041,1101,1045,1063,1020,1007,1038,1037,1005,1065,1050,1050,966,965,946,1002,968,1008,1009,984,1010,935,991,1034,963,941,897,901,922,884,887,927,908
1_96:1837,1242,1327,1279,1304,1360,1280,1329,1260,1320,1289,1227,1277,1241,1220,1300,1232,1163,1217,1137,1140,1140,1182,1123,1205,1129,1106,1076,1159,1097,1038,1054,1054,1055,1047,1008,1121,1061,1022,1017,984,1008,1013,968,956,1018,943,951,986,993,939,981,941,970,948,867,853,902,878
1_97:1738,1312,1421,1277,1335,1344,1316,1262,1245,1281,1340,1329,1327,1264,1281,1280,1242,1216,1177,1175,1130,1152,1122,1181,1130,1194,1097,1105,1135,1141,1054,1075,1051,1057,1094,1061,1056,1032,1016,1032,1045,985,1000,1001,928,985,999,972,986,1003,957,1006,1006,918,937,877,924,937,919
1_98:1491,1000,1042,1068,1034,1037,1070,996,998,998,1042,999,981,991,990,996,959,922,905,927,917,903,912,931,910,913,899,854,861,883,880,805,835,810,854,788,858,802,842,857,801,862,826,901,847,836,839,804,821,892,849,842,805,838,823,800,877,837,830
1_99:1524,1039,1104,1083,1148,1091,1086,1056,1094,1066,1039,1048,1052,1043,1095,1092,1018,998,1029,1021,1023,1014,1030,1026,1033,1024,1008,1009,999,1011,999,975,990,941,985,952,998,948,996,969,951,964,926,1019,981,973,940,959,942,970,954,953,923,917,914,883,929,977,924
1_100:1484,997,1067,1014,1040,1075,992,1035,990,1041,999,993,1026,1025,1013,1038,1008,979,995,962,965,904,967,976,960,998,959,945,949,978,903,926,899,917,898,931,963,904,931,939,899,946,912,958,932,923,922,920,920,932,887,922,896,894,901,914,890,908,842
1_101:1579,1055,1057,1056,1083,1104,1028,1043,1082,1101,1080,1091,1076,1071,1092,1081,1130,1092,1088,1027,1034,978,999,1038,1015,995,972,986,982,999,990,1007,1008,1010,961,1002,999,963,991,976,974,978,999,960,988,977,983,962,974,1000,946,1002,973,914,941,940,929,957,902
1_102:1391,892,969,920,917,931,893,881,902,900,915,915,920,893,964,920,890,885,885,878,865,826,878,894,893,880,856,862,881,871,850,841,866,841,832,876,879,857,850,898,871,864,857,852,847,824,844,841,853,849,824,865,806,828,794,792,793,784,779
1_103:1348,777,817,803,805,840,813,806,799,828,826,827,827,817,838,811,798,790,825,777,780,774,805,802,810,794,784,762,800,772,745,769,773,771,772,732,807,768,782,770,770,783,771,803,742,745,787,768,782,788,780,802,780,749,771,727,769,752,736
1_104:1476,997,998,953,974,960,934,1007,954,997,979,979,971,985,981,1018,1001,941,955,945,955,929,940,1000,937,942,934,937,962,949,942,863,891,920,946,919,941,930,932,896,952,923,882,917,898,896,924,922,918,930,907,942,889,833,899,796,847,858,829
1_105:1617,1087,1087,1121,1108,1088,1044,1116,1112,1144,1064,1113,1103,1146,1135,1132,1171,1072,1027,1054,1039,1063,1071,1098,1067,1047,1077,1071,1050,1081,1049,1037,1036,1017,1018,1021,1103,1001,1030,983,1003,1015,983,1022,1009,964,985,995,993,1035,993,1013,1017,941,963,927,974,953,1000
1_106:1731,1305,1393,1436,1414,1368,1257,1327,1354,1234,1322,1346,1294,1375,1267,1380,1348,1255,1290,1207,1204,1222,1211,1210,1263,1175,1232,1199,1165,1181,1153,1136,1113,1136,1147,1112,1176,1142,1138,1098,1072,1105,1071,1115,1085,1110,1056,1068,1055,1151,1111,1017,1040,972,1064,957,1027,1030,986
1_107:1658,1193,1281,1277,1235,1321,1197,1232,1246,1246,1218,1262,1207,1204,1232,1225,1235,1172,1177,1184,1176,1087,1114,1135,1099,1123,1077,1124,1116,1119,1057,1036,1050,1113,1059,1009,1083,1042,1000,1032,1014,1030,1037,1073,1045,1038,1055,998,1059,1076,1039,1057,1000,1013,1025,944,981,998,914
1_108:1728,1297,1401,1320,1356,1382,1327,1312,1309,1332,1373,1330,1393,1260,1289,1343,1246,1209,1233,1197,1193,1084,1144,1167,1188,1201,1181,1166,1163,1150,1111,1095,1082,1104,1130,1080,1120,1098,1102,1080,1060,1035,1077,1083,1028,1097,1072,1044,1117,1082,1061,1059,985,983,1028,926,983,990,962
1_109:1717,1306,1398,1322,1304,1380,1326,1314,1375,1307,1361,1364,1308,1277,1276,1316,1260,1207,1219,1174,1243,1193,1197,1167,1177,1192,1221,1105,1209,1141,1085,1087,1083,1115,1079,1019,1163,1010,1093,1128,1020,1115,1132,1066,1053,1028,1044,1037,1036,1060,1043,1002,1035,963,998,910,938,979,955
1_110:1526,1074,1157,1109,1112,1148,1075,1084,1054,1074,1107,1072,1073,1070,1069,1088,1052,1021,1026,985,973,968,1034,1035,976,1024,1032,979,959,1017,1003,925,965,945,881,933,976,913,930,935,901,937,942,971,921,927,953,949,990,944,923,947,940,947,975,876,933,945,905
1_111:1499,976,1053,1009,1028,1008,978,1017,970,1023,994,1000,980,1006,996,992,969,958,990,938,978,927,959,971,981,916,954,939,945,974,897,937,886,926,881,913,979,849,898,928,912,948,899,981,942,944,899,923,935,909,869,963,909,891,918,876,915,941,876
1_112:1496,1033,1097,1054,1098,1079,1009,1051,1058,1055,1056,1006,1031,1065,1037,1062,1016,1019,1001,1064,1046,985,1007,1021,1090,1014,1031,1015,1039,1040,963,993,989,996,977,1006,1015,966,983,1020,1008,1003,965,1055,982,1018,1035,1007,995,1010,1012,1027,961,1015,964,978,994,1080,1102
1_113:1466,953,1044,1035,1039,1010,972,986,1002,1018,983,982,1016,982,1021,976,990,974,989,949,963,899,917,949,975,921,975,958,968,982,908,912,900,956,916,914,957,887,927,898,928,911,943,965,922,909,945,910,946,926,896,979,915,934,914,911,919,935,916
1_114:1592,1062,1208,1117,1143,1120,1177,1054,1082,1124,1093,1085,1106,1083,1101,1116,1028,1010,1066,1033,1049,982,1005,1044,1069,1030,1017,978,999,997,969,1004,1064,992,977,952,1012,977,1038,953,953,1006,997,1029,996,999,972,962,988,1018,951,1004,954,971,993,917,911,952,930
1_115:1506,976,1061,1078,1032,1031,1025,1011,1042,1022,997,1055,1021,1037,1067,1020,1019,966,989,972,966,947,966,1018,1002,961,960,966,966,956,955,940,993,968,936,930,965,994,1009,941,1007,986,987,966,1026,930,1022,927,988,983,948,965,949,919,942,921,1008,936,965
1_116:1620,1213,1248,1218,1196,1162,1216,1176,1187,1161,1167,1195,1193,1183,1184,1231,1099,1119,1116,1085,1126,1050,1125,1145,1117,1114,1074,1045,1110,1045,1040,1067,1061,1002,1102,1026,1015,1048,1111,964,1009,1060,981,1013,964,980,989,1014,1027,1031,1026,1041,1002,941,975,939,950,1011,994
1_117:1510,1025,1100,1137,1073,1121,1061,1084,1109,1062,1111,1117,1078,1113,1040,1169,1091,1019,1061,1034,1051,959,1091,1031,1023,1035,1100,1047,1017,1115,984,1047,956,962,1017,948,1057,962,1028,958,987,1018,906,1019,978,972,981,925,968,993,966,978,982,923,967,920,957,973,999
1_118:1806,1396,1536,1571,1599,1555,1372,1601,1470,1472,1504,1581,1555,1584,1499,1543,1435,1411,1406,1461,1523,1387,1384,1516,1477,1346,1504,1413,1329,1335,1343,1286,1274,1265,1346,1319,1383,1278,1320,1276,1251,1352,1229,1384,1353,1345,1267,1223,1294,1362,1296,1218,1214,1224,1239,1147,1248,1227,1241
1_119:1532,1058,1108,1085,1132,1104,1037,1148,1073,1048,1066,1101,1084,1099,1082,1107,1069,1040,1079,1034,1056,968,1049,1041,1093,1044,1019,1039,1027,1042,952,1022,932,951,988,948,1046,952,995,984,924,967,982,1024,968,1025,991,955,994,1014,990,1018,966,957,969,911,939,1003,941
1_120:1598,1172,1289,1190,1182,1266,1209,1174,1164,1206,1234,1213,1229,1198,1182,1229,1141,1127,1165,1081,1075,1001,1093,1105,1110,1223,1101,1061,1082,1111,1003,1004,1010,1026,1039,1005,1078,1065,1060,1033,1026,1041,1052,1006,971,1023,1027,994,1004,1048,1043,1066,1047,990,1017,929,973,1001,999
1_121:1599,1152,1191,1177,1206,1197,1119,1167,1121,1136,1169,1138,1143,1144,1090,1154,1119,1100,1073,1064,1053,1010,1088,1071,1053,1063,1072,1004,1072,1069,1006,948,1026,1034,970,1052,1019,960,985,1005,1053,984,1031,1050,976,1007,1027,969,985,1038,961,1004,975,977,977,915,977,1007,983
1_122:1607,1214,1299,1211,1246,1264,1215,1286,1188,1246,1228,1225,1231,1268,1234,1252,1199,1212,1189,1148,1143,1153,1161,1143,1158,1160,1153,1105,1142,1211,1116,1041,1074,1039,1031,1091,1086,1052,1089,1087,1011,1070,1068,1136,1073,1094,1093,1073,1078,1154,1063,1081,1037,1039,1076,1004,1032,1040,1042
1_123:1658,1256,1294,1261,1316,1267,1196,1229,1242,1226,1174,1203,1191,1167,1194,1239,1176,1153,1181,1147,1153,1131,1158,1176,1167,1121,1195,1147,1072,1136,1050,1054,1097,1062,1011,1094,1128,987,1080,1067,1055,1096,1042,1096,1056,1079,1021,1015,1025,1054,1018,1049,1039,1021,1004,969,949,1014,928
1_124:1565,1160,1273,1233,1217,1192,1135,1189,1161,1163,1129,1101,1121,1175,1182,1161,1094,1117,1128,1122,1113,1057,1110,1152,1104,1136,1085,1095,1149,1083,1056,1076,1069,1032,1016,1097,1074,989,1059,1070,1037,1052,1013,1097,1054,1071,1045,1030,1025,1042,1015,1037,967,1010,988,977,980,993,966
1_125:1339,837,890,869,859,864,856,842,883,854,844,821,859,839,876,848,843,787,850,806,824,799,814,827,892,849,857,830,846,848,773,841,816,828,792,842,856,813,820,829,823,831,818,869,834,848,846,814,859,862,808,838,818,839,815,804,829,843,827
1_126:1406,916,957,903,939,935,905,910,916,936,880,901,921,892,932,929,892,865,903,864,847,844,881,870,873,875,867,870,892,862,814,825,820,862,823,854,868,837,843,833,815,878,844,888,860,851,856,851,880,858,849,894,825,852,846,830,828,864,846
1_127:1337,859,953,923,935,909,890,892,886,928,898,916,899,932,934,911,921,923,904,894,894,879,888,937,901,875,897,905,900,879,882,848,852,843,851,874,909,883,928,868,850,899,851,927,888,886,883,940,879,929,921,931,893,941,956,909,914,916,946
1_128:1591,1187,1254,1206,1227,1197,1169,1238,1200,1219,1171,1197,1211,1210,1214,1181,1191,1159,1119,1129,1135,1085,1145,1146,1150,1109,1146,1106,1149,1117,1152,1123,1107,1093,1182,1118,1116,1104,1143,1077,1096,1102,1059,1195,1119,1065,1119,1134,1112,1128,1151,1122,1135,1101,1134,1044,1060,1130,1195
1_129:1741,1286,1332,1322,1302,1260,1224,1282,1275,1314,1282,1282,1271,1269,1280,1285,1240,1257,1221,1211,1264,1214,1225,1217,1314,1231,1238,1291,1218,1231,1215,1198,1164,1172,1211,1269,1163,1156,1214,1168,1165,1210,1132,1195,1159,1119,1191,1213,1215,1168,1208,1190,1074,1122,1152,1087,1136,1143,1130
1_130:1587,1092,1141,1129,1130,1171,1100,1160,1145,1123,1161,1148,1143,1126,1141,1147,1143,1133,1110,1134,1117,1115,1119,1114,1123,1103,1136,1117,1088,1052,1084,1085,1044,1021,1055,1083,1111,1028,1102,1068,1036,1098,1010,1101,1050,1054,1060,1090,1037,1071,1080,1073,1074,981,1071,1028,1032,1073,1077
1_131:1892,1441,1464,1548,1489,1488,1462,1463,1406,1421,1484,1453,1446,1446,1445,1439,1403,1416,1353,1420,1403,1387,1345,1289,1381,1364,1367,1347,1328,1351,1433,1338,1373,1324,1273,1308,1291,1205,1238,1247,1279,1272,1185,1253,1169,1180,1198,1160,1259,1213,1174,1234,1201,1209,1186,1072,1109,1154,1129
1_132:1722,1287,1387,1358,1337,1357,1330,1338,1320,1329,1353,1299,1309,1388,1303,1348,1321,1361,1314,1269,1262,1254,1246,1262,1269,1290,1280,1194,1223,1290,1217,1152,1181,1206,1161,1196,1199,1160,1269,1210,1205,1166,1163,1240,1183,1216,1166,1219,1187,1249,1176,1197,1143,1136,1169,1068,1083,1115,1096
1_133:1831,1410,1455,1419,1417,1455,1435,1410,1400,1377,1435,1382,1371,1382,1350,1403,1326,1339,1370,1301,1275,1269,1251,1291,1283,1285,1287,1238,1284,1296,1246,1215,1168,1205,1192,1204,1218,1178,1194,1176,1210,1164,1148,1217,1144,1159,1169,1144,1147,1148,1141,1133,1080,1111,1133,1019,1067,1063,1085
1_134:1742,1434,1538,1457,1463,1468,1371,1463,1407,1381,1444,1425,1438,1405,1434,1419,1412,1388,1355,1362,1426,1364,1397,1426,1314,1333,1325,1283,1322,1358,1312,1263,1218,1228,1342,1228,1317,1210,1307,1361,1298,1216,1224,1304,1258,1258,1308,1223,1261,1225,1225,1293,1171,1193,1254,1138,1184,1137,1207
1_135:1618,1182,1247,1234,1221,1196,1147,1191,1134,1176,1146,1153,1178,1173,1215,1177,1124,1140,1120,1108,1124,1098,1127,1168,1132,1127,1152,1156,1190,1120,1074,1107,1086,1065,1134,1116,1121,1041,1118,1080,1053,1077,1065,1122,1039,1072,1086,1060,1036,1036,1065,1092,1039,1057,1036,1028,1052,1037,1007
1_136:1507,1035,1093,1059,1064,1057,1006,1043,1038,1053,1032,991,998,1053,1023,1041,1030,972,1003,993,996,906,969,989,984,961,980,933,963,988,954,953,959,952,903,940,949,892,952,943,920,1008,914,975,915,968,915,943,945,933,939,986,907,915,941,921,886,940,928
1_137:1331,821,858,863,885,872,820,847,825,857,822,846,879,884,845,859,832,827,845,849,866,812,838,862,857,854,838,815,843,838,838,834,836,836,795,812,850,827,860,843,834,860,811,892,869,875,817,845,883,866,813,873,846,854,856,869,858,892,883
1_138:1467,997,1062,1043,1022,1038,1012,1033,1008,1029,1022,1021,996,1053,1038,1010,999,1004,981,1006,977,972,979,1032,1000,973,1016,982,1009,995,956,954,969,953,964,988,967,953,967,978,972,979,996,993,947,983,992,966,1015,989,953,986,994,967,957,956,927,967,947
1_139:1654,1135,1230,1185,1218,1181,1154,1188,1135,1159,1148,1155,1138,1137,1144,1141,1112,1167,1162,1104,1159,1061,1126,1127,1173,1168,1117,1086,1103,1072,1108,1074,1058,1078,1081,1108,1106,1073,1093,1047,1100,1138,1097,1150,1112,1096,1082,1098,1057,1115,1069,1111,1106,1075,1075,1085,1112,1064,1087
1_140:1562,1110,1093,1113,1090,1094,1037,1134,1102,1095,1088,1114,1105,1108,1100,1109,1106,1122,1125,1114,1038,1041,1090,1093,1088,1038,1109,1140,1092,1155,1166,1046,1048,1049,1024,1075,1093,1093,1105,1050,1072,1097,1060,1137,1087,1092,1113,1143,1063,1079,1122,1134,1106,1076,1120,1068,1131,1114,1174
1_141:1570,1114,1156,1155,1222,1168,1165,1146,1164,1157,1086,1159,1145,1192,1148,1181,1165,1148,1127,1109,1085,1102,1114,1184,1161,1098,1111,1158,1102,1101,1103,1059,1040,1024,1042,1065,1069,1066,1093,1077,1088,1129,1048,1125,1071,1093,1093,1060,1098,1087,1127,1108,1079,1057,1112,1010,1087,1103,1092
1_142:1598,1178,1178,1173,1169,1174,1130,1177,1163,1130,1146,1119,1126,1139,1144,1177,1109,1119,1207,1098,1034,1051,1075,1078,1088,1043,1052,1034,1060,1044,1037,1033,973,1014,1009,1011,1065,975,1025,978,989,1025,975,1052,1013,1019,1030,989,993,993,1009,1049,987,960,1016,1004,988,1034,1026
1_143:1799,1393,1462,1449,1455,1435,1400,1422,1400,1386,1429,1356,1413,1395,1369,1410,1340,1372,1391,1353,1330,1322,1302,1357,1362,1375,1332,1283,1293,1347,1291,1272,1240,1211,1232,1257,1292,1254,1250,1260,1268,1250,1253,1268,1269,1226,1220,1194,1265,1253,1212,1215,1209,1145,1240,1118,1138,1150,1151
1_144:1794,1334,1381,1343,1319,1371,1283,1343,1303,1341,1342,1336,1298,1320,1307,1350,1402,1304,1315,1302,1295,1237,1283,1266,1258,1306,1254,1219,1199,1285,1242,1194,1201,1228,1273,1185,1245,1195,1209,1259,1197,1188,1186,1221,1163,1237,1239,1196,1198,1242,1186,1222,1193,1175,1173,1106,1162,1131,1152
2_1:15540,16370,14646,14869,15373,14622,14821,15262,15394,18821,20380,21681,22305,22997,24047,22202,20944,21285,21160,18392,18872,17942,15558,13671,13488,12524,14083,17170,14578,14704,14605,10785,14155,14887,12603,10163,12405,15405,15366,11106,15507,18170,19539,18278,18080,18839,14122,15725,12914,11478,10614,11696,14068,14474,13481,12198,15672,17366,18902
2_2:14833,14955,14746,13640,12468,13320,14498,17384,19224,18361,20421,23230,23868,24943,24265,19710,20845,20924,18938,16837,14246,11714,12278,12590,13324,14105,15304,17015,13852,11062,12269,11996,14732,14185,10915,10607,13203,17256,12164,13275,16921,18854,20353,17611,17763,14455,10977,14251,13068,11307,11721,13392,14817,12525,13187,13463,16954,16892,18933
2_3:14538,14633,15598,13023,12968,15971,16614,16713,19942,24741,25281,26937,25675,22778,20483,19118,18817,18537,16897,15259,14354,15241,15466,15564,15613,14937,14721,12989,11487,11984,14081,13136,13435,13555,12712,13377,14375,15350,16177,17702,18554,17454,18605,16160,14224,12688,9766,12851,11829,11418,11938,11816,13422,13944,14671,13186,15674,16333,17565
2_4:12254,12717,12719,11552,12916,15281,17437,20952,23115,23329,21683,23018,22682,20859,21467,20070,20380,20477,16980,16470,16301,16545,16671,15684,14866,13671,15145,15971,15700,15994,16770,16401,16933,16369,16477,18264,18042,19399,19438,19131,17922,17352,16762,14521,14089,11715,10838,11506,11794,10496,10638,11402,13612,16241,14873,13414,18171,17460,18500
2_5:13207,15072,16927,17471,18679,20622,21289,22636,22813,21952,21277,21563,20161,18404,18583,17528,17868,17286,15518,15325,15586,15252,16468,16601,16311,15112,14880,15838,15859,16819,18220,18514,18187,16337,16457,16863,17722,18107,16353,16305,15405,14280,16479,14797,14453,11347,11198,11121,11802,12694,12366,12129,13853,14902,15298,14162,18094,18903,21758
2_6:15881,17586,18097,18445,19397,21469,23162,23352,22521,21769,22310,21562,19747,16665,16615,14999,15892,16513,16327,15228,16005,14089,15764,17318,19179,19429,18285,18119,16375,17439,19282,20203,20513,20112,19564,17940,14849,16512,15190,15220,14790,15353,16462,15408,15295,13564,14298,14018,14352,14918,13384,13660,14582,14459,14242,14860,19225,20332,20721
2_7:15162,15285,16159,15396,16854,19977,23973,23490,22790,21684,21334,22927,20632,17911,19471,18487,16850,15888,15363,15646,16923,17665,18364,15513,15201,16815,19353,21566,17126,16730,18092,19084,20269,19320,18096,20871,19096,17435,14222,13363,14914,16250,17118,15446,14929,14729,15266,15689,14398,15269,14083,13945,15889,16512,16287,14552,20405,21144,19951
2_8:16674,17358,14613,15089,15061,15781,18257,19956,22439,26300,26307,27470,24016,18505,15307,17012,20036,20386,17404,15355,12906,12718,15183,17098,15816,14178,12386,16257,19292,17856,15922,15163,17448,18270,19042,17343,19122,19734,17840,14319,14901,15916,16780,14756,14368,14627,13521,15848,13935,13267,13192,14082,16133,15973,16510,14688,18377,19526,19094
2_9:14262,15079,14811,13485,11827,14082,14336,13163,12944,16257,21672,25892,26672,26657,22069,17412,16792,19574,20112,19279,14916,13027,13856,13878,13923,15187,14276,13388,14083,16353,16571,16734,16947,16852,17517,17702,19050,21467,17989,17504,15325,15775,16366,14561,12315,12189,11672,14672,13876,12197,11715,10610,12760,11418,11065,10290,14170,13879,12782
2_10:17213,18116,13469,12310,12375,14170,15499,15770,15290,15593,15402,20864,22157,22501,22812,22902,22411,20160,19888,20607,19486,18150,16615,13074,10831,11222,9382,10467,12168,14603,14416,14468,16105,14847,15217,14564,16102,18247,17751,16676,15022,14827,16146,14750,15746,14667,15079,14857,13293,12211,10874,10811,11267,11635,9164,10524,14752,10639,11773
2_11:13644,13796,9690,8234,9386,11525,14442,16445,16326,16830,15338,16809,19359,20593,21518,21463,21536,22098,21518,20813,19506,19642,20220,17424,14941,13351,11338,10647,10657,12251,13410,13432,14906,13114,12972,14424,15417,16232,14506,14236,13842,13606,16142,15859,17351,16706,17211,19179,16352,15329,12775,12069,12238,11526,9364,8830,12768,12024,9892
2_12:13464,15081,11055,9689,8903,10361,11534,11854,12024,14780,16023,18200,20712,21128,22933,23217,22374,21532,21537,21208,19744,20530,19377,15824,13898,12179,11351,10572,10388,9783,9514,9111,11987,11074,11836,12889,11710,12239,11258,12367,11045,12006,14589,16356,17793,18562,18697,16866,13119,11604,10117,9806,9579,9252,9455,8708,11185,11051,11525
2_13:14424,13748,13697,13535,13393,14864,16480,16727,16400,17445,16588,19376,19508,17332,17159,14665,14895,16819,18884,19158,20930,24067,23563,22757,22017,20524,18492,18442,15462,15138,16639,16629,20154,18781,17944,16511,17011,17959,16370,15449,15107,15405,14647,12865,12185,12146,11306,12412,11651,11125,12542,11661,13135,13375,12095,10280,12867,14058,14229
2_14:15639,16518,16386,16494,15722,16766,17111,16483,15256,15826,14623,15948,16225,17223,20768,22508,23798,23898,22668,20801,19779,19446,18551,16756,14088,14934,16842,18090,16651,17157,16893,15326,17015,14243,13764,12968,12464,13812,12666,13040,9219,9432,11163,10575,9765,10130,11727,11686,11490,11062,9287,7036,5851,7615,10727,8283,11088,12511,11892
2_15:16456,17019,14625,15622,16441,16539,18796,19284,20995,21751,20227,23652,22419,19503,17526,16273,15901,16632,14570,13377,17036,18753,19080,18277,18028,17039,16155,15053,13884,14132,13329,13923,15797,13969,12240,11454,12723,12524,12254,13730,12453,12390,12606,10979,11215,10366,8232,8232,7231,5915,7059,5515,7353,9217,9399,7023,9315,11016,9756
2_16:19874,23514,23774,25002,24039,23812,23724,21909,20795,18803,16766,16489,13816,10318,9927,10827,13667,15775,15561,15163,14718,14626,14300,14153,14123,15089,15279,15811,14614,15082,16138,16650,18587,17487,16641,15532,14583,16095,14693,12968,13089,13827,12835,13040,12521,12153,10633,10329,10012,10453,11555,11561,14617,15650,16820,14443,18067,19440,17948
2_17:21349,22958,22128,21154,19411,20041,20667,18631,17850,17397,17935,19794,18049,14636,15690,16670,18457,18558,19362,19920,19677,21912,22636,22665,23163,24542,24730,26271,22601,23324,23026,21565,23773,20605,18762,16455,15763,16297,14375,13292,14621,13849,14628,15745,15374,15490,15611,17293,15820,15259,17521,16975,17781,18673,20814,18415,21953,23684,22903
2_18:19928,21637,20147,19986,17884,17558,21321,19317,21306,22210,22916,23223,21644,20461,21254,22226,22635,23917,23685,22470,22662,26211,26537,24667,23385,23643,24916,25668,23470,24102,23963,24126,26348,23573,22304,21704,21595,22055,19540,17578,17196,16648,16411,14400,12657,13014,14286,14959,14132,13092,15432,14571,14951,15349,14645,13453,16207,17186,21311
2_19:21732,24038,24220,23877,21781,20081,22953,20812,21172,20541,20195,23941,24208,24293,24825,25295,26032,25179,25550,26306,26474,27938,27005,25296,24745,24565,25047,25421,23799,24492,22767,23202,23454,22604,22792,23446,24256,25951,24947,24605,22986,22158,22388,19714,19276,19701,19021,18383,16928,16003,15785,14637,15027,14807,14053,11871,12720,14527,16987
2_20:17993,17850,19096,20120,20412,21841,24461,23740,23145,21286,18627,19855,18545,18585,19632,20093,21456,23372,22881,22867,22040,24675,27036,26426,27164,25822,24457,24468,21601,21214,21034,20832,22803,23224,22891,23436,22656,24097,22560,21521,19317,19807,21282,21005,21709,22199,21845,21676,19736,19120,17752,17757,18201,18475,17330,14839,18531,19369,18942
2_21:15509,15324,15813,15636,15829,17148,16742,15027,15827,17464,18412,23109,23067,23710,23304,22695,21873,21367,19268,19482,20558,20016,19084,17162,17700,19442,21254,23102,20939,21338,20599,20713,21477,20283,19082,18216,18631,20806,18217,18771,18283,18122,20210,18892,17237,16069,17382,17964,18798,19150,18507,16824,17123,15168,14478,10931,13713,14626,14002
2_22:19711,20985,18793,17117,15280,16126,16926,17704,16860,16487,13833,17791,17746,14829,14622,15988,17871,20611,23157,23425,23559,25672,24484,22608,21676,20496,20435,19132,15277,15944,15914,15182,17169,15192,16737,16672,17337,17734,17693,18063,19161,19443,19737,18641,18588,19137,19729,16674,16039,14128,13669,13491,14025,12574,13132,9300,12476,13781,13395
2_23:15417,15682,13137,11069,9510,8611,7767,6754,6981,7850,8664,8513,9450,9772,12047,13477,15768,17482,18081,18183,19198,22894,23754,23357,24210,23520,22605,23840,20439,19467,16848,15466,16971,14374,14346,13543,14247,15828,13408,13574,13285,14624,14784,11733,13080,14307,14151,14233,15011,16144,17305,18402,19933,18382,17215,11914,14657,13055,11966
2_24:12664,11863,11628,11551,12038,11731,11699,10871,11111,11169,10528,12152,13634,12928,14097,14383,16438,16421,17075,17018,16998,19665,19639,19837,19962,21057,20541,21310,19058,18008,16376,16751,18113,14933,15322,14651,14687,15247,14000,13556,13747,14489,15534,14653,14547,13396,13076,13760,12782,13880,13063,11980,12597,12196,11314,7633,9909,11736,11031
2_25:20424,20384,19592,18441,16372,16322,15872,15352,15177,16051,15517,17423,16213,13852,14183,13400,13937,13510,12989,12710,12651,14084,14660,16192,17161,19088,20324,22791,22059,22145,21018,21924,23482,21259,20100,19781,18966,19637,17834,17402,16510,17714,19620,17710,18001,17672,17026,17598,15998,14806,15346,14563,15821,15515,14785,12306,15215,16365,15716
2_26:16872,16713,16174,17732,16455,17621,18115,16811,16210,16618,13860,14335,13983,13165,14955,15564,17056,17861,18445,18597,19272,20513,20866,20236,19454,18650,18333,18590,15932,14542,14450,14948,17008,15734,14566,13650,14217,14934,12899,12056,12849,12267,11582,11285,10822,10222,10736,13012,12118,12508,12977,13497,14283,13941,14405,10460,14158,14419,13701
2_27:15751,17217,17385,19358,18619,18807,18972,18510,17269,17595,17531,19419,19164,17922,17708,16588,17084,16906,15774,13740,13269,14481,15016,15522,13494,13125,13574,14494,13495,14178,13865,11567,13387,10912,9684,9643,10247,10380,9358,7669,7334,6972,5864,6304,5290,4761,4930,7118,6397,6006,6720,8986,8466,8263,9702,7242,9161,11366,10423
2_28:19871,21360,18752,18278,16111,15623,17298,16049,15373,15730,15572,16880,16802,15520,16731,16955,17936,17763,16702,16216,16690,18647,18466,18848,18210,17977,18177,18963,17452,17335,16816,16217,19662,17388,17568,16847,16946,17854,14456,13311,13698,14451,16387,15811,15187,16487,16518,18492,19009,19226,19870,19749,22242,20942,21518,18096,21393,22378,20861
2_29:21171,24038,22154,21831,19446,20523,22364,20682,20799,20637,20799,21322,22588,21922,22911,22389,23124,24223,24290,22013,22232,23636,23764,23081,21935,22604,22189,22318,20861,20302,19589,19723,22634,20259,20923,19578,19432,21435,19715,17904,18063,19165,19682,18251,17431,19108,20158,21450,20845,20932,20123,19111,21160,20764,19931,17837,20051,21197,18910
2_30:22730,25308,24756,25402,24776,25005,27167,25313,25529,25581,25485,24645,24380,23075,22741,22860,21442,22330,23062,21936,21128,23122,22555,21380,20080,19231,21395,21999,19693,20963,21168,21795,23073,21932,21613,21307,21963,22917,20830,19682,18725,20021,20802,19859,18942,17914,17628,19347,18217,18831,17534,15107,16441,14577,15026,13327,15750,16825,14983
2_31:21932,23285,22340,23009,21248,21972,25252,23725,23478,23456,22986,24581,25561,25050,24682,24312,24448,24207,23559,23647,22222,23650,23551,22966,21649,21776,21260,22053,21543,21966,21900,22080,23951,23014,23036,22872,23373,24436,23895,24471,23870,23802,23930,22858,22908,21938,19552,20878,19698,20395,20827,19549,19532,18315,15901,14009,15692,15875,16485
2_32:20708,22709,23091,22337,21704,22319,25231,23956,24159,21124,19917,22063,20785,19738,20678,20888,21989,22998,23382,22385,22133,24280,24583,24351,24643,24427,23515,25159,22393,22900,22719,22359,24329,23344,21849,21254,21657,24510,23388,24311,23596,24795,25408,23217,22601,22697,21856,23823,22408,22813,23176,22872,23533,22779,21728,18894,20835,21410,20245
2_33:18763,20586,18398,18188,16354,15813,16231,14911,15592,17223,16734,20186,19912,18550,18899,18766,18578,17819,18201,18726,18397,19257,19537,17596,17605,17530,18404,21017,19654,20182,20018,20381,21936,20189,19763,18988,18520,19207,17846,17254,17934,17547,19167,17685,17590,18186,18541,19794,19221,19667,19893,20039,21562,20299,19206,16836,19040,19311,17323
2_34:18165,21277,19788,18191,17917,18739,20435,19655,19175,19911,17771,18014,16918,16011,15717,14989,14795,14545,15146,16866,17238,19710,20955,22783,23663,24067,24519,24970,22958,21773,20673,21640,23069,20593,19403,19077,19310,19786,18068,16744,16083,17062,17619,17131,16817,17032,17763,16432,16778,16676,16338,16767,18694,18117,16580,13654,16224,15229,14605
2_35:19010,21104,18540,17085,15133,15871,15718,14214,13116,12963,11638,12956,11182,9682,9258,8734,8366,8748,9085,8343,9584,12094,12859,14658,16107,17832,19963,21767,20763,21900,21261,21906,22595,20573,19871,19255,18509,19491,19186,18301,16741,17107,18348,14906,13486,11791,11604,11798,13405,14353,14333,12796,12974,12441,12815,9533,13334,14798,14010
2_36:18083,18447,18495,19053,17821,18423,17731,15009,12872,12595,11758,12923,11856,9464,8163,8600,8893,10186,11037,9675,8829,9520,9389,9542,9247,10702,10676,12566,13620,15297,16071,17433,20567,18948,19534,20432,20659,22177,20416,20022,18900,20410,20369,17292,17034,15574,14470,14352,12222,11835,11903,11937,12502,13147,12843,10142,11373,12819,11472
2_37:18057,20077,20176,20611,18755,19187,20109,19442,18874,18170,16864,17466,17163,15616,16330,15796,16375,16969,17567,16530,16532,18455,18963,18765,18769,19429,19942,21401,19394,20359,19224,20688,22709,20523,20260,20331,19450,21616,20789,18886,18118,19785,19712,17802,17691,17861,18123,18568,17598,16802,17343,16206,17362,16763,16202,12944,14234,14537,13067
2_38:19330,20881,19019,19489,18594,18755,18913,18212,17812,18503,17770,19723,20241,19348,20032,19715,20759,20899,20369,19464,18746,19379,19939,18775,18218,17913,18456,20265,19131,18226,17467,18764,19422,18706,18501,17517,16348,17640,15486,14237,13562,15005,16545,16657,16577,16831,15699,13637,12463,11597,10581,9321,9146,8713,8758,6525,8860,8928,8063
2_39:17903,20215,19141,19464,18626,19347,20542,19493,19871,18931,18415,20052,20942,19746,20202,19190,19414,20064,19294,17755,17985,19516,18865,18522,18064,16567,16017,15645,15749,14178,12847,12000,15142,13307,12885,12357,13559,15072,13953,14081,14389,15528,14990,14019,13007,13019,12800,12999,12786,13090,13748,12608,14758,14823,15113,10839,14349,14725,12593
2_40:16811,18815,17359,18098,17501,18475,20559,19387,19357,17844,17207,17831,20220,17959,18723,17937,17989,17524,17924,16468,16339,16578,16742,17852,15353,15567,16425,17928,17435,17897,17098,16403,19047,17376,17560,16843,17593,20066,17828,17738,17503,19353,20046,19311,18810,19265,18406,20687,19797,18304,18549,18251,20514,19022,19204,15851,19332,21907,21101
2_41:21729,24272,23139,23441,22014,22140,23708,22719,22471,22491,21660,22152,22397,20934,22517,21657,21123,22085,21906,20970,20840,21863,21918,21340,20767,19021,19002,20843,19714,19474,18585,19804,21736,20451,20615,20020,20969,22909,21675,20797,20223,20781,21627,20186,19919,20422,20720,21970,21136,20797,21436,21326,23007,21789,20774,19301,20583,21799,20377
2_42:21475,24171,23204,22836,21559,22382,23802,22115,21255,21172,21393,20791,22274,21340,22390,21918,21288,22007,21773,21313,19213,21913,22483,21340,21392,21300,21705,22062,21418,21721,21030,21794,23165,21806,20828,20052,19600,20943,20761,19535,18379,18704,20186,17920,16279,16568,16577,16838,15881,15645,15743,15641,17287,18342,17338,15915,18643,18823,19146
2_43:18914,20916,20550,20987,20074,20506,23901,22424,21740,21643,20571,21599,22613,22565,22172,22405,22409,23277,22958,22214,20590,22676,22380,21709,21449,21673,22402,21464,21166,21362,21368,22297,23410,22257,21790,22184,23114,24233,23025,22656,22015,22748,23305,21608,21299,21827,20814,22180,20722,20333,19635,19497,21578,20930,20266,16745,18456,17589,18315
2_44:19657,21971,21803,21033,20345,21158,23202,21500,20673,20474,19994,20727,21164,20345,21049,21880,21838,22716,22954,21856,20943,23911,23787,22963,22944,23087,22614,23995,22919,22349,21340,22122,23868,22261,22108,22520,22835,24161,23258,22015,21931,23086,24284,22128,22779,24320,22600,25376,24227,23466,23175,23094,23972,22336,21597,18378,20380,20486,19462
2_45:16813,19019,18051,16973,16443,18109,19248,18761,19007,19896,18648,20745,19195,18446,19198,19225,18520,18356,18415,17222,16749,19345,19719,18689,17943,18704,18886,20496,19340,19113,19055,19681,21098,18709,18610,18044,18800,20331,18761,17841,17391,18970,19115,17736,17371,17240,17890,18361,18107,18810,18117,18306,19180,19125,18046,15632,18946,19570,19005
2_46:14075,16743,16324,15485,15803,16686,17497,16802,17124,17934,17285,19041,18409,17509,17762,17885,18180,17792,17150,15037,15230,15064,14390,13322,13441,13867,13348,14764,14084,14411,14350,15865,18047,17876,17614,17404,17181,19221,18987,18216,18009,19288,19786,18770,18673,18420,18043,18674,17828,16886,16646,16683,17497,16384,15921,13248,16065,17311,16351
2_47:11349,13520,14479,15417,16231,16938,18382,17498,17561,16819,15864,18553,17002,16446,16142,15394,16615,16564,15875,13758,13305,14981,15135,15442,15946,16186,15291,16477,14817,14271,13354,11963,13765,12119,11298,11285,11280,13380,12722,11373,11785,13119,15161,13968,15227,15981,16622,17634,17281,16550,16402,17135,17358,16186,14090,13110,14669,15557,14672
2_48:15698,16124,15583,16122,14869,15256,16848,16598,17408,18112,17384,20292,19265,18582,17952,17982,18262,17902,18603,16763,15704,17827,17664,17053,16470,16545,15556,15516,14737,15118,14419,14017,16844,14758,15129,14851,14318,15225,14810,14201,13903,15273,16852,16808,17089,18049,18648,20048,19127,17754,17505,18140,19502,18252,18134,15286,18180,19604,18530
2_49:11347,12488,12457,13073,11009,11085,12112,12197,12278,12080,11299,13581,13183,11441,12435,11877,12875,12750,14955,12808,12897,14199,14451,15995,14087,15021,16037,17071,15744,16002,15206,16049,18367,15711,15765,16766,16198,17431,16713,14758,15279,16194,17372,16126,15143,15629,16042,17106,15562,15349,15394,14963,16309,14908,14785,11626,13834,15760,13094
2_50:17665,19446,18703,18845,17546,18183,19763,18710,19229,19260,17995,20552,21367,19535,20696,20764,21379,21994,20739,18719,17917,20821,21046,20145,19890,20207,20654,21190,19963,18056,17744,19503,20145,18026,17635,17920,17501,18996,17195,16423,15302,16976,17538,16112,14520,14954,14516,14804,13435,13254,14103,13456,14324,13789,13690,11293,14116,14501,12867
2_51:18576,21091,20514,20599,19926,19662,21136,19561,19025,18661,16642,18690,18830,16431,17419,16732,16799,16608,15925,14436,14357,14968,15664,15280,14058,13417,14323,14586,13864,13210,14231,13581,16078,14758,14394,14439,15284,17851,16609,16832,15858,16625,17840,15882,14779,14153,14521,15498,14375,14522,14939,13802,15158,14992,13870,10887,13522,14248,12103
2_52:17753,18688,17342,17706,16269,17075,19122,17915,17343,17031,16747,17880,19497,17006,18503,18061,18804,18519,18279,16704,16722,17802,18570,18766,17346,17570,17253,17933,17487,15686,15427,15823,17243,15741,16068,15956,16387,18030,17010,16489,15272,17159,18023,17530,16032,16702,17719,18147,16600,15457,16279,16558,17667,17930,19604,17105,20123,22855,21181
2_53:19559,21537,21264,21162,19973,19870,21641,19935,20092,20187,18968,20108,21051,19586,20693,20761,20019,21070,21051,20438,18691,21404,21439,21495,21711,21035,21950,22958,21362,21299,20491,21693,23005,23130,22050,21639,21285,24010,22995,21487,20395,21613,23586,22397,22015,22459,20939,24617,22955,22010,21842,22968,24336,24052,22637,21085,23648,23877,22797
2_54:19712,21631,21614,21935,21719,21289,23810,21529,21427,21317,20417,22286,22517,22346,22175,22474,21609,23508,22818,22361,19951,22592,23578,22647,22241,22031,22295,22235,20781,20987,19309,21447,21749,20580,20388,19927,20613,21909,20794,19931,19549,21433,22647,21916,21872,22950,21804,24423,23788,22315,21996,23906,24563,24985,24512,23681,24269,25494,24227
2_55:14728,15995,16009,15812,15664,15011,18012,16446,16320,16245,15701,16332,17083,16740,16538,17541,17310,18050,18306,17480,16242,19259,18777,18388,18031,18131,18897,20415,19745,19142,18323,21110,22329,20704,20718,21451,20650,22179,20907,19421,18345,20593,21890,19693,19118,19496,18574,21686,20142,20149,19426,20654,22196,21507,20896,17323,19264,20205,18341
2_56:17006,18607,18205,16930,16725,18083,18956,16820,16918,16192,16631,17685,16991,16281,17476,17528,16896,17228,17030,16795,16321,18380,18208,17664,16653,17335,17609,19322,17252,18323,17846,19090,21216,19270,19041,18457,18041,19640,18197,17213,17202,18251,20325,18886,19020,20232,19209,21926,21216,20353,19472,19581,20759,20958,21095,19192,22384,23263,22186
2_57:14792,16600,15671,15328,15262,16170,17135,15610,15700,15426,16080,18678,16304,15720,17007,16846,16877,16471,17334,15631,15250,17055,16738,16443,16677,15660,16997,18865,16378,17081,16560,17827,19176,18639,17999,17086,17185,19552,17843,16670,15532,17181,19022,16685,16118,17222,16609,18137,17219,16811,15783,16580,18235,18128,17738,13993,18063,20118,19056
2_58:12988,14637,15486,15017,14767,15885,16469,15439,15512,15322,13592,16900,14649,13248,14525,13919,14003,13751,14452,13272,12790,13922,14704,14193,15336,14729,14728,16391,14367,14128,12907,13158,15280,14661,14576,14033,14566,16020,15549,14328,13260,14638,16573,14657,14078,14450,14842,16862,15945,16574,16260,16841,18182,17247,16809,14264,18221,19155,18292
2_59:13486,15191,15453,14755,13933,15404,16807,14906,14537,13979,12645,16190,14516,13720,14266,13655,13651,13882,14596,14363,14553,15631,15794,16065,16655,16349,16030,17558,16417,16454,15763,15855,18506,16028,16013,15533,14984,17019,15867,14602,13683,15915,16856,15397,15494,15285,14346,16803,15720,14684,14112,15827,16815,16777,15695,13891,17120,17959,16900
2_60:13489,15392,15421,15416,13337,13059,14404,13394,14276,13511,12751,15106,13870,12946,13922,13525,13804,14053,15411,12862,12284,14063,14568,15245,14697,15834,15126,17737,16457,16767,16479,16516,18976,16502,15912,16535,16284,17521,18148,15115,14631,17917,18084,16460,16126,16291,16141,17638,15247,15013,15159,14631,16179,14909,14850,12366,15267,17163,15056
2_61:16177,18688,17624,18666,15186,16549,18326,17330,17693,16188,15575,18603,18831,17097,17736,17287,18559,18404,19348,16131,16618,18561,18621,19040,17464,17194,18164,18736,17388,15830,15126,15992,19183,16634,16831,17758,16437,18595,16776,16025,14595,16623,17375,16787,16299,16872,15041,19139,16695,16483,16615,16827,19041,17470,18169,16882,18011,19588,17747
2_62:16727,20408,18722,19639,17391,17693,19664,18649,18386,17102,16407,19136,20094,17429,18185,17719,17880,19050,18594,16354,16246,17479,17866,17856,16608,17274,17267,18763,17758,16244,15749,17651,19446,17481,18298,18646,17435,20528,17920,17818,16161,17785,19347,18747,18477,18190,17995,20252,18278,18739,19009,18407,20484,18241,18632,15143,18022,20277,18512
2_63:17981,21309,20634,20914,20315,19384,22003,20422,21590,19571,17687,21540,22530,19938,20505,20763,21123,21631,20967,18739,17769,20358,21568,21419,19485,19814,21203,21230,21766,18462,17542,19650,20994,19798,19760,19537,19538,22168,20264,19801,16891,19765,21539,20296,19127,19256,18830,21053,19358,18666,18791,18000,20557,18816,19362,15602,18256,20968,18399
2_64:19203,22123,21206,22243,19598,19446,23117,20310,21042,19772,18248,21494,22511,20828,20627,21031,20812,21300,21259,19161,18099,20876,20647,21230,20900,20369,21054,21243,21653,18876,18030,19914,22533,20432,20066,20008,20076,22938,20633,20055,18271,21426,22113,22072,21166,21019,20820,23494,21281,20403,20510,20742,22920,22039,22518,19155,22573,23716,22642
2_65:18892,21311,21336,20618,20140,19292,23299,19948,20534,19281,17678,21324,20687,20740,20685,21608,20799,22034,20773,20744,17297,21352,21705,21480,21343,20359,21819,22512,20973,20156,18405,21977,22970,21668,21359,21685,20713,24354,21770,19747,18853,20566,21986,21726,20460,20995,20403,23289,20696,20606,21225,21208,22049,22549,21003,19078,21549,22099,22362
2_66:15597,17426,17509,16113,16328,15373,19015,16635,17144,15920,15288,17854,17385,17319,17411,18184,16366,18326,17055,17365,14941,18113,18270,17661,16555,17092,18179,19304,17153,17034,16082,18787,19901,17947,18455,18221,17921,19524,17838,16629,16025,17254,19153,18177,17282,17894,17382,19485,18122,17449,17285,17915,19612,20600,19314,17753,19552,19942,18766
2_67:14641,15965,15361,14943,14779,13962,16934,14932,15300,14402,13091,16032,15345,15423,15549,16593,15532,16156,15364,15286,13628,16988,16142,15492,14851,15263,16251,17591,15477,14868,14650,17153,16605,16012,17422,16782,15807,18395,16081,15444,15437,15913,17455,16343,15683,16735,15702,17959,17154,16469,16631,16338,18129,18190,17532,16052,17251,17434,16871
2_68:15088,16978,16416,15387,14400,14812,17523,15427,15675,15057,15022,16189,15760,14918,15260,16492,14293,16060,14666,14227,14227,14796,15317,14954,14378,14388,14407,16023,14244,14448,12607,15107,16436,15210,16091,15573,14946,17571,15354,15082,14697,15032,17276,15219,14158,15801,14839,17044,16247,14549,16131,15002,16967,17627,15932,15359,16853,17360,16365
2_69:16320,18591,18888,16684,16307,17095,18562,15925,16876,16418,15937,18930,16876,16886,17151,17154,17223,17346,18073,15296,16121,15989,16802,15828,16582,15685,15980,16530,15339,15853,14125,15677,17192,16913,16560,15900,15897,18357,16200,16128,14164,15815,19099,15898,16209,17026,16221,19078,18775,17390,17432,18029,19729,18966,18191,16857,18853,20009,19903
2_70:17060,19106,18853,17246,16886,17484,19118,16670,17480,17360,16255,19755,16823,15742,16909,17555,17749,17520,17267,14852,15686,16286,17379,16429,16879,17029,16171,17741,15819,16110,15021,14516,17505,16367,15940,15425,15857,18001,17649,16588,15537,16629,19400,17434,17160,17480,16958,20062,19255,18214,17750,18263,20321,19513,18755,16003,19430,20957,19983
2_71:17242,20335,20794,19458,17990,18585,19808,17794,18854,18243,16998,20786,17636,16945,18780,17472,17865,17689,18359,16746,15562,17173,17003,16653,16479,16240,15650,17477,15157,15896,15738,15076,19361,15879,16187,16656,15926,18439,18079,15991,15401,17542,19338,16068,16866,17340,17090,18625,18408,17922,17614,17812,19929,18609,18310,15095,18932,20578,19364
2_72:17390,19808,19256,18340,16197,16935,19372,17415,17847,17018,15929,19952,17800,17467,17840,17775,18582,19108,19191,16565,15943,18181,18904,18541,17730,17947,17961,20173,16699,17010,16144,16268,18624,16752,17141,17868,16261,19297,17869,16320,15138,17266,18888,16931,17643,16804,16475,20143,17907,17112,17386,17557,18842,18196,17859,15962,18832,20495,18615
2_73:22488,29234,23669,25080,24749,23541,26990,25454,24470,25353,19897,26713,24875,24900,25312,24930,24974,26563,24678,23492,21996,27008,26658,25439,23996,24724,24587,27512,23765,22081,21241,24709,27448,23986,24607,25536,24432,26638,24424,22356,19787,23012,25652,21826,22359,23158,21679,24921,23692,21856,21006,20580,23404,22045,22224,21155,23195,23169,21345
2_74:20365,27234,22072,24334,22925,21797,26468,23900,23290,23231,18071,24364,23843,22770,23322,23224,23227,24592,23859,21555,19970,24288,23969,23612,22867,23562,22764,24752,24378,20890,20067,23515,25400,23208,23754,24511,23165,26003,22097,21797,19752,21993,25195,21749,23082,24169,22071,25647,24617,22305,20223,20992,24347,22303,22595,21096,22668,24576,22546
2_75:19568,26214,22394,24800,22856,20919,25736,23204,22829,23040,18175,23635,24996,22389,22949,22846,23557,23606,23870,21685,19470,23378,22806,22208,22604,22876,22466,23842,23306,20722,18791,22019,23599,21532,22662,22319,21520,24617,20835,20348,18259,19907,23897,20600,21475,21776,20196,23437,22889,20115,19436,19949,22582,21413,21937,20133,21415,23069,21926
2_76:22437,28478,26221,26961,26280,23161,30816,25429,25806,25375,21028,27045,26721,24698,25116,25255,27002,26714,26453,24604,21886,27210,25686,25530,24897,25221,26212,26773,25839,23520,22812,24092,27610,24331,25130,25821,23962,27755,24058,23568,20171,22667,26358,23066,23341,22277,22103,27260,23887,22364,20488,21797,24142,24140,21996,22632,23493,23900,25146
2_77:16121,19028,18302,18433,17745,16653,20350,17898,17748,17376,16368,18698,18723,17851,18236,18528,17735,18856,17793,17228,15703,18345,18285,18003,18069,16972,18047,19914,17374,16725,15809,17761,19796,17396,18213,18030,16993,19492,17823,15815,14042,15459,17096,15790,15511,16383,15894,18141,17466,16892,17825,18440,19795,19692,19272,16856,19090,19207,19415
2_78:15008,16913,15597,15618,15713,14087,18224,15838,15764,15088,13429,17467,15769,16163,15155,16037,15748,17130,15928,15278,13489,17124,17664,16209,16374,15523,16320,18281,15912,15400,15068,17046,18300,16631,16739,17571,17064,18063,17024,16400,14855,16395,18528,17394,16722,17979,16274,18988,18161,16782,16598,17286,18881,18700,18432,17315,19228,19733,18945
2_79:15846,17856,16607,16754,16136,15037,18491,16402,16343,15322,14583,17132,16636,16664,16187,17038,15756,17211,16383,15958,13737,17341,17109,16439,16033,15869,16098,18340,16452,15536,14715,17347,18140,17062,17307,17425,16860,18455,16905,16089,15020,16246,18350,16978,16293,17654,16038,18560,17752,16233,16000,16170,17679,17713,17044,15956,17948,18743,18535
2_80:16998,20596,19054,18615,18006,17880,20083,18510,18989,17593,16104,20145,19142,18032,18850,19587,18795,19710,18790,17728,17181,18973,18696,18680,18204,18059,18117,20261,18144,17463,15621,18344,19481,18584,17889,18628,17154,19946,17706,16825,15078,16248,19131,15897,17005,18162,16173,18526,17561,16361,14777,15565,17022,16508,16502,15980,17405,18574,17816
2_81:21122,26244,25014,24306,24218,23690,27651,24014,24587,23035,19916,25579,24901,23444,23726,25314,25146,25352,25037,22733,20970,24011,24669,23188,23620,24393,24524,26020,24971,23815,20904,24077,26166,24711,24839,25077,23457,27757,23548,23297,20460,21910,28026,22292,23843,25228,21577,26328,25837,22828,19563,22385,24718,24690,22362,22801,22636,24917,23048
2_82:21935,27224,25879,24509,24495,21948,29531,24713,24443,25041,20092,26615,26399,23885,25242,25498,25246,27088,26428,23728,21500,26840,25114,25369,25148,25598,26726,26745,25535,24093,22720,24266,27367,24969,25150,26598,24169,27222,24597,23605,21327,23406,27801,23265,24625,23931,23156,29272,26107,24101,20925,23925,25497,25503,23250,23640,23961,24811,25180
2_83:22820,28891,26279,25418,26272,22928,29682,25808,25647,25023,21125,28837,25071,25571,26676,25440,25738,27032,26089,24144,21366,26609,26783,26322,25572,25265,26378,28924,25499,24078,22895,24661,29351,24523,24815,27714,25026,26968,25657,23531,22887,23930,26316,24592,24684,24898,22769,28471,25775,23346,20598,23511,25354,25311,23256,23336,25257,24134,25116
2_84:24439,31762,26353,27347,27387,25518,30878,28980,26903,27533,22631,30923,26977,27899,27641,27522,27875,29239,26665,26443,23074,28875,28744,27100,25845,26185,26783,29734,25528,24910,24011,26392,29723,25703,25963,27717,25603,28081,25146,24387,22134,23635,26753,24139,24088,25435,22757,27369,25330,23295,21959,22073,25092,23642,23805,22987,24711,23841,23912
2_85:29365,36365,30580,31931,31688,29072,34325,33372,30619,31302,23820,33323,30909,31090,31279,31373,31079,32257,30896,29410,25502,32818,31677,30927,30453,30001,30402,34346,30346,27115,26188,30298,32740,29626,30644,31689,30716,34064,29237,27168,24284,27839,30692,27552,28763,28272,26992,32137,30130,27277,25125,25799,29590,28226,26702,26510,28382,30384,28191
2_86:25371,33675,27687,29531,28822,27441,32805,30059,28998,29204,22958,30423,29778,29224,29825,29438,29250,30745,29729,27855,24835,29723,29819,28836,28630,28715,27434,30833,27809,26225,23592,28181,29732,28148,28221,30173,27221,31883,27421,26190,23000,27282,30322,27061,28377,28390,26300,30835,30636,27081,23936,25420,29023,27850,27545,26463,28342,29643,28156
2_87:22919,30663,27299,28755,27452,26684,31221,27016,26915,26582,21336,27841,28830,26813,27422,26776,28385,27817,28005,25879,21293,26441,26751,27113,26973,26860,26689,28594,27880,25060,21853,25693,26994,26070,27769,27265,25599,30068,26475,24741,21727,24922,29733,24714,27079,26859,25134,29561,27629,25757,22993,25006,28495,26690,26402,25436,26196,28337,28013
2_88:22752,32077,28339,30473,28523,26348,32390,27281,27079,25703,23071,29042,27836,27734,25991,26173,29011,28794,27514,26873,21595,28905,27247,27442,26441,27374,28240,29619,28632,25691,23824,26756,29466,26487,28477,28933,26432,31822,27351,26402,22135,26315,30739,25607,27182,26120,25022,31253,28579,25790,24195,25261,29843,28698,26640,26761,28304,29288,30614
2_89:23422,29639,26980,27870,27388,25059,30724,26774,26812,25612,21942,28275,26401,26702,26196,26404,26971,27989,25586,25716,21460,27128,26687,26278,26620,25777,26211,28828,25907,24651,23098,26024,28986,25006,26246,27845,25922,28546,25662,24724,20499,24149,26758,24150,23797,24913,22876,27379,25595,23518,22409,23899,26749,26210,23938,21419,25128,25469,26541
2_90:19006,21687,21532,21372,21107,19128,23324,20798,21095,20423,17825,22416,21769,21289,21279,21264,20949,22806,21348,20505,17171,21420,21844,21472,21653,20123,21276,23222,20769,20033,18699,21052,22643,21184,21420,21669,20931,23968,22185,20957,18738,20161,23005,20783,21476,21616,19895,22890,21345,20815,19822,21264,21774,21392,19420,16913,19037,20549,20124
2_91:20887,24428,22721,22976,22890,21807,25296,22940,23141,21482,18079,24740,23066,22922,22179,23359,22331,24565,23113,21412,19326,23410,23975,22487,22764,22401,22502,25164,23053,21913,20277,23239,24884,22768,23341,24135,22669,24896,23567,22058,19259,21393,23930,21974,20778,22746,21108,23949,22913,21480,18855,19854,21335,21462,19249,18005,20574,23233,23924
2_92:21450,27462,24741,25482,24569,24536,27240,24582,25005,24155,20177,26239,25380,24949,25063,26122,24238,26743,25220,23402,20959,25849,25238,23980,24508,25033,24615,27187,25082,24246,20753,25091,26330,24736,24547,26142,23034,26912,24439,23348,20152,22419,27618,22583,23641,25432,22701,26349,25411,23707,19130,21355,22475,22602,19952,20008,20908,23801,22933
2_93:23926,31622,27731,28312,28215,28016,32431,28368,27687,27011,23644,29139,29316,27897,28220,29339,29050,29593,29966,26701,24617,28670,29341,27794,27848,29124,28425,30811,28864,28185,23507,28615,29576,28281,29578,29769,27624,32465,28296,27696,23855,25566,33072,26098,27844,29892,26050,30939,30184,26559,23331,26043,29320,28718,26453,26245,26812,29126,27587
2_94:30563,38785,33995,33423,35330,33768,40976,35179,35663,35188,32803,34853,35069,34004,35635,35639,36975,37401,36434,33573,30866,37593,36724,35591,34485,35812,36731,37561,34293,33739,30342,34518,36856,35176,35956,36604,32811,38149,33226,32987,28482,31335,36838,32403,32883,32271,30181,35598,33311,30945,27284,30614,32479,32625,28922,30262,31293,31036,32772
2_95:26695,34536,30189,30627,31456,27683,35890,30003,30240,30817,25263,32103,29970,30148,30898,30142,30822,32271,30534,29026,24200,31309,31594,30720,30006,28883,30270,32495,29186,27275,25069,28149,32672,28468,28653,31119,28702,31700,30068,27427,25208,26802,30574,27933,27774,28477,26103,32162,29556,26297,24284,26665,29979,28912,26144,27704,28505,29043,29661
2_96:26016,33556,27341,28951,29155,26962,32880,30703,28667,28537,22738,31456,27761,29020,28076,28079,29178,30831,28459,28340,23133,30259,30080,28422,28488,28560,28425,31787,27898,26174,24580,27881,31452,27016,27643,29779,27692,30298,28429,26096,23054,25962,28895,26538,26872,28240,25339,30552,28840,25934,24541,25376,28736,27563,26416,26389,28808,29373,28693
2_97:29063,37755,30974,32787,32714,30633,35984,33425,33051,32749,24715,34460,30960,31884,33339,32976,33101,34547,32757,31118,27459,34397,34080,32036,31436,31891,31535,35168,31285,28845,26549,31665,34598,31192,31808,33187,31570,34806,29805,28996,25058,29793,32637,28718,30105,30953,27626,33133,31171,29078,26065,27680,31144,28636,28301,28253,31021,31533,28795
2_98:24462,32354,28099,29544,27915,27221,32695,27946,28429,27879,21997,29259,27550,27571,28944,28486,28230,29444,29325,27073,23176,29611,29465,27834,27569,28584,27713,30618,28503,25869,22717,27105,28909,27234,28428,29376,26862,31234,27397,25791,22371,26514,30452,25912,28335,28122,25515,31827,29844,27000,23876,26422,29376,28477,27425,27706,28732,31426,30009
2_99:22165,29913,26680,27536,26868,25689,32090,27231,27185,26378,20589,28746,27401,26170,27172,26309,28136,27862,27560,26532,21341,27056,27178,25696,26119,27120,27000,28167,28163,25441,21702,25945,27855,26393,28036,27315,25714,30504,26522,25563,21402,25026,30508,24051,28132,27150,25118,31681,28450,26866,23826,25620,29580,27641,27387,27362,29029,30181,30203
2_100:23810,29934,28030,26709,28139,25999,32639,27124,28684,26121,22644,29631,27916,27829,26937,27359,30377,29134,27766,27147,22645,29391,27887,27753,27263,28375,28823,29617,27415,26368,24255,27319,29520,26386,28717,28831,26183,32022,27158,26160,22453,26452,30907,25729,28389,26297,25633,31971,28097,25979,24414,25858,29844,28147,26985,26963,28373,29582,30360
2_101:25203,31009,28503,28099,28921,26568,31842,29062,27967,26127,23269,30272,27319,28183,26967,27674,28622,29542,27230,26645,22266,28834,28618,27344,27044,27298,28117,30989,27264,25469,24654,26981,30989,26322,27374,29703,27210,30367,27415,26228,22917,25753,28996,26606,26906,26862,24319,30841,27802,25965,24052,25361,28838,26980,26311,24745,26848,26850,29074
2_102:22635,27654,24731,25275,25778,24231,27439,25545,25320,23726,19902,26830,24937,25891,24162,25399,25032,26997,25003,23647,21026,25298,25604,24470,25514,24527,24632,28101,24980,23638,21876,25427,27194,24293,25325,26290,25315,27194,25220,24049,21088,22986,26001,23950,23161,25463,22946,27327,25334,23958,21163,22821,24754,24347,22444,20391,23031,24290,24723
2_103:22132,26779,24861,26044,24829,24899,27825,26092,26292,24154,21076,27209,25848,26355,25295,26439,25854,27376,25845,24817,22387,26810,26572,25301,26104,25345,24964,28407,26107,24632,22406,26064,27980,25689,25799,27616,25945,27999,24950,24272,21395,23789,27388,24128,23703,25856,23636,27287,26056,23614,21085,23104,25628,25061,22761,21110,21777,24391,22601
2_104:27158,32366,28505,30137,29399,29910,32549,29657,29168,29404,24876,29713,29839,29561,28612,30006,28951,30086,29243,27274,25210,29572,28482,27433,29337,28133,28119,32049,28467,28148,24613,27735,29748,28756,27546,29300,27299,30122,28087,26983,24619,25953,31179,26711,27482,29322,26213,29968,30475,28354,24601,27882,28951,28137,27449,25977,26602,28383,26558
2_105:31191,38395,33630,34135,34856,33204,38489,36435,35386,34490,32342,35854,35645,33922,34607,37697,37369,37698,35169,35242,33248,37597,38612,36950,34240,38066,36784,36945,34806,34548,31867,35649,38199,36948,36241,37015,36074,40071,34179,34362,31939,33397,40258,33381,34143,36012,33228,37959,36627,32709,29998,32611,34933,35298,32077,32462,34016,35063,34949
2_106:29119,36677,32766,31410,33501,30936,39030,33053,33155,32460,29115,33097,33785,30784,32975,34301,35127,35763,33826,32344,28277,35165,33163,33160,32342,33853,35164,34374,33607,31132,27773,32451,35136,32905,33899,34965,31095,36816,31066,31339,27361,29507,37365,29836,31832,31568,29956,35670,34120,30351,25869,30437,33598,33781,28944,34021,32577,33349,34828
2_107:26920,35527,30160,30593,31504,28397,36220,29975,31346,30166,25010,31897,30502,30598,29937,29989,30761,32734,30263,29279,24442,31448,32393,30395,31042,29765,31112,32441,30175,27882,25306,28690,33039,28999,29318,31313,29437,32769,29624,28040,24744,28591,31125,28167,29071,29041,26840,33950,30718,27283,24843,27103,30451,31129,27163,29742,30817,31127,30788
2_108:28055,36836,29772,31937,33514,29591,36269,32464,32700,32383,24883,33630,30493,31619,30672,31609,31914,33976,31119,30525,26231,33396,33823,32116,31575,31159,31022,35444,30618,28624,26612,30545,34475,30083,30747,32256,31039,34855,30559,28385,25524,29247,31827,28595,29039,30731,28084,33953,31373,28131,26146,26699,30352,29923,28398,29368,31236,31845,30241
2_109:28540,36447,30360,32769,32477,28870,36261,32373,34188,31771,24233,34050,30535,31223,33495,32647,33082,34334,33435,32176,28362,34406,33624,32970,31800,31921,32258,34536,31824,29525,27301,30589,34072,31577,33385,32820,31961,35578,31225,29476,26055,30366,33936,29137,31098,31059,27873,35133,31301,29401,26378,27634,31110,29642,27781,29500,31167,32108,29778
2_110:24935,34306,28331,30878,28991,26957,33888,29905,30404,30036,23717,31376,29513,28800,30472,30266,31425,31040,30011,29484,25746,31222,30179,29366,29542,30605,29131,32203,29876,27732,24064,28112,30773,28529,29189,31410,28038,32949,28448,27399,23546,27948,31779,25846,28787,29618,25985,32978,30396,27675,25445,27519,31076,29462,28064,29292,30868,32697,30712
2_111:21402,28513,24456,25352,25236,23218,29442,24650,26241,23580,20330,28312,24915,24669,24784,24773,28216,27206,27348,24763,19805,25363,27063,25811,23775,26684,27081,28488,27122,25702,22796,26323,27291,24994,27705,28173,25656,30058,26591,24779,20062,25248,31489,24014,28101,26830,24401,30816,27704,24723,24093,25222,29221,27009,26888,26529,27926,28767,28451
2_112:22398,29061,25616,25317,25650,23177,30779,25703,26685,25207,21340,28167,26808,25720,25802,26357,28776,28172,26154,25672,21992,28062,26661,26734,26031,27160,27387,27423,26238,24962,23439,25157,28388,26064,27858,27954,25710,30167,26115,25435,21736,25114,29864,25078,28173,25654,24493,31241,25632,25377,24393,25308,28711,25996,26173,26798,28194,27856,29947
2_113:19652,25817,22349,23114,23165,21083,27371,22928,24404,21755,19194,26498,23314,23949,22653,24411,25378,24829,23304,23113,19125,25144,24872,23482,23635,23750,24204,26601,23439,21999,20492,23598,26602,22491,24167,26069,23604,27381,23839,23723,20766,23144,28020,24200,25396,25000,23129,29924,25686,24086,23230,23928,27761,25655,25165,24685,26837,26899,28259
2_114:24057,30547,25444,27535,27301,26002,30312,27200,28457,25537,21213,28658,26225,27100,25879,27510,27642,29098,26137,25806,22143,28592,28447,25975,27034,26087,27128,30042,26760,24653,23073,26621,30237,26334,27305,28595,27233,30188,26805,26142,23518,25219,28864,26250,25464,27418,25365,30453,28692,25963,23991,25060,28697,27343,26902,26180,28205,28600,28555
2_115:24006,30343,25409,26911,26392,27038,29549,26738,26860,24715,21713,27767,25693,25765,26195,28198,26618,28929,27190,25744,23095,28455,28253,26758,26190,26383,27060,29368,27591,25698,23947,27644,29689,27800,27975,29269,27099,30584,26534,26092,23952,25962,29805,26693,25811,27872,25950,31116,28869,26112,23970,24600,29682,28366,27209,26967,29373,30912,28895
2_116:36504,45087,36221,37813,39679,37319,41994,39307,37611,37854,33066,39166,37885,37619,36685,38918,40332,41147,38815,38050,35162,40849,40096,38372,38034,38782,38860,41299,36844,37023,34727,38308,40157,39039,40397,39800,38789,41910,35835,35076,33422,35192,41284,35369,36099,38546,34468,38940,38197,34730,32124,34590,36707,35673,34423,34074,36521,37353,36312
2_117:37525,47226,38717,39029,40552,35044,43280,43472,38902,39614,36467,40952,40173,36724,41320,42945,42689,46025,41204,41091,37536,44402,43323,44187,38064,44568,40996,41521,41041,41718,39041,42086,45068,42563,44080,40155,44074,48080,38030,37346,34301,35618,44296,36646,37073,39753,35877,43541,42245,34113,34025,35524,38268,38609,33856,33759,36664,37235,38806
2_118:27516,38427,31333,30422,32633,29663,41461,32919,31907,30185,26719,32335,33010,30390,31501,33801,33626,35272,34690,33058,26898,34586,32505,33497,30755,34062,35104,34540,33051,32313,29134,31938,35612,33356,34116,35418,30795,40087,30584,31479,27576,29682,38024,29994,31326,31665,30140,36206,34409,30499,25569,30637,33423,33733,28471,35106,32899,33727,34794
2_119:23208,30910,26498,27417,28163,24767,32770,27675,28785,27075,23165,28732,27556,26484,27913,27332,29156,29959,27306,27549,21952,29085,28610,28507,28158,27637,28699,29757,28347,25183,24098,26660,30975,26863,27511,29037,27386,30928,27970,25993,23816,26885,31401,26974,29566,28554,26240,33007,30124,27296,24981,27435,30901,29942,27352,29850,30267,31232,31464
2_120:25312,33082,27162,30570,30037,26676,32712,29538,30569,28606,22721,31228,27696,29048,28492,29381,29704,31786,28888,29508,23851,31307,30832,29698,30621,30162,30710,32499,30008,26784,25608,28248,32125,28774,29734,31120,29737,32214,29797,27776,24327,28100,31550,27785,29345,30672,26471,33816,30379,27666,26356,26349,31072,29226,27077,29179,31784,33010,30420
2_121:23652,30185,26481,27525,28000,24900,30891,27996,27577,26510,21391,27270,27364,26281,27675,27553,28626,28571,27598,26556,21931,28865,28178,28012,26917,26385,28404,29887,28059,24380,22302,25815,29166,26742,27952,27744,26266,29918,26851,25434,20691,25876,29410,24366,27497,26613,24274,31671,28849,25612,23260,24350,28564,27357,25320,26796,28028,30170,27680
2_122:23852,31368,26728,28933,27423,26463,33003,28283,29163,27484,22085,29428,28992,27100,28652,28329,29636,30396,29449,27725,23609,29542,28857,27751,28530,29413,29452,31238,29288,25567,22931,27628,30286,27811,29752,29538,26785,32329,27086,26663,22456,26436,31145,25522,28790,27993,25216,31044,29893,26545,23932,26452,29608,27478,26426,28681,29303,30678,29435
2_123:24369,30924,27113,27094,27288,26304,33260,27058,28969,26685,21699,29919,27407,26916,26933,27256,30590,28558,28874,26842,22172,29224,28676,26694,26662,28515,28426,29410,28108,25533,22984,27614,28945,27463,29581,28207,25962,32139,27180,25634,21687,25921,30133,24269,29207,26040,25071,32584,28087,25886,22908,25038,29957,26418,26446,26929,28330,29034,28878
2_124:24332,29412,26529,26380,26593,25418,32301,27496,29014,26325,21700,29754,27835,26838,26647,26817,30456,29057,27979,26655,22011,29425,27444,27251,27368,27997,28408,29227,27245,25567,24080,26379,29045,26414,28569,28070,26352,30346,26185,24938,21286,24941,30528,23849,27632,25675,24223,30568,26754,25242,23359,24684,28389,26046,25885,26702,28333,27797,30312
2_125:17381,22723,20615,21092,21726,19519,25418,21109,22294,20494,17781,24606,22216,21520,20686,21631,24443,24020,21831,21457,17558,24283,22099,21416,21811,22278,22964,23861,23114,20195,20061,22274,24097,21750,23198,23841,21898,25878,22297,22900,19435,21239,27168,21968,24826,23010,22135,28237,23330,22222,20904,21920,26392,23973,23448,22543,25425,26107,26704
2_126:19689,25749,21731,23662,23276,22533,26517,23853,23938,21367,18857,25976,23273,23468,22634,23775,25256,25240,23249,22847,19119,25516,24550,23201,23926,23779,24747,25839,24122,22344,20150,23760,26198,23215,24749,25768,24088,27930,24615,24109,20884,23190,28643,23736,26000,25751,23862,30054,27190,24729,21457,23612,27584,25470,25339,24758,26468,27941,28236
2_127:20445,26593,22928,24744,24003,23839,27486,24021,25486,22542,20618,25791,23905,23792,23046,25906,24803,25791,24179,23808,20094,25902,25222,24007,23819,25439,25085,26398,24623,23532,20574,24456,25897,25589,25050,26426,25052,28350,24788,24427,23378,24162,30587,25466,26450,28438,25573,30165,29815,26618,23092,25604,30049,29606,27317,28121,29844,30634,29520
2_128:24425,31695,26215,28590,27642,27224,32101,28740,28231,28112,23894,28573,28515,29129,27190,31021,29146,29926,29098,28411,24618,31311,29935,28486,28472,29904,29805,31463,29151,28355,24450,29384,30642,30620,30883,31514,30440,34047,29048,28826,26028,27470,35276,28192,29510,33157,28253,33459,32851,29709,25604,29017,31206,31059,29547,29678,31847,33252,30013
2_129:23257,29748,26340,26130,26087,26410,31432,26098,27048,25504,22775,27188,27349,25849,25481,28258,27791,27529,27421,27137,22233,27684,27286,26232,26298,27084,28003,28005,27564,26233,21203,26625,27767,27727,28157,27389,25164,31997,24767,26281,21788,24435,31466,24029,26794,29047,24649,30053,29505,26032,21880,25478,28075,28693,25995,28819,28744,30499,28044
2_130:22717,29249,26014,25795,25814,25890,32063,26328,27532,26913,23960,27455,28245,27025,26630,28410,29824,28360,27558,26937,22893,29298,27833,27713,27269,28470,29069,28099,27325,27173,22443,27180,28498,28368,28126,29344,26323,32700,25900,26861,23221,26111,32460,26921,27719,29482,26295,31785,30159,27266,23335,27317,29575,29648,26570,30320,29126,31668,30122
2_131:28482,37180,31787,30293,31167,27748,36509,33728,33919,34846,28058,32606,33555,33424,33628,32958,39071,34980,33919,32741,28409,36204,36126,34313,34567,34177,34655,34697,32296,29643,27440,32646,34939,33289,34858,34781,32489,36559,33083,29661,27992,32107,37272,31939,34052,33710,30638,37163,32382,32336,28100,30679,33448,32650,28787,34195,32422,33958,31681
2_132:23209,29188,25382,26690,26885,24463,31269,27638,26158,26050,20672,27601,26845,24979,26185,26806,28496,28352,27130,26608,21731,28322,27529,26869,26240,26463,28056,28871,27667,23546,23137,25156,29707,25803,27688,27597,26403,29602,26818,25053,22147,25315,29373,24368,28150,26822,23670,31848,28126,26173,23343,24755,29184,27759,25236,27532,28814,30615,27160
2_133:22418,29782,26195,26313,27257,24398,31963,26279,27643,26397,20344,27276,26779,25736,27059,27027,28706,27739,27471,25659,21230,28314,27574,26849,25966,24908,27502,29067,27213,23598,21579,25253,28466,25966,27408,27067,25137,29123,24790,23733,20718,25035,28367,22902,27605,24819,22989,31026,26426,24920,22049,22979,27656,26041,24140,26730,25628,28491,26311
2_134:22085,28658,25451,26230,25818,24350,31635,25448,27201,25956,20474,27165,26189,25029,26324,27235,28173,27174,27050,25323,20577,27390,26459,25987,25748,25872,27376,28869,27091,23203,21098,26551,28230,26213,28554,25991,25225,29959,25255,24128,21194,24446,28911,23629,27924,25490,22943,31206,26017,25358,22262,23454,27617,25975,25684,27889,27506,29164,27627
2_135:20599,25586,23694,24222,24064,22451,29075,23154,24815,23638,18932,25872,23879,23054,23543,24533,26145,25162,24524,23383,19366,24945,24420,23280,23891,24334,23989,25918,25522,22285,19813,23158,26418,23543,25498,24439,22992,28260,23385,23170,19670,22700,26662,21961,25027,23890,22937,28603,24963,24364,21195,22588,27055,25079,24613,25457,26656,27118,27224
2_136:21014,24763,23183,23039,23098,22093,27230,22378,24256,21608,17977,24876,22709,22015,22378,22573,25106,23552,23351,21925,17559,22985,22808,22158,22292,22541,23147,24274,23335,21132,19746,21850,23622,22243,23450,23199,21173,26068,20977,21651,18771,20864,25340,20248,23827,21838,21115,26977,22944,22134,19673,21685,25766,24053,24004,24221,25803,25118,27360
2_137:17165,22393,20379,20755,21206,20089,24884,20605,22430,20109,17585,23488,21710,21255,21187,22000,23525,23032,21414,21218,16781,22995,22039,21483,22347,21455,22623,24264,22589,19811,19682,21879,22794,21914,23327,23046,21274,25721,21792,21724,18665,20384,25404,21098,24080,22397,21783,28171,22924,22401,20230,20833,24867,22757,22739,22402,24790,25603,26525
2_138:19796,25298,22474,23065,23587,21704,26808,23699,23744,21728,18605,24162,23425,22183,22462,23249,24705,24683,23300,23049,18297,24895,23968,22316,23441,23307,24087,25491,24411,21981,20402,23032,24782,22906,24522,24526,22849,27109,22799,22915,19986,21701,27408,21819,24566,24589,22447,28730,25262,23933,21101,22352,26398,24449,24015,24317,27129,27008,26559
2_139:20180,26211,24266,24683,24187,23417,28321,24630,24806,23533,19930,25866,24396,23847,23794,25272,26184,25823,25063,23746,20391,26045,25914,24299,24505,24839,25704,27396,25421,23303,21240,24291,27270,24927,26170,26149,24185,28600,24431,24079,21678,22428,28578,23259,25941,26061,23934,28326,27019,24649,20849,23088,26804,26253,24527,26498,28046,28577,27604
2_140:20308,26079,22483,24425,24901,23387,27650,23386,25188,23357,20754,24688,24300,23657,23341,26097,25341,25425,25050,24096,21071,26237,25602,24659,24626,25301,25416,26757,25703,25095,20357,25662,27037,26357,26795,27308,24630,29658,24302,24576,21381,23823,30545,24084,27288,29143,24110,29472,29480,26501,22081,25230,28736,28038,24906,29419,30003,29803,27361
2_141:21901,26923,25469,25359,24747,25354,29911,25434,26238,24691,21174,25982,25975,25096,25101,27107,26529,26899,25330,25462,21941,26056,26478,25691,26065,25980,26317,27043,26623,26139,20479,26221,25866,26525,27021,26858,24190,30018,24603,25779,21716,22789,29963,24092,26521,27363,24038,30277,29464,25837,21682,25109,28178,28268,25856,29620,29089,31026,28714
2_142:20986,27006,24913,24954,24960,24674,29767,24414,25556,23857,20906,25737,24525,24568,24646,25876,25429,25717,23624,23584,20222,24433,24645,23174,23205,23652,25089,24667,24031,23281,18874,23063,23897,23615,24772,24432,22497,27862,22412,23223,19953,21282,27685,22907,23306,25467,22756,28976,26530,24193,20871,23922,26775,26233,24326,27241,26469,28772,26966
2_143:21512,28325,25430,25864,25688,24163,31123,25725,27095,25920,20601,27150,26585,24975,26073,26656,27998,27218,27070,25709,21055,26651,26599,25940,26055,25447,27636,28169,26400,24505,21279,26476,27673,25519,26714,26825,26337,29304,24680,24840,21619,23510,28882,23783,26522,25574,23887,30941,26678,25868,22294,23921,28515,27448,25303,28173,26803,28843,26093
2_144:19713,25548,23524,23702,23624,22337,28542,23579,24113,23987,18581,24574,24504,22677,24254,24174,25766,25522,24865,23163,19154,24923,24484,24144,23579,23708,24571,26433,24550,22140,19731,23320,26562,23354,24822,24508,23746,27125,23580,22693,19846,22342,26278,21797,25172,23924,22062,29278,24959,23878,21293,22064,26412,24903,23691,25867,25423,26877,25765
