1:[29, 30, 31, 32, 33, 41, 42, 43, 44, 45, 53, 54, 55, 56, 57, 65, 66, 67, 68, 69, 77, 78, 79, 80, 81, 89, 90, 91, 92, 93, 101, 102, 103, 104, 105, 113, 114, 115, 116, 117]
2:[29, 30, 31, 32, 33, 41, 42, 43, 44, 45, 53, 54, 55, 56, 57, 65, 66, 67, 68, 69, 77, 78, 79, 80, 81, 89, 90, 91, 92, 93, 101, 102, 103, 104, 105, 113, 114, 115, 116, 117]
3:[28, 29, 30, 31, 32, 40, 41, 42, 43, 44, 52, 53, 54, 55, 56, 64, 65, 66, 67, 68, 76, 77, 78, 79, 80, 88, 89, 90, 91, 92, 100, 101, 102, 103, 104, 112, 113, 114, 115, 116]
4:[28, 29, 30, 31, 40, 41, 42, 43, 52, 53, 54, 55, 64, 65, 66, 67, 76, 77, 78, 79, 88, 89, 90, 91, 100, 101, 102, 103, 112, 113, 114, 115]
5:[28, 29, 30, 31, 32, 40, 41, 42, 43, 44, 52, 53, 54, 55, 56, 64, 65, 66, 67, 68, 76, 77, 78, 79, 80, 88, 89, 90, 91, 92, 100, 101, 102, 103, 104, 112, 113, 114, 115, 116]
6:[17, 18, 19, 20, 29, 30, 31, 32, 41, 42, 43, 44, 53, 54, 55, 56, 65, 66, 67, 68, 77, 78, 79, 80, 89, 90, 91, 92, 101, 102, 103, 104]
7:[6, 7, 8, 9, 10, 17, 18, 19, 20, 21, 22, 29, 30, 31, 32, 33, 34, 41, 42, 43, 44, 45, 46, 53, 54, 55, 56, 57, 58, 65, 66, 67, 68, 69, 70, 77, 78, 79, 80, 81, 82, 89, 90, 91, 92, 93, 94, 101, 102, 103, 104, 105]
8:[7, 8, 9, 10, 11, 12, 13, 19, 20, 21, 22, 23, 24, 25, 31, 32, 33, 34, 35, 36, 37, 43, 44, 45, 46, 47, 48, 49, 55, 56, 57, 58, 59, 60, 61, 67, 68, 69, 70, 71, 72, 73, 79, 80, 81, 82, 83, 84, 85, 91, 92, 93, 94, 95, 96, 97, 105, 106, 107, 108, 109, 117, 118, 119, 120]
9:[25, 34, 35, 36, 37, 46, 47, 48, 49, 58, 59, 60, 61, 70, 71, 72, 73, 82, 83, 84, 85, 94, 95, 96, 97, 106, 107, 108, 109, 118, 119, 120]
10:[25, 33, 34, 35, 36, 37, 45, 46, 47, 48, 49, 57, 58, 59, 60, 61, 69, 70, 71, 72, 73, 81, 82, 83, 84, 85, 93, 94, 95, 96, 97, 105, 106, 107, 108, 109, 117, 118, 119, 120]
11:[25, 33, 34, 35, 36, 37, 45, 46, 47, 48, 49, 57, 58, 59, 60, 61, 69, 70, 71, 72, 73, 81, 82, 83, 84, 85, 93, 94, 95, 96, 97, 105, 106, 107, 108, 109, 117, 118, 119, 120, 121, 129, 130, 131, 132]
12:[37, 38, 46, 47, 48, 49, 50, 58, 59, 60, 61, 62, 70, 71, 72, 73, 74, 82, 83, 84, 85, 86, 94, 95, 96, 97, 98, 106, 107, 108, 109, 110, 118, 119, 120, 121, 122, 130, 131, 132]
13:[37, 38, 39, 47, 48, 49, 50, 51, 59, 60, 61, 62, 63, 71, 72, 73, 74, 75, 83, 84, 85, 86, 87, 95, 96, 97, 98, 99, 107, 108, 109, 110, 111, 119, 120, 121, 122, 123, 131, 132, 133, 134, 135, 143, 144]
14:[25, 26, 27, 35, 36, 37, 38, 39, 47, 48, 49, 50, 51, 59, 60, 61, 62, 63, 71, 72, 73, 74, 75, 83, 84, 85, 86, 87, 95, 96, 97, 98, 99, 107, 108, 109, 110, 111, 119, 120, 121, 122, 123, 131, 132]
15:[25, 26, 27, 35, 36, 37, 38, 39, 47, 48, 49, 50, 51, 59, 60, 61, 62, 63, 71, 72, 73, 74, 75, 83, 84, 85, 86, 87, 95, 96, 97, 98, 99, 107, 108, 109, 110, 111, 119, 120]
16:[13, 14, 15, 16, 24, 25, 26, 27, 28, 36, 37, 38, 39, 40, 48, 49, 50, 51, 52, 60, 61, 62, 63, 64, 72, 73, 74, 75, 76, 84, 85, 86, 87, 88, 96, 97, 98, 99, 100, 108]
17:[13, 14, 15, 16, 25, 26, 27, 28, 29, 30, 37, 38, 39, 40, 41, 42, 49, 50, 51, 52, 53, 54, 61, 62, 63, 64, 65, 66, 73, 74, 75, 76, 77, 78, 85, 86, 87, 88, 89, 90, 97, 98, 99, 100, 101, 102, 110, 111, 112, 113, 114]
18:[27, 28, 29, 30, 31, 39, 40, 41, 42, 43, 51, 52, 53, 54, 55, 63, 64, 65, 66, 67, 75, 76, 77, 78, 79, 87, 88, 89, 90, 91, 99, 100, 101, 102, 103, 111, 112, 113, 114, 115]
19:[28, 29, 30, 31, 32, 40, 41, 42, 43, 44, 52, 53, 54, 55, 56, 64, 65, 66, 67, 68, 76, 77, 78, 79, 80, 88, 89, 90, 91, 92, 100, 101, 102, 103, 104, 112, 113, 114, 115, 116]
20:[28, 29, 30, 31, 32, 40, 41, 42, 43, 44, 52, 53, 54, 55, 56, 64, 65, 66, 67, 68, 76, 77, 78, 79, 80, 88, 89, 90, 91, 92, 100, 101, 102, 103, 104, 112, 113, 114, 115, 116]
21:[29, 30, 31, 32, 41, 42, 43, 44, 53, 54, 55, 56, 65, 66, 67, 68, 77, 78, 79, 80, 89, 90, 91, 92, 101, 102, 103, 104, 113, 114, 115, 116]
22:[29, 30, 31, 32, 33, 41, 42, 43, 44, 45, 53, 54, 55, 56, 57, 65, 66, 67, 68, 69, 77, 78, 79, 80, 81, 89, 90, 91, 92, 93, 101, 102, 103, 104, 105, 113, 114, 115, 116, 117]
23:[29, 30, 31, 32, 33, 34, 41, 42, 43, 44, 45, 46, 53, 54, 55, 56, 57, 58, 65, 66, 67, 68, 69, 70, 77, 78, 79, 80, 81, 82, 89, 90, 91, 92, 93, 94, 101, 102, 103, 104, 105, 106, 113, 114, 115, 116, 117, 118]
24:[31, 32, 33, 34, 35, 43, 44, 45, 46, 47, 55, 56, 57, 58, 59, 67, 68, 69, 70, 71, 79, 80, 81, 82, 83, 91, 92, 93, 94, 95, 103, 104, 105, 106, 107, 115, 116, 117, 118]
25:[31, 32, 33, 34, 35, 43, 44, 45, 46, 47, 55, 56, 57, 58, 59, 67, 68, 69, 70, 71, 79, 80, 81, 82, 83, 91, 92, 93, 94, 95, 103, 104, 105, 106, 107, 115, 116, 117, 118, 119]
26:[30, 31, 32, 33, 34, 42, 43, 44, 45, 46, 54, 55, 56, 57, 58, 66, 67, 68, 69, 70, 78, 79, 80, 81, 82, 90, 91, 92, 93, 94, 102, 103, 104, 105, 106, 114, 115, 116, 117, 118]
27:[30, 31, 32, 33, 34, 42, 43, 44, 45, 46, 54, 55, 56, 57, 58, 66, 67, 68, 69, 70, 78, 79, 80, 81, 82, 90, 91, 92, 93, 94, 102, 103, 104, 105, 106, 114, 115, 116, 117, 118]
28:[30, 31, 32, 33, 34, 35, 42, 43, 44, 45, 46, 47, 54, 55, 56, 57, 58, 59, 66, 67, 68, 69, 70, 71, 78, 79, 80, 81, 82, 83, 90, 91, 92, 93, 94, 95, 102, 103, 104, 105, 106, 107, 114, 115, 116, 117, 118, 119]
29:[25, 32, 33, 34, 35, 36, 37, 44, 45, 46, 47, 48, 49, 56, 57, 58, 59, 60, 61, 68, 69, 70, 71, 72, 73, 80, 81, 82, 83, 84, 85, 92, 93, 94, 95, 96, 97, 104, 105, 106, 107, 108, 109, 116, 117, 118, 119, 120]
30:[25, 26, 27, 34, 35, 36, 37, 38, 39, 46, 47, 48, 49, 50, 51, 58, 59, 60, 61, 62, 63, 70, 71, 72, 73, 74, 75, 82, 83, 84, 85, 86, 87, 94, 95, 96, 97, 98, 99, 106, 107, 108, 109, 110, 111, 118, 119, 120]
31:[25, 26, 27, 28, 29, 36, 37, 38, 39, 40, 41, 48, 49, 50, 51, 52, 53, 60, 61, 62, 63, 64, 65, 72, 73, 74, 75, 76, 77, 84, 85, 86, 87, 88, 89, 96, 97, 98, 99, 100, 101, 108, 109, 110, 111, 112, 113, 120]
32:[25, 26, 27, 28, 29, 30, 37, 38, 39, 40, 41, 42, 49, 50, 51, 52, 53, 54, 61, 62, 63, 64, 65, 66, 73, 74, 75, 76, 77, 78, 85, 86, 87, 88, 89, 90, 97, 98, 99, 100, 101, 102, 109, 110, 111, 112, 113, 114]
33:[26, 27, 28, 29, 30, 38, 39, 40, 41, 42, 50, 51, 52, 53, 54, 62, 63, 64, 65, 66, 74, 75, 76, 77, 78, 86, 87, 88, 89, 90, 98, 99, 100, 101, 102, 110, 111, 112, 113, 114]
34:[26, 27, 28, 29, 30, 38, 39, 40, 41, 42, 50, 51, 52, 53, 54, 62, 63, 64, 65, 66, 74, 75, 76, 77, 78, 86, 87, 88, 89, 90, 98, 99, 100, 101, 102, 110, 111, 112, 113, 114]
35:[26, 27, 28, 29, 30, 38, 39, 40, 41, 42, 50, 51, 52, 53, 54, 62, 63, 64, 65, 66, 74, 75, 76, 77, 78, 86, 87, 88, 89, 90, 98, 99, 100, 101, 102, 110, 111, 112, 113, 114]
36:[27, 28, 29, 30, 31, 39, 40, 41, 42, 43, 51, 52, 53, 54, 55, 63, 64, 65, 66, 67, 75, 76, 77, 78, 79, 87, 88, 89, 90, 91, 99, 100, 101, 102, 103, 111, 112, 113, 114, 115]
37:[28, 29, 30, 31, 32, 40, 41, 42, 43, 44, 52, 53, 54, 55, 56, 64, 65, 66, 67, 68, 76, 77, 78, 79, 80, 88, 89, 90, 91, 92, 100, 101, 102, 103, 104, 112, 113, 114, 115, 116]
38:[28, 29, 30, 31, 40, 41, 42, 43, 52, 53, 54, 55, 64, 65, 66, 67, 76, 77, 78, 79, 88, 89, 90, 91, 100, 101, 102, 103, 112, 113, 114, 115]
39:[28, 29, 30, 31, 32, 40, 41, 42, 43, 44, 52, 53, 54, 55, 56, 64, 65, 66, 67, 68, 76, 77, 78, 79, 80, 88, 89, 90, 91, 92, 100, 101, 102, 103, 104, 112, 113, 114, 115, 116]
40:[28, 29, 30, 31, 32, 40, 41, 42, 43, 44, 52, 53, 54, 55, 56, 64, 65, 66, 67, 68, 76, 77, 78, 79, 80, 88, 89, 90, 91, 92, 100, 101, 102, 103, 104, 113, 114, 115, 116]
41:[28, 29, 30, 31, 32, 40, 41, 42, 43, 44, 52, 53, 54, 55, 56, 64, 65, 66, 67, 68, 76, 77, 78, 79, 80, 88, 89, 90, 91, 92, 100, 101, 102, 103, 104, 112, 113, 114, 115, 116]
42:[28, 29, 30, 31, 40, 41, 42, 43, 52, 53, 54, 55, 64, 65, 66, 67, 76, 77, 78, 79, 88, 89, 90, 91, 100, 101, 102, 103, 112, 113, 114, 115]
43:[28, 29, 30, 31, 32, 40, 41, 42, 43, 44, 52, 53, 54, 55, 56, 64, 65, 66, 67, 68, 76, 77, 78, 79, 80, 88, 89, 90, 91, 92, 100, 101, 102, 103, 104]
44:[17, 18, 19, 20, 29, 30, 31, 32, 33, 41, 42, 43, 44, 45, 53, 54, 55, 56, 57, 65, 66, 67, 68, 69, 77, 78, 79, 80, 81, 89, 90, 91, 92, 93, 101, 102, 103, 104, 105, 113, 114, 115, 116, 117]
45:[42, 43, 44, 45, 46, 47, 54, 55, 56, 57, 58, 59, 66, 67, 68, 69, 70, 71, 78, 79, 80, 81, 82, 83, 90, 91, 92, 93, 94, 95, 102, 103, 104, 105, 106, 107, 114, 115, 116, 117, 118, 119, 126, 127, 128, 129, 130]
46:[32, 33, 34, 35, 43, 44, 45, 46, 47, 55, 56, 57, 58, 59, 67, 68, 69, 70, 71, 79, 80, 81, 82, 83, 91, 92, 93, 94, 95, 103, 104, 105, 106, 107, 115, 116, 117, 118, 119]
47:[31, 32, 33, 34, 35, 43, 44, 45, 46, 47, 55, 56, 57, 58, 59, 67, 68, 69, 70, 71, 79, 80, 81, 82, 83, 91, 92, 93, 94, 95, 103, 104, 105, 106, 107, 115, 116, 117, 118, 119]
48:[29, 30, 31, 32, 33, 34, 41, 42, 43, 44, 45, 46, 53, 54, 55, 56, 57, 58, 65, 66, 67, 68, 69, 70, 77, 78, 79, 80, 81, 82, 89, 90, 91, 92, 93, 94, 101, 102, 103, 104, 105, 106, 113, 114, 115, 116, 117, 118]
49:[29, 30, 31, 32, 41, 42, 43, 44, 53, 54, 55, 56, 65, 66, 67, 68, 77, 78, 79, 80, 89, 90, 91, 92, 101, 102, 103, 104, 113, 114, 115, 116]
50:[28, 29, 30, 31, 32, 40, 41, 42, 43, 44, 52, 53, 54, 55, 56, 64, 65, 66, 67, 68, 76, 77, 78, 79, 80, 88, 89, 90, 91, 92, 100, 101, 102, 103, 104, 112, 113, 114, 115, 116]
51:[28, 29, 30, 31, 32, 40, 41, 42, 43, 44, 52, 53, 54, 55, 56, 64, 65, 66, 67, 68, 76, 77, 78, 79, 80, 88, 89, 90, 91, 92, 100, 101, 102, 103, 104, 112, 113, 114, 115, 116]
52:[17, 18, 19, 20, 29, 30, 31, 32, 41, 42, 43, 44, 53, 54, 55, 56, 65, 66, 67, 68, 77, 78, 79, 80, 89, 90, 91, 92, 101, 102, 103, 104, 113, 114, 115, 116]
53:[16, 17, 18, 19, 20, 28, 29, 30, 31, 32, 40, 41, 42, 43, 44, 52, 53, 54, 55, 56, 64, 65, 66, 67, 68, 76, 77, 78, 79, 80, 88, 89, 90, 91, 92, 100, 101, 102, 103, 104]
54:[15, 16, 17, 18, 19, 20, 26, 27, 28, 29, 30, 31, 32, 38, 39, 40, 41, 42, 43, 44, 50, 51, 52, 53, 54, 55, 56, 62, 63, 64, 65, 66, 67, 68, 74, 75, 76, 77, 78, 79, 80, 86, 87, 88, 89, 90, 91, 92, 98, 99, 100, 101, 102, 103, 104, 110, 111, 112, 113, 114]
55:[26, 27, 28, 29, 38, 39, 40, 41, 50, 51, 52, 53, 62, 63, 64, 65, 74, 75, 76, 77, 86, 87, 88, 89, 98, 99, 100, 101, 110, 111, 112, 113]
56:[25, 26, 27, 28, 29, 35, 36, 37, 38, 39, 40, 41, 47, 48, 49, 50, 51, 52, 53, 59, 60, 61, 62, 63, 64, 65, 71, 72, 73, 74, 75, 76, 77, 83, 84, 85, 86, 87, 88, 89, 95, 96, 97, 98, 99, 100, 101, 107, 108, 109, 110, 111, 112, 113, 119, 120]
57:[25, 26, 34, 35, 36, 37, 38, 46, 47, 48, 49, 50, 58, 59, 60, 61, 62, 70, 71, 72, 73, 74, 82, 83, 84, 85, 86, 94, 95, 96, 97, 98, 106, 107, 108, 109, 110, 118, 119, 120]
58:[25, 33, 34, 35, 36, 37, 45, 46, 47, 48, 49, 57, 58, 59, 60, 61, 69, 70, 71, 72, 73, 81, 82, 83, 84, 85, 93, 94, 95, 96, 97, 105, 106, 107, 108, 109, 117, 118, 119, 120]
59:[25, 26, 34, 35, 36, 37, 38, 46, 47, 48, 49, 50, 58, 59, 60, 61, 62, 70, 71, 72, 73, 74, 82, 83, 84, 85, 86, 94, 95, 96, 97, 98, 106, 107, 108, 109, 110, 118, 119, 120]
60:[25, 26, 27, 28, 35, 36, 37, 38, 39, 40, 47, 48, 49, 50, 51, 52, 59, 60, 61, 62, 63, 64, 71, 72, 73, 74, 75, 76, 83, 84, 85, 86, 87, 88, 95, 96, 97, 98, 99, 100, 107, 108, 109, 110, 111, 112, 119, 120]
