161.09275527044957,79.12456621682654
157.0005190136867,79.08365864490656
154.43643477657994,78.77944395120718
152.81313583865025,78.75689787575752
151.403885337354,78.51899240083034
149.75610496433055,77.9815004055933
149.13064386485453,77.61578797547695
148.76269871366532,76.94388100854793
149.0049499290832,76.21339340505239
149.53877420071296,75.06062253262188
151.04989516455765,71.78889803394915
153.12251896374426,69.7749398422306
156.736496396594,67.43492975213827
159.29022991988595,66.19376848842559
161.68608868093168,66.44001372479512
164.76584420187876,66.03728756284211
166.45739411237645,65.05751747874707
169.43458298465515,63.34256694962495
172.91138374162756,61.79608726780228
177.16334607217934,59.65592720606503
183.05842388621545,57.53387268909185
186.41429570908056,56.691216305707755
190.91943535531937,55.50297087102531
193.18003403788407,54.13114757552726
194.73842821215925,53.06498020385586
196.12690336917098,52.49557671327412
196.60892021019893,52.120328877055464
197.3566255815544,52.609129393247564
197.9561484004176,53.08898478640218
198.54946317785385,53.199361111488045
199.6109527085444,53.08040171591111
200.9655806664489,53.26257609088172
203.77002346582728,54.01439651502268
210.37358632620467,55.35299086232443
215.52423096499012,56.44979197295305
223.20349318470312,58.594504620909156
228.46029459722524,60.40781252724469
233.62151729220204,62.370975534960735
240.09523423798134,64.78678195445556
243.34444256215284,66.20106352687489
246.5763627821082,67.42173864256758
247.86973738029394,68.14367946775012
248.89284583960588,68.90832814551395
250.56253517281914,69.86952553316047
252.03995694584768,70.7942222680922
255.29123071239678,72.44502098914025
258.38393135316824,74.17871616432994
262.3036727229887,76.54179676364221
268.34958018941234,79.10545626449984
272.065196621435,80.34306642065336
276.6935694621294,81.89354171865678
279.243829216221,82.37630592480139
281.10283902213155,82.48869426142949
283.25761101354965,82.63205185909428
284.28439899235207,82.53400846263801
285.65877320412847,82.57594134803277
286.6588551588688,82.83707694922619
287.9371108103172,83.02361899310013
289.7908739288251,83.38703962372053
290.89292979983173,83.56747818277185
292.3350530216387,83.55681790513155
293.0576179087848,83.57790500268518
293.6024190200441,83.63765153044254
294.1101089364238,83.8658167782575
294.342289270614,84.19633497414566
294.56895670574005,84.29993445979767
294.7741424302048,84.6597264352272
295.0885406277787,85.0671683738227
295.2177211550301,85.12749669726637
295.22445081305113,85.18111280570153
294.9956520150343,85.40614878980665
294.15549479236444,85.58546188037245
293.5399016601389,85.7141940946084
292.35652084151116,85.91332257843051
291.38208393337095,86.04926282711361
290.3286150300686,86.2384516400397
288.4257756069597,86.5612533660729
286.9426976541653,86.77705491693766
284.0571592325492,87.2955148609488
282.14162571806776,87.77998963895634
280.49770276959174,88.12718068859787
278.2085190866651,88.44215310062377
276.2701397280803,88.62495755896046
273.00442607176757,88.93090517487295
270.5339500770101,89.04212906952674
268.0417596206651,89.13942303789744
264.0576828672076,89.30767297060467
261.80599913159756,89.45103997438123
258.5878581604416,89.48897716808972
256.92430343305574,89.42732697764453
255.33396319620454,89.11082006561416
252.80624382809168,89.28358961527103
250.98717932701135,89.23117808635436
248.2556488197718,89.48332148050943
246.49702781144762,89.56881179481289
244.75804978335813,89.72567070608432
241.9020728796855,89.90283931981303
239.7855916600079,89.96855766057224
236.66317308232527,90.02363328702734
234.6814565930452,89.95864977981522
232.8048074525708,89.81341896230875
230.72793972291004,89.39573217391796
229.7798145387311,89.22926035279997
228.7961741852916,89.1392980961767
227.04813097062947,89.3964909900316
225.8061976931558,89.51157772973441
223.4792730436896,89.61795679224073
221.70162680172422,89.70438965531835
219.65396659485134,89.56734503194447
216.47331878369664,89.2520610675445
214.35577013992247,89.13434674386876
210.81742968172904,88.94223091108428
208.3024630143886,88.93018633884327
205.50638751217392,88.76607005643254
201.3706846098407,88.78767664005389
198.6587108915916,88.84609646720311
195.6412393723455,88.91271014407076
194.34246421498776,88.93184751835807
193.4368507711668,88.87806725631138
192.17450045962389,88.90173890009022
191.35326615626127,88.82014054472704
189.98951565756295,88.79622153841215
189.19107737933686,88.77334878769513
188.48834039294962,88.75173264367709
187.52575195865833,88.88643342943506
186.988759481377,89.10924167396293
186.18693739921062,89.01934811014927
185.69868797689315,89.0737176081403
185.08355756587574,89.00019135345606
184.1731159012189,88.96386920522669
183.50302193975367,88.96989707957646
182.58966301998626,89.10217827075353
182.05948329167848,89.14150358642195
181.52230148508886,89.20281749472763
180.84180602253767,89.29576034501484
180.4389603450739,89.37777505508541
180.06193784749237,89.4603090617414
179.46412414850877,89.52135390681305
179.08878185945562,89.53037057506175
178.5415406547668,89.3768821552797
178.2284332588439,89.36402303452391
177.9824191143784,89.40432416018237
177.74325635494316,89.52789734523301
177.5995879626937,89.62844680386007
177.41481594279458,89.79925881057305
177.348368625277,89.92475341509235
177.3093861659489,89.97790861117394
177.29190628482897,90.02107125769363
177.3167913627364,90.04639963947156
177.36521766203404,90.02634242517122
177.39925805114234,90.03996287990675
177.4321902393036,89.99851836897976
177.44030146620466,89.94832161855625
177.43616010802725,89.927111945917
177.4056029424672,89.92438479698934
177.37500302092292,89.92976720297507
177.32166441373252,89.93142928657602
177.23804877080255,89.93821235713618
177.1887030207433,89.93800961991305
177.12809821645257,89.93070245104252
177.0833371520971,89.92191324127853
177.02016033203637,89.95106635834762
176.89595346534213,90.00026488681117
176.4602876305026,90.08579907451839
175.25954044502723,90.35278823577123
173.96275376267272,90.71423976136627
171.4874422628721,91.24598439048397
164.69532839458375,92.6912525670688
158.96898082785398,93.66612769187162
150.25886744378667,94.89779752947025
144.34956428541992,95.52484163397344
138.40498120326245,96.19595886125396
129.51988827659537,96.78373882244338
123.38471547669847,96.90638149760362
116.82764332688889,96.80477559803059
107.16537708243658,96.90920656908762
100.96373978412632,97.16291946932922
92.03096571460041,97.40780152456988
86.1724609417524,97.27437210147741
80.41689081621793,96.70146622331292
72.91963663334785,95.38944843040456
69.10559180977457,94.40145994898214
65.4248984559793,92.74701503184087
63.69558277897957,92.03712371667828
62.020009444230084,91.32457638545183
59.71934853431193,90.91602571446226
58.68071178372254,90.77338464330305
57.43521066322275,90.60485585223174
56.61960236675182,90.38079041866776
55.9401129067288,90.36872147305768
54.975019845877796,90.24597002367975
54.36099739494172,90.19675991365331
53.55297355222635,90.160625577391
52.99267060716164,90.2152100147229
52.46314865882786,90.26149003588263
51.97208546085494,90.34942819977613
51.565573647001315,90.39003043573248
51.00992461236109,90.48937203830741
50.52416353603053,90.43533964191616
50.12902195732153,90.40019846935407
49.55633814315988,90.53133314679471
49.30626860957403,90.43723497478771
48.85273147547997,90.51303436995445
48.58084553850978,90.52655395088226
48.384550474063616,90.57900240616793
48.1355193073062,90.61770782025116
48.01888389781689,90.6668492607742
47.78802875083554,90.72480289557659
47.63910060120247,90.75730382902807
47.5460428570465,90.78231132999107
47.40077660501396,90.76776488165132
47.31804475379735,90.7463429242371
47.238728752623445,90.75389128970164
47.14990700805987,90.74086581161833
47.09511516641123,90.73693553668473
47.108657744680045,90.79827131232
47.13740957413725,90.80833851911775
47.25248998934859,90.92184928444391
47.25985569641233,90.94989863718584
47.27460791807516,90.95737360836111
47.37128464185503,90.95448573956257
47.46516903748568,90.93171226767778
47.587623709437,90.90568752972183
47.772567807882126,90.9066831342635
47.86821947521611,90.90338260296065
47.92709046467701,90.85159533139758
47.93079193991022,90.77970278162417
47.93016354386472,90.67441307263658
47.964549938827986,90.54454577279158
47.99869501256231,90.48739632440353
48.09444171010318,90.39778997855487
48.23328332220768,90.42233593884748
48.37720256937149,90.4241419301207
48.69553832542735,90.45229843674595
49.169287615456824,90.4484883910211
50.13210690647588,90.62639271899602
50.679187632882616,90.73780458485903
51.28553518752926,90.89027982865954
52.51108686985846,91.07892884031953
53.88967332754295,91.25921675134862
56.14681761335521,91.61978107871602
60.48390480899492,91.79748335957541
62.992511473896116,92.15362954024575
66.0130430738656,92.76248020243213
67.61667436395132,93.28226935426314
68.78285036981053,93.88153738258208
70.36515309626995,94.90779685832472
71.28044863731162,95.82847574013677
73.27413855170681,98.0126142223997
74.78441243899084,99.79651233425585
76.41976834317829,101.91209620788935
79.05814911731487,105.71692947147666
81.05818776160577,108.92672875272896
83.1973772026432,113.74389454164414
84.20225853778149,116.38245279581758
85.1431137186155,118.43736320736419
86.54525267503513,120.62610186824145
87.31997732166266,121.63114335528215
88.44052336348558,122.95212750934107
89.0217394032906,123.54748664327676
89.56831430135637,123.98919460750133
89.98331498972067,124.33001898801308
90.48937936066429,124.77816260544587
91.45070506587595,126.02472936917479
92.17046384180007,127.08348851916813
92.67901418666239,128.05727581263034
93.25216452426027,128.99533929619895
93.53224390208621,129.27750070037945
93.92052003979813,129.46674596010484
94.18001075164089,129.6257934245777
94.38091431788739,129.80435984283022
94.76851884593103,129.98025191204823
95.00018567930242,130.06740489778213
95.06852396725795,130.074270941187
95.03231881059321,130.0159993397778
94.75921393628063,129.74286885448097
94.05087292349617,128.63586778205163
93.60320727009169,127.84792746183493
93.20507636831141,127.12652541373353
92.93986167402316,126.1543535133536
92.81289789126023,125.43419082596166
92.3978399644122,124.30138638093169
91.80955133301113,123.46528910184665
91.06731326387906,122.53938072567439
89.90117818611402,120.99295421009522
89.14328024021728,119.91939939162245
88.05732593340998,118.31117019636163
87.52296728449929,117.11500696571936
87.14229811320062,115.84840861931912
86.62004475730319,114.1091822754465
86.21730558175977,112.68957387212156
85.3662067078352,110.7677462409355
84.90821734216874,110.01604071150554
84.62610559595387,109.76687165746998
84.16220870138521,109.50519174024055
83.98891898389816,109.4994912715819
83.648926079796,109.36064912536617
83.53801158399024,109.29715657651134
83.51206036707902,109.3787152888502
83.8137545800181,109.94949640929592
84.00730499900868,110.18113058000499
84.52355176904959,110.64230144921507
84.92431177820016,110.79232225646436
85.45699949081235,110.81592557741537
86.45235981438162,110.76051447387174
87.18329137617278,110.69574641519694
88.43939635550255,110.73041014608374
89.54375913622003,110.67925587264337
91.25522460073728,110.65495955706191
94.85336139058602,110.4085145944232
97.65775257374365,110.26306263737274
102.03137232158066,110.1342971632691
104.81171545996277,109.9415548380513
107.57522797571797,109.79390646837805
111.33323184375908,109.40657699078663
113.24260262247725,109.0567574788508
114.57247409649729,108.7732862543041
115.48909576096086,108.43726558454803
115.88052776510527,108.36910214675308
116.66193978374966,108.04922457754255
117.40787306912395,107.82157051258834
118.27585192885428,107.5766492737381
119.32303309648302,107.39905362710249
119.43820753120374,107.42482711370886
119.42907794491978,107.5955431576642
119.48988823494312,107.57334820604935
119.74609375174693,107.44346526210569
120.59913803396401,107.06036473861651
121.41351015966802,106.6809783975331
123.23879336216966,106.0831900452163
124.77183425611136,105.77933959814791
126.44610007894163,105.54954628806517
129.10457466647182,105.4845141941091
131.2766364281527,105.46249536616813
135.9099437003248,105.39386181312183
140.04917406121228,105.15473886642103
145.65647593306093,104.64690629609814
156.15213460082703,103.08241660386392
163.26424587393845,102.573766044959
173.360911095795,102.26739449197609
179.54676301897243,102.52762061818181
185.10597778367435,102.94954802308753
192.0555050052919,103.3947419476792
195.89961723966462,103.78688601110903
198.90452603828084,103.87546809258353
201.88927875502318,103.92989566325048
203.5161639838449,103.73792857920765
205.55214959999128,103.42282496556479
206.6179325895186,103.1202368161388
207.9154711066851,102.88614797821143
210.8114454189385,102.70776722406762
214.61347337625227,102.85796834331228
224.89996180849812,104.0934044202795
231.15052358257847,104.8281025461688
237.09477047223854,105.55694316867395
244.40658782035084,106.31986864131957
248.56276901178575,106.83528414465346
253.7290155315738,107.6033370707522
256.90149130522684,107.89508306911793
260.05137943247735,107.97051467644908
265.99622721586496,107.28735092294094
270.18968923149146,106.64200429352248
275.67765640104136,105.18282858034978
278.7982129377387,104.16440991019402
281.51862885729923,103.39379381001514
284.9958584499765,102.24428853706591
286.8134467373298,101.72013651265294
288.87485356523285,100.70546528957202
289.96411927302273,99.93649511064079
291.10661927279153,99.29657106735567
293.0616497532015,98.78390692001638
294.53721391340633,98.36499764735933
297.24779489553003,97.91616324719966
299.01290266959603,97.84060603319588
300.95824638976825,97.76456605538175
303.6888645900615,97.61523896027796
305.4863759074334,97.18844552101781
308.2965031034313,96.69928253270231
310.16024260145616,96.495304062684
312.1135457006304,96.30835550290529
314.6762393493441,96.33949045772135
315.87012486155845,96.59851212070181
317.3412462852475,96.8799165922872
318.38763739564297,96.94154123112088
319.8221374626871,96.9231377231505
322.44120101632706,96.60218136969462
324.3839589819805,96.484588559418
326.299271877917,96.43773531433169
329.42076723231776,96.35948409947126
331.30465918006513,96.26865036204386
333.3302500225725,95.91796005962637
333.8748632002373,95.64126539323709
334.28880264184954,95.47994074273447
335.3980085540222,95.40008976269117
336.73424397111336,95.53887841996784
338.9823243814523,95.49877439874662
340.4436084011212,95.43814122389489
341.6637667492189,95.08402621012097
342.95638504196916,94.48222188819156
343.0145294201053,94.14245342118032
342.0803158296685,94.23113628952343
341.08459527722016,94.36984298086742
340.2065012624383,94.40832534332897
340.0263240508086,93.92719700450667
340.83697745353095,93.69232913585003
343.58296247986544,93.52840558939421
346.08788986935616,93.25637720361686
348.6724407848041,93.10435254120614
352.4709808771245,92.48260926358098
354.9774232145811,91.75556328494399
358.72970513589576,91.01252873620304
1.0597088749105126,90.61389867392968
3.1525599285590715,90.23122279211093
5.779259157235543,89.61398821497883
7.213179788623762,89.28287972036232
8.864357504637496,88.90614329112488
9.686696191369549,88.79815123912974
10.254392642264293,88.55587645056086
10.994216428248848,88.22450622877084
11.297418528594847,88.01534978727254
11.63065504103821,87.86833059670045
11.735921613399881,87.61406412942907
11.672533163986344,87.45905672424128
11.35507733875059,87.25881675222989
11.252528375112064,87.30059837195388
10.82057773878455,87.41243289103214
9.943814252324074,87.48425936641881
9.210124531867706,87.47672956688959
8.40620234331979,87.46305123706
8.058082481519648,87.41847679360694
7.78614495657547,87.358403551793
7.334821024944858,87.53681867316003
6.967247020631959,87.90293373269957
6.3589223777104,88.38666223491501
6.106582551000486,88.60129320103898
6.005190067721031,88.60565305922123
5.9903533536910345,88.66781255970862
6.006660004695419,88.65012215146919
6.011749931418308,88.56063066140706
5.926580289741764,88.49387663443085
5.780370687336699,88.5381382702865
5.375877012465168,88.6009729512183
5.140171375531651,88.65862224074635
4.780813849561525,88.9051133704449
4.652351219519744,88.90303776742853
4.451813861539847,88.99853013351908
3.9169369327693744,89.03641114982271
3.4951388862639305,89.0312504347429
2.813055941375609,89.18699296680636
2.417156781827117,89.36139265026561
2.003684705899076,89.54625993472172
1.8394780069782257,89.51670529598117
1.867978014035998,89.51290330565733
1.8802919599436052,89.43071664739094
1.9916720555776237,89.27086017987388
2.0988213277200316,89.18102580665126
2.3589066586003185,89.15778338998769
2.758359844412297,89.12978412162948
3.4216466796482052,89.07925962345858
4.533136317367479,88.92299346217793
5.27174997810053,88.76124652502128
6.181767448549209,88.44634454737323
6.602357725232679,88.29768280583447
6.883593058015379,88.18011261808593
6.749379992066736,87.96588171178973
5.779648203026909,87.81348862735247
3.860472288698702,87.52506860725896
2.8327651142784873,87.18637475108568
1.6274328524166037,87.28723027746206
359.7302577662974,87.62890704135552
358.70848293615455,87.86953319195152
357.71124895293264,88.31802472111461
357.5989801882992,88.76759139377732
357.4955428805283,89.24222063884007
357.78867104440656,89.88256129519013
358.2167446243035,90.2266856920675
359.69733203154897,90.27302325517235
1.0345589652588671,90.27809408477535
2.575767596195618,90.36040725352493
5.049961294642827,90.64172678936092
6.862348056845718,91.02050930048573
9.712716362032523,90.98945280925459
11.671158686364294,90.70742088562898
13.612605835163379,90.38210338918113
16.680617040431002,90.2756654409254
18.881334880695846,90.24718489693852
21.93705238322775,90.1606740919695
23.71230122378867,90.06870707369568
25.57623550110779,90.01382315377252
28.271139650926784,89.96833846923195
30.138880208919005,89.88835945866813
31.98265590758612,89.76578023219407
34.777977436418126,89.67837167419009
36.3856472252524,89.51082063769377
38.53695929127636,89.22274094346388
39.77589939757959,89.12359263676343
41.04870951089296,89.01699546668368
42.77653344357165,88.97491620753182
43.60725602118458,88.9473171064081
44.85484193513858,88.85351727506799
45.774612553871776,88.75200016178547
46.80341100662693,88.70196256929098
48.11117065105611,88.72104683451025
48.8416115919521,88.8450777749031
49.69823234891908,88.90056135908605
50.119108129898876,88.83513209571382
50.440402083666754,88.64334974060374
50.99753015843481,88.5141572017161
51.20789629111752,88.33300740951
51.40383754323898,88.11317080632949
51.31278307783171,87.73143958061452
51.095299834159334,86.93381973290998
50.6978790488219,84.30345416002785
50.557202750799945,82.60986726311862
50.23722246091373,80.52285553582543
50.159569753927286,79.89432221499413
50.07132090356052,80.00747668362769
50.28480072667941,80.94200161423103
50.44331391534217,81.86461391231748
50.64421303486324,82.90147128724097
50.86670503948429,84.38955183642804
51.06928446144491,85.37358850772517
51.312068798850504,86.732639438058
51.20449694397817,87.6145407724688
50.86802257197701,88.29721633304199
50.119067831485296,89.27358255647106
49.55356967182735,89.53627767423872
48.388802238589705,90.01316555038308
47.34823700144332,90.16003748340368
45.29711658166616,90.40607624754765
40.81285519943302,90.84448010587448
36.97586673416333,91.17063570696781
28.8209213599674,91.16026904878036
22.593045345983484,90.85510540736921
16.011706256024013,90.62509161760931
6.838158243404081,89.96326199877734
1.4188604660980957,89.84971590027482
354.87431316196813,89.89020198799051
351.21817664863784,89.8900192233307
348.0750637759626,89.48375840046488
344.26622380757044,89.52843594908322
342.22772974810596,89.38968280568676
339.8243387654551,89.75874077120987
338.30787331919294,89.83565621581874
336.89875203494825,90.08816846996415
334.86390469199455,90.07548891463742
333.5550003919093,90.05321580340647
331.644535635652,89.87568202309102
330.29451415041785,89.88360095889594
328.8579254522482,89.84017942425118
326.69899515145,89.92313757940875
325.12567349774923,89.88751771169785
322.7966037950814,89.93103087687756
321.15725571922087,89.97468225930007
319.4498425846533,90.01283094302214
316.56248412363993,90.0312942848195
314.37132215197755,90.03629751129485
310.88248431175793,90.08223072930566
308.37647564605646,90.23341049966446
305.70430691876857,90.38059071096583
300.7561360598136,90.75122131556657
296.8526103902501,91.04978679204304
292.63355200709066,91.35044846069403
286.4910985085603,92.06567681369596
282.9460611908565,92.52111419185353
278.7723922652504,93.11436680814174
276.57708975449384,93.23114757776278
274.6837756338349,93.30452969393006
272.20203932817765,93.2137170669722
269.8921284839095,93.25239732306305
270.05961425524237,93.25020671512726
267.338926821296,93.40920848042907
266.04210695569543,93.42648698624426
263.93778864967766,93.36024838187325
262.39004050306676,93.19650765897902
259.90780158393466,93.09695918860791
258.1238762492494,93.04227943807318
256.19597461799265,93.06261391508917
253.0280721378834,93.24021459246612
250.85351805723462,93.62251014457904
248.08535328174634,94.12007711745116
246.37708969732915,94.33920006050217
244.7581570490788,94.48103422351018
242.40987374762335,94.43799125265286
241.01925647513644,94.26575400378621
239.0967960899879,94.0210711456252
237.85986450098648,93.71864714181797
236.52731625093998,93.49509287333014
234.27688968362503,93.14405637351217
232.6638894423335,93.00436202398963
230.07416254029755,92.7076310627809
228.3239332623493,92.49352123103827
226.6210884354469,92.2635657394361
224.04949215871494,92.00361423827289
222.4320326888904,91.87069920290352
220.81844564502347,91.82620546990658
218.3716695793497,91.83116473604511
216.78094735205215,91.82220514346844
215.04821440292847,91.96116008232188
214.26937382528573,92.05646093065177
213.3876053472513,92.1858442630757
211.86681865043346,92.42355198418673
210.5952940342247,92.53213136191357
208.59836690444823,92.69142071961633
207.3029902800568,92.68722362886017
206.09162994573356,92.70045531017394
204.12554063617836,92.71790680595629
202.7000348686809,92.67993248609415
200.2404704164752,92.60151815958606
198.47812599035313,92.62688658497021
196.6404823099214,92.72610439286069
193.94302021042336,92.82950799043047
192.1868508816863,92.78713570536421
189.61792634244725,92.7933495843888
187.96997910182577,92.63630008746622
186.38804080053097,92.4718614078864
184.1914658070051,92.14385523780366
182.94347802831456,91.8692795883138
181.00229342249958,91.20593279038037
179.63442244065243,90.81204685528562
178.23758254792602,90.73962361923685
176.12406978654022,90.88952848666003
174.7906240982893,91.09890572359251
173.16062950262247,91.47319962737228
172.3255120952138,91.59234801453327
171.61148131879958,91.66205048890077
170.8835355437842,91.90840561434699
170.51029475053238,92.11192605905626
169.70774715253648,92.24338515217455
169.19141282365828,92.52574236026402
168.60517931457633,92.84293154522578
167.64090644137667,93.41762295826082
166.98083006221577,93.83666461171634
166.2626931408482,94.22708369423123
165.13339105337798,94.7205565205394
164.4036776891834,95.0587629832544
163.52836641249775,95.48388660081949
163.29743623228134,95.63761851867018
162.69287034410047,95.97739263636309
162.25052144608148,96.15404390995384
162.18086811633805,96.21909222927255
162.21198456312766,96.3523445815346
162.55151201287552,96.517597271576
163.00194222551403,96.39098619057366
163.97170759675615,96.14179324958386
164.8281695176183,95.96432993837992
166.10670663933914,95.62337594312083
166.9729397659956,95.34661492665472
167.84246371602728,95.15442914257031
169.3047259037399,94.6969313455457
170.41362467632877,94.33940420878513
172.16512744298836,94.23721146194026
173.29627858569918,94.01715656300865
174.36031184172694,93.85246594862654
175.74535227511666,93.48662689870494
176.62204902469648,93.32452934460349
178.16054422046068,93.04395589149689
179.41099884780172,92.75340908868559
180.7571509809281,92.44295419285957
182.95553179903774,91.9151015691513
184.3383493411274,91.78848707795
185.6520248265065,91.7875912932445
187.40801119675612,91.79734791423768
188.4147126146647,91.88060637798826
189.78567261316692,91.8265292455663
190.636758038798,91.73826104647208
191.43922308795686,91.66282285387916
192.33046988997003,91.49069378847977
192.78814569021645,91.4258121437124
193.18895000223992,91.33443917087202
193.44964358454257,91.37795195795974
193.6685017090847,91.35318012941187
193.9824936599867,91.07403894961826
194.12798334894356,91.0013133923316
194.3402761383852,91.07730980881773
194.61895781947445,91.28186830805909
195.05634961012237,91.61796820742174
195.81610057612767,92.01530055153825
196.3109199684648,92.17446913323855
196.7195560903799,92.27876013162869
196.8094717457903,92.31347250373314
196.80231819136168,92.32925727921806
196.73366573976088,92.28735884373579
196.71778515432501,92.36979104448851
196.70349005947602,92.4772410025785
196.6339043348563,92.6539992724966
196.44620595162823,92.65277229946126
195.47765782097127,92.5858284984011
194.48925882832918,92.44971791086093
192.83123899007037,92.04424196531578
191.65000806705442,91.72862291312802
190.54051956470605,91.47296770094377
189.01758319120358,91.24998200584052
187.90054721608757,91.28702046341873
185.98022009375794,91.45310837073407
184.47451720179808,91.68007960532339
182.7985601269037,91.81729925179201
179.8097345434275,91.95257324065699
177.35885569401722,92.00669858801598
174.44953665329876,91.93637676859437
169.5367896668019,91.96906152072054
166.25367113581274,92.02033193522128
161.37742027811632,92.39396423904294
158.45737151959327,92.65717861595496
155.81925258086656,93.00343348608875
152.53136571657268,93.38296764423862
150.86035343355076,93.56236090486965
148.8933942038941,93.50150156205589
147.87887049848052,93.43513093912752
147.00045638197605,93.39296279843664
145.76708097436156,93.35343691265253
144.91898223172683,93.39041680746965
143.3184352537237,93.26741907698143
141.9373342345059,93.27340131571837
140.27657805117377,93.04899802428069
137.4772467376596,92.76898716567531
135.50847143204112,92.75929981621923
132.99620679338358,92.70273060342045
131.66766669892834,92.6343485401372
130.58262806410568,92.50125933332158
129.25183554049102,92.2681414195726
128.54389105168576,92.1405206852696
127.58043548444621,91.8926916254428
126.98493136348314,91.76741735396641
126.34203549537239,91.66245352483752
125.49595541683556,91.29659740451503
125.00103081139909,91.02829855253341
124.29378802406282,90.59107755076654
123.77923112296591,90.1858487232878
123.30966011556801,90.03035278599575
122.75024491136838,89.94304724094006
122.52120555513045,89.97699128996238
122.2307553077512,89.99522716243935
121.97527690762097,90.0087737623387
121.76309345422567,89.9611609968068
121.46786533070042,89.86906403439416
121.2612727656655,89.64228505582852
121.20541304814309,89.20590301845552
121.84925865304311,87.77071190279767
123.06382919019404,85.85425989701827
125.82707382755355,82.61301877896797
127.92356368304581,80.36521336699934
129.75039906872257,78.3993881721947
132.1506569836765,76.03436269050788
133.64062969159306,74.79053211680987
135.924794129532,73.09739311359698
137.2622770539903,72.31248710853538
138.3786540612934,71.72989225977655
139.9491468716717,70.63457291454952
141.32739647108184,69.78097785774426
144.06199894110077,67.94246464189493
146.44483186717926,66.26144252589734
149.58280288229966,65.42825146178245
154.6679303921713,64.0023789005128
158.1825402119464,63.16633093550411
163.4856807352166,61.933581848109
167.1119440979993,61.471013664554235
170.9834394560121,60.98108720522118
176.50385863846748,60.43874357022028
179.83250014071217,60.00342298418654
182.9631510603518,59.73205677241945
187.23707042116374,59.65669193334986
189.59984639485916,59.71475332725832
192.45418268745698,59.914964975805844
194.12428485137204,60.188485888810945
195.99755086491308,60.40432640524618
197.10074848289827,60.69638439620552
198.07071632579414,60.993014883609774
199.87840897862446,61.40806693208272
201.3725013499179,61.478775176936225
203.48283655113642,61.53287539779261
207.81174233958103,61.39271465928412
211.02738332891698,61.408721160732526
215.76800443983095,61.52570042963936
218.71377077528035,61.76878393512419
221.31500746590035,61.88854105009901
224.5458918363746,62.15179454486224
226.32415430098038,62.408841152078246
228.54566470583356,62.83240008318267
229.6319707051936,63.06776806617533
230.4178844524895,63.32523815858713
231.32706337044252,63.78521776259747
231.66305977440464,64.00658359483715
232.0187516676624,64.3569154184752
232.02136482996102,64.41422495825728
232.0176938261131,64.54147155247223
231.85980906237288,64.74762117500842
231.73433083031452,64.8346051184257
231.37555166891303,64.87253519197736
231.17900313928286,64.86599825123281
230.96410086232197,64.72879614536862
230.53666136009195,64.07911948223796
230.12489015848126,63.398959521850244
229.25777658568649,63.100463847635936
228.63055753532728,63.05231935610003
227.90652418846392,63.02565388140704
227.0098641969971,62.977303842522645
226.4809935728182,63.06160095736896
225.81550025895046,63.13758364375805
225.42211588851407,63.247838949672456
225.0660870276043,63.39826302197859
224.57893724103627,63.69034250985602
224.31594098724892,63.85076829185678
224.28378984319636,64.10488529825727
224.35128588164608,64.44835509412243
224.47212056000777,64.73839436855823
224.78095456475734,65.2755400313773
225.07741382332347,65.64202926500992
225.3494523354022,65.93765293029281
225.77778046325875,66.4146914628497
226.04431453845885,66.70124590003026
226.19148181518128,67.11941057862373
226.13513766934884,67.38243948516126
225.85805631180702,67.69276513402156
225.21096155349167,68.16370607181926
224.6886406211184,68.3568640169547
223.80948842479404,68.67929942830014
223.16505579157322,68.83926736064355
222.46228158899888,68.98642971651795
221.26716587383135,69.21999654738049
220.52233806038896,69.36318271028611
219.46185205628112,69.51447348238442
218.80157419937635,69.54806806027452
218.2285199158037,69.63267065822633
217.54002714618622,69.58946111658035
217.12698389519144,69.48062696968059
216.61130134889163,69.38711203018508
216.20681575198014,69.37431979498103
216.03146202376507,69.37969831825352
215.79326311119604,69.41839494241358
215.63685698307546,69.44538235601831
215.5625834209084,69.49815700412253
215.6289577277434,69.49833165730024
215.93251459123758,69.44870629509364
216.52432896340815,69.1891952059496
216.9914093629193,69.0779093503564
217.73866046434316,68.7880645075441
218.38987405410063,68.69958309429585
219.03320613234146,68.54880422337547
220.21455923081498,68.47596288283486
220.97767080502263,68.4363943799171
221.72533017331025,68.50147511695867
222.95532776983652,68.64053766726124
223.90475731014044,68.81311115054861
225.44414892592295,68.8787562196203
226.60261162686584,68.9752497723454
227.82539321610545,69.022400257508
229.84889865564614,69.2003207570041
231.17893062986963,69.1844366250168
233.28727438964745,69.3519130456784
234.6956696180499,69.42944833837194
236.13014128924843,69.41875866644978
238.22628760554926,69.41614578300971
239.5490436885989,69.40294675848543
241.4268952270722,69.45710587487679
242.6020619199219,69.53946578727484
243.64639197851528,69.65257140163065
245.03688329482532,69.76102257574792
245.71597350639755,69.76376043938858
246.58137620578742,69.84628686042656
246.997310378191,69.92346173631091
247.30147576096527,70.05050445627143
247.38056444743646,70.18015573928375
247.41971344349088,70.35091551917023
247.1350855112928,70.62726120807041
246.81990111077272,70.73789783916988
246.36982135985903,70.83115465871496
245.48520062125868,71.02518141109596
244.79725521117172,71.11114905956603
243.64528850019005,71.12529589024098
242.7744589737478,71.12131767771056
241.8049747718034,71.14718761282361
240.33285592484992,71.20322535091128
239.29828590722335,71.19113198573339
237.80407171009116,71.14069851886781
236.831493009734,71.14694221631775
235.8947572731778,71.18383853850247
234.56026267450045,71.22111180664123
233.72977563588367,71.25322763575254
232.96125985482556,71.31485839148363
231.88093282194882,71.28104757840491
231.19728814113196,71.2986382355631
230.13752641417614,71.33297763440805
229.409359337421,71.32630406746549
228.687926935448,71.21316135105576
227.4856331407372,71.13838723691606
226.56962124546118,71.14051262019017
225.11785781520598,71.22827574902387
224.04469784538384,71.29960776397618
223.0069515859142,71.35342080973399
221.49835313304845,71.23761395365281
220.53552296224842,71.20760337247441
219.25555836173118,71.07731344142549
218.4320374581781,71.00201787318252
217.59712872194112,70.88557051291066
216.2871929254789,70.87103869281367
215.3289254781254,70.8425316736692
213.8814721769713,71.00811988854026
212.98151081953392,71.02806901198515
212.11431490267722,71.0591515176144
210.9254753230798,70.98774566851309
210.1834657106126,70.91439220087727
209.14533994664595,70.78343062051138
208.47630278889147,70.65927797810744
207.82609608330668,70.57094516352598
206.9463134022192,70.49499395022424
206.4247748626228,70.32759843933931
206.0152927611893,70.26721956562274
205.4487923009064,70.15531775077787
205.26897887227028,70.19006220282364
205.07077835755092,70.13429703863541
204.99506041467626,70.1333501941371
204.92303811673085,70.09215192193841
204.89555735300377,70.0168293345528
205.01526707491513,69.9639678807643
205.46686461262863,69.8461959900078
205.86530107136866,69.75896962883495
206.41659841283047,69.67749872033014
207.23829450682607,69.63492332012122
207.90396686937453,69.59754666547255
208.99291735612553,69.46906512816733
209.80665513344013,69.41063745167966
210.61078521874998,69.29762077973962
211.65425339337605,69.02178324017515
212.32617317106843,68.96106068305369
213.5281122426235,69.00668066530577
214.54848421717503,69.01568532587741
215.7367447070111,69.04043786861435
217.68226392828123,69.15413238073764
218.92334539576072,69.21526977614774
220.79761228412124,69.41532564749753
222.06084352606638,69.48516417421718
223.29772985094363,69.57988902370394
225.18235655037094,69.62536929363542
226.42242695629972,69.70280212950038
227.80782720936776,69.74872142822778
230.22919916510105,69.93939046544224
232.20775921579298,70.14163223850407
236.42153686410563,70.88902646931149
239.67643345345041,71.63934900931568
243.148009483633,72.55070646171755
248.05367891604322,74.1114123654818
250.93005914703033,75.08333604771062
254.55808943172562,76.3456838210505
256.5674888335821,77.06531994092003
258.24842796621147,77.63888548682269
260.1583611184754,78.13275994919995
261.0356245650431,78.55108569230299
262.0265248057993,78.83809035444774
262.4522384584817,79.0624153465102
262.67318555803865,79.29780086716802
262.72943235954494,79.95445567713607
262.67319348261793,80.33938835997073
262.49081934625576,81.02892967730374
262.2837532356139,81.54639675904089
262.00151009929044,81.9062462609514
261.41454521468233,82.44280232493183
260.8388171651743,82.46323087144205
260.049859985074,82.75093347404625
259.5942465539169,82.95993861475719
259.1435187648186,83.24439553870589
258.2725959407938,83.44901651488671
257.6195014431811,83.60312543404488
256.41143087392277,83.68027731031472
255.32698109584376,83.7117362269846
254.03418037676929,83.72583698973288
251.99168607151051,84.03210755552395
250.40422425888454,84.09593553106077
247.6969950890297,84.43277842068646
245.24796220591276,84.31610450909223
242.27310473299343,84.07182419960174
237.54788706098321,83.21692927075374
234.11805590152733,82.80001936881487
231.13517599348066,83.20517909073666
226.34328823101785,83.45940955830775
222.59167764509658,83.69106675384148
216.15605359292118,84.30583776196156
211.35047425216578,84.88553425833545
206.19710315400624,85.32170531176284
198.39808938520233,86.24701641672749
193.23673019277112,86.74666951888202
186.0458288318623,87.67672128076315
181.4261793858011,88.24393946580118
176.92111292105506,88.64740677621
170.8091374200195,89.3364564862838
167.25540812108483,89.82002831032135
162.26880848926461,90.43113605735489
159.05697036766404,91.03926702119807
155.88795376206946,91.49423277516263
151.12819433082893,92.23155592757615
148.09561465982873,92.63886774110227
143.8207846881918,93.12494245719415
141.15561860460912,93.19397103926963
138.42612604367457,93.36395744938736
134.35811407086942,93.69467382691352
131.5201196035561,93.80107656255082
129.01298613335274,93.72613064490203
125.79819858934712,93.62638016390764
124.13182651595368,93.44836246134237
122.01568878802658,93.23657972265416
120.92284863834105,93.12713587488061
119.67362570948185,93.09614217990404
118.99145554265543,93.15016629200338
118.39682439107523,93.24416172546245
117.81590944804,93.36531190724527
117.56126465852985,93.45860654120843
117.49836135883751,93.43020748596807
117.4755586406945,93.46179758224189
117.53938319922563,93.54219736169304
117.94774322080067,93.54074455032973
118.46896557753396,93.48566244682969
119.36127616662219,93.33293741606808
120.14165426000697,93.20334523577799
120.92090443612469,93.08834447952489
122.31062629303418,92.93355123788794
123.37007940194592,92.88351188473426
124.59971543196588,92.85108009974851
126.88332086695513,92.79079706674499
128.8779423837389,92.72120569813576
132.51289112080426,92.59171791342594
135.47022011050754,92.62386768041453
138.5242702098852,92.62880215923575
143.2012147985195,92.59457925772776
146.01867571546742,92.63912034878045
149.86273391550827,92.81601180468037
152.26978082616972,93.11247639234413
154.7221593542951,93.45976576790315
158.08303329403873,93.87560465464655
160.25655015537896,94.01810203297549
163.0622898372782,94.04527173400228
164.86482316983142,93.99038556055933
166.64857833353057,93.81225240115417
169.478536381421,93.52483358338853
171.3818641597781,93.29458330376892
174.1820479331925,93.15117395113015
175.9816257533952,93.09316102571547
177.81358566032765,93.03299765582408
180.46589944371175,92.95646134502348
182.11683930389543,92.83397080227591
183.70540304486974,92.7647557560765
185.67149778085664,92.64951929007434
186.827176669035,92.62407587310344
187.85380505943903,92.59212400660245
188.1976011172971,92.53347876061632
188.10170826813481,92.50025108454676
187.55548132687966,92.39202737013059
186.32076828672544,92.34355529713157
184.11934587638675,92.10693505262006
182.65476674071985,91.92864123336824
181.3265917204243,91.78221112668322
179.54588229401568,91.57363557712199
178.4255111887915,91.4086014184606
176.86835424638392,91.02568009191071
175.8495591812647,90.76086992912803
174.8031685710156,90.49744945231963
173.2472776631499,90.2218432438387
172.17868641369432,90.10551067122182
170.54395130033973,90.02479712323715
169.5004936451615,89.98588813003572
168.3868552065236,89.86671193073846
166.76906872688167,89.75935611349888
165.71301759005812,89.70380631737461
164.12427247234953,89.6908834356357
163.1019212450604,89.79256144138058
162.079347590284,89.99871152105105
160.40944481304604,90.39243637219988
159.22063817806347,90.75359775635862
157.42089088264015,91.14505716842618
156.29086894451797,91.46774383821439
155.2418928408355,91.67223732022197
153.64998465203664,91.97287834205805
152.512955146611,92.11477843930733
150.62002631554668,92.20047863354236
149.2795186473651,92.21957060679722
147.89950726243714,92.24617384882559
145.80823605115748,92.28769948076993
144.45424147225515,92.36336981345879
142.34711504496488,92.38832043887244
140.81045374169764,92.42759444962523
139.2661330018028,92.4619832181521
136.79271141663935,92.6410687852294
135.09636155513502,92.68185534429765
133.48609936088795,92.81712691066842
131.16115622694156,92.9004697084894
129.72445401993122,92.9897818138597
127.61601340983137,93.06369976232277
126.31804150652923,93.11785867256391
125.08942225818411,93.18614521147559
123.29239192971392,93.28179263924845
122.21774055310016,93.32785170646923
120.64843146435928,93.37145431455194
119.68689779093783,93.26585248199835
118.92313115923967,93.0783652174114
118.39490929683373,92.56117222578042
118.1564930882447,92.47552745140952
118.08420089417541,92.43590136610729
118.05348582712503,92.40285092161145
118.04531521290785,92.37731757751659
118.083173088678,92.36237534657064
118.19857354207087,92.36413677280383
118.57987579391795,92.37624689035664
119.00546289970399,92.3736305162113
119.5692414646227,92.37242629735255
120.55244973380124,92.38742112997802
121.32163790014062,92.3320655496429
122.74091054670257,92.27450902621031
123.86668385735719,92.31434282441805
125.14645893128534,92.24568952671329
127.38536354274181,92.20985048078053
128.99674901673555,92.18791573145673
131.55789014594785,92.03920775974684
133.3566112453695,91.98322786135326
135.2814714861872,91.90281392344463
138.23355022933126,91.7247292964868
140.41497164322755,91.61160720303972
143.64796017513484,91.33124702911789
145.91605610641923,91.03049721053196
148.10646295540295,90.49650645677244
151.6076403338933,89.1493313255287
155.07777448014645,88.76062700797097
156.19957189714543,88.59560301258392
159.4182557544067,88.23656615145644
161.54818879927612,88.03414428106362
164.73356491329432,87.77174886078593
166.9384349609388,87.64600267113191
169.09963013513865,87.59619247804045
172.3169291830883,87.5621514436155
174.30474599652658,87.58018229710292
177.01186787086695,87.6609776698149
178.6860815601815,87.73613368532894
180.23082573284992,87.81684705730677
182.4480649727023,87.85610988728094
183.8283911576884,87.82008458579232
185.84650221615215,87.74953416683881
187.02107031707493,87.68869583470827
187.9878416771905,87.6606242701516
188.99948103582867,87.63905265833282
189.43358367522134,87.60898225930636
189.76365778853935,87.63012416545263
189.7853670542591,87.59759040791369
189.78448684034058,87.5573537625015
189.45788138056923,87.36541170679071
188.95237752650166,87.16602292740002
188.10615016062653,86.86854012233232
187.41660500923183,86.70901009980972
186.68525878378958,86.51497156621325
185.48480282278058,86.17791761341448
184.6078215379651,85.90092196659451
183.62300034319858,85.7674728899897
182.00834185656072,85.73828452812515
180.82883864504478,85.74845237760668
178.93272109708155,85.78042183154567
177.5686832055034,85.84210813008617
176.0912022915077,85.92764549483807
173.6029526717425,86.15854092549078
171.87616107660008,86.37049713682299
169.35229579756086,86.62678775672114
167.84031045572084,86.77714308665682
166.48710761682884,86.978080484835
164.72514504685182,87.1818265639279
163.57104788203415,87.38132356788411
161.87250766911296,87.6233105710856
160.6008298480578,87.82562164899628
159.29566480599078,88.00055385936926
157.12389426546451,88.25063693155822
155.57642797329424,88.38290592330645
153.1950963500771,88.60154372170695
151.5515333779776,88.74367190449912
149.82215205588548,88.86051568200814
146.96504980414588,89.04533820159945
144.82446659027323,89.16540837097897
141.35042346960034,89.19150664906486
138.87067593047297,89.18033094486596
136.4340402784087,89.0650829518697
132.8191015994227,89.48514697967205
130.2645723062791,90.07462771914192
126.0904194775934,91.14569618885096
122.93155907323118,91.93200127270367
119.39740820298607,92.89893441966814
113.87653991753818,94.42840864211627
110.30009320648502,95.40851112635833
106.06258104220484,96.6800048387878
104.05195803454588,97.31911554779894
102.4860848528083,97.76077897824862
100.84204555894942,98.0812453834045
100.0413228349115,98.13186526793291
99.38989714677795,98.03946687810719
98.68218586044696,97.84182985236787
98.31732952960145,97.78621841292794
97.90607848216737,97.5399149942413
97.75667085796007,97.37300817676423
97.68858736777378,97.21400410891692
97.63743886218494,96.95916245162404
97.63646366681817,96.79639847378124
97.6740888988052,96.69433139417637
97.70278293229073,96.6081595287085
97.69430447014204,96.51109323814674
97.681472959426,96.42604810810587
97.61602552658806,96.33280194884163
97.56883455278991,96.21542197731712
97.57246966174873,96.14597070303091
97.65242250092824,96.05960308315187
97.79157190710619,95.97081226054753
97.86225873760479,95.89345981169255
97.94154086436792,95.66829779598064
97.95106483927466,95.506933239552
97.9444416866593,95.29685014255409
97.8849014630131,95.04586083659967
97.78708619302613,94.88010035026771
97.58851239063097,94.72742136333414
97.47523580755986,94.57962939509362
97.3221025728452,94.46643455393442
97.23158765606404,94.36506868167976
97.19541244962211,94.32903171202597
97.19716823065684,94.26829511934646
97.26014975341215,94.25189563895198
97.3748973116572,94.24289340790472
97.69852016468312,94.27827014232284
98.03435655505487,94.31907495000519
98.37043058196399,94.38054744853657
98.78419530124248,94.43099126005775
99.17491275024003,94.45058544643314
99.91571274973731,94.45445226124318
100.54024114216212,94.44403693087544
101.62500061366964,94.44471475077597
102.41309965310778,94.40826450315232
103.39840830878691,94.51625518978331
105.02035874236,94.67737337219998
106.18247005899688,94.81894257000474
107.62537855899615,95.06567220268461
110.17606458738484,95.30785264963868
112.23836327738107,95.44879727703143
115.57488172073258,95.84434173457213
117.83734592139152,96.04369738222566
119.97259837002929,96.15899708259455
123.32129831384881,96.45172936311766
125.4729703279452,96.67032486620916
128.7302056536031,97.11839907049261
130.82689777660426,97.45643752542932
132.70217053156443,97.81184253957848
135.33551959022958,98.34158261919012
136.82812648765207,98.63316758306928
138.74545950105124,98.96253791525338
139.77837964350576,99.12333744770797
140.67400435764714,99.36797105567169
141.93619440504523,99.5539527194346
142.77634700692505,99.60750395590945
144.01215675264228,99.66188535425681
144.9705999812128,99.66995817248517
146.05788860393633,99.71991869122418
147.89382370732073,99.73308261858845
149.30815235521302,99.68318346042075
151.68209321403123,99.41020118687231
153.42713674476897,99.1193999287028
155.38123156859825,98.71922254973438
159.43782214811776,98.53523923006385
163.311311442917,98.18682559200379
167.5380494036602,97.27792737174686
173.86883507918495,96.17101447419904
177.59346517588554,95.66511469573543
182.2884601278504,94.8598822230005
184.79814184935645,94.38561277090477
186.81029194853522,93.76788417638426
188.98380933917386,93.20224651491613
190.02142540727715,92.73833115947542
191.2300941092367,92.31564023834578
191.75959365715522,92.02098242335622
192.18512246259488,91.78987186210877
192.55523882657712,91.48773164869206
192.6155743667508,91.36452819450467
192.7362067910108,91.12201115252743
192.78316517041478,90.949987536011
192.83746932717585,90.79008571260941
192.87124916220276,90.55487914609029
192.90317152151482,90.43832787693029
192.8727182094883,90.25414130311984
192.8686141126299,90.13873192391655
192.82018935941875,89.98488989669109
192.72972530782528,89.79442291320277
192.64722891814094,89.72422559182858
192.4952371795639,89.62661068676564
192.32815621855508,89.62096051009054
192.0669859990798,89.57997503518357
191.45137149650256,89.60973211393686
190.9545845440641,89.50611070145074
190.01288216084788,89.42413630350174
189.22806608798666,89.40545475009127
188.38205257454055,89.37911153066864
187.0726830808541,89.39383461976523
186.1906152528836,89.44936942561247
184.83055583834184,89.56952706522424
183.92359291121434,89.63905983717561
183.02700205361432,89.71320466141844
181.72945013539476,89.80657600032701
180.8849195446906,89.87050494917578
180.08410183569046,89.93544469606336
178.89580831185987,90.06134456151048
178.1678466564082,90.09271759272991
177.03097823582067,90.16368223924373
176.25927917624153,90.22911288000707
175.54038788026037,90.31966849160608
174.4059875915655,90.48860507600074
173.7203032440004,90.598295752705
172.7201600718709,90.7009664022545
172.11792895335907,90.74252983033382
171.4783484298994,90.78825831704702
170.44038854225644,90.81664117636907
169.83737465069564,90.77768054177689
169.0055842732977,90.69784311687796
168.47943690863818,90.63408376455928
168.00749473563053,90.5878709939615
167.213781508446,90.46458143105518
166.66964496640685,90.40677947696845
165.7895383413418,90.26616249269597
165.1412143318135,90.14338812928393
164.48374605728088,90.05477511710359
163.5437476329576,90.01761302885922
162.89758300281042,90.02817776744772
162.07922270628302,90.05640721166549
161.63168898930243,90.09654905793646
161.26282941643709,90.14413881806286
160.85998742871666,90.19650587101322
160.70442128227768,90.21517327425578
160.45389397684212,90.27084956743654
160.34956895249962,90.3060732104877
160.3114392323772,90.33210376814958
160.33740885154688,90.34567265795873
160.41157627706392,90.32790733777483
160.48611191201724,90.32037953264123
160.48485994130886,90.30824666462918
160.46818827018046,90.27859633215532
160.3621821214904,90.18737012956686
160.28901723666763,90.1130392925934
160.25765284686128,90.03909070544428
160.3379624830172,89.83524664590682
160.4509289953098,89.69758873037458
160.71676095135467,89.49383105348316
160.8933899178077,89.4298620844308
161.1459108584247,89.36046571672104
161.5120213365307,89.2643977243761
161.73835473067317,89.23024272866289
162.1186061964878,89.21724677749546
162.38763100178656,89.23946202271392
162.69792479860521,89.2410305053752
163.31426636044566,89.28728749514246
163.8443650444291,89.29156065869684
164.67104384159666,89.22342035155187
165.2812826133258,89.16032121365903
165.90987346954756,89.00913284167794
166.88647529533623,88.94492456576555
167.50848078247253,88.86892229603426
168.42436346608275,88.79230491547571
169.0513526435973,88.8332624068478
169.69973603487256,88.8499101439248
170.6084396647394,88.79549112217776
171.2193931348549,88.76272547364776
172.14048704190023,88.71387342799358
172.6722213030659,88.7526797504411
173.183760824265,88.77767898744476
173.85195742279643,88.79617576116416
174.1607562614592,88.81311933063462
174.40494111757332,88.81410853829732
174.54608486549853,88.74433595287778
174.67339509768314,88.67394145247643
174.7339730890903,88.53554963851124
174.72655267466982,88.45722203029418
174.58988747597598,88.37100782974258
174.35796977663787,88.33423026748798
174.10205232678157,88.34595484823205
173.82624787077424,88.365981031733
173.4510217675896,88.43475545225155
173.20305870898304,88.51774053025017
172.88301235437018,88.59605175873833
172.6032042413497,88.6647670606236
172.12058472985206,88.71009405852362
171.91053046382686,88.70182189046508
171.59472279987452,88.69127133065582
171.17358652827411,88.72766679840922
170.93873288387917,88.70957146099714
170.67740942139847,88.72905640933634
170.5438569879916,88.74130431225527
170.41853179244467,88.75885629026457
170.2427702212973,88.81730317853705
170.13307423288637,88.8328048850369
169.96627205033695,88.83984181384902
169.9066016872917,88.84090502720424
169.90931974779207,88.76865277904196
170.6496775460834,88.4980267779821
171.61217440246767,88.11834787043341
173.647185976153,87.71086264978673
175.16660847776393,87.45353664881196
176.8529489745137,87.19821512156958
179.51365259155827,86.85357429387321
181.48676501609935,86.49888064546124
183.50935472469232,86.1359731382982
186.48398237711814,85.72616172947508
188.47345936785345,85.36942821781328
191.72806141386238,84.45722037599732
193.57317840735817,84.00722209568858
195.29415271227387,83.8841205307807
197.62609090155783,83.5054045661885
198.85918976616506,83.3771127903851
200.3189630960332,83.16470408229956
201.05830463060354,83.06713406219853
201.6090145741295,83.01358319740142
202.2114758587258,82.89499635594242
202.5279507991812,82.89174116469785
202.89868747746735,82.89649215319501
203.1592516594865,82.86930207765724
203.85240735994682,82.87699871706477
205.45703031243548,82.96715645012299
207.64707710677663,83.22670663475569
214.00180384623084,83.99172010941918
218.8034682042446,84.45026390418198
223.7509224499883,85.36186013385152
230.25889468945024,86.38856746466169
233.75110441654638,86.98957137122052
237.73183805741164,87.30822233761813
239.54452235315978,87.13769589657561
240.7486690186663,87.01972196392953
242.24493485161213,86.76913577319776
243.3013645309366,86.62864829011694
244.41674458990002,86.56737365797072
246.42634719754108,86.65314795062005
248.05988093723073,86.76062967955781
251.0742294408087,86.98685986602769
253.45760841027635,87.22442651643259
257.1007857871148,87.60660449130914
259.2224468225719,87.74939045592025
261.0471456290355,87.80156520775917
263.7671427502523,88.04317061595259
265.7117169336746,88.21088705227858
268.84370322838305,88.49237424730417
270.91890421974983,88.65373854668675
273.039667865217,88.87779112743229
276.09917596312937,88.94104859729583
278.0438737180782,89.0540794900197
279.8784156277731,89.09733987195837
282.7906141571865,89.28944656779635
284.7266508162518,89.41225052303007
287.9063508938495,89.58032318033287
289.9483318369453,89.74283615743211
291.98224881103124,89.8916629120523
295.0469276336018,90.1854328211254
297.1688767006722,90.51852832275107
300.4979195900644,90.92985957732363
302.8008551745149,91.12448467296208
305.14296802704916,91.21829130201097
308.56561910516183,91.22529080279057
310.80401947663097,91.21180448946997
313.73706464684767,91.21505626716379
315.55687716209127,91.3098771195221
317.1814619633602,91.48920170011478
319.5818824245498,91.93920594514908
321.185258974162,92.19616106201745
323.6321060381875,92.5669186607574
325.12831737769034,92.77164269901077
326.6902513766106,92.86834992310452
328.956790637028,93.09078563427843
330.4950700596253,93.12970472086475
332.8038999915109,93.12279036046759
334.5261102338278,93.14831263098996
336.3148862406658,92.98274750628366
338.9643168983576,92.78608399289912
340.8507264094787,92.7215460005912
344.3691460910277,92.96488588091734
346.80829493594365,93.0853418381757
348.99682232333225,93.10922366689218
351.58729942204224,93.01614765665838
352.844355401877,92.96369843214363
354.15309424378313,92.83125794591682
354.83371192989745,92.76501546068494
355.3244434426027,92.62047489789329
355.8219946777108,92.47718350650439
355.83764911882486,92.47144737958246
355.9516922867673,92.46571745059137
356.0314374883337,92.45192187584094
356.05355113305484,92.50586018611244
355.9331774260537,92.72742108949966
355.61877256097,92.94388804739789
355.2683235019737,93.10156049376613
354.62544464303187,93.38307588984316
354.2658884794696,93.51198272463832
353.63244871975854,93.83263474077253
353.18010214956394,94.01163564737111
352.68497529713045,94.10360029926507
351.94554137626693,94.15367121115183
351.5099184998777,94.14409235541392
350.78850644506844,94.2126501338407
350.2836914802168,94.21399734776456
349.6368098922815,94.19732987158677
348.6891206542137,94.22108269588203
347.9313755367874,94.22203810609366
346.6564554393574,94.35458680432676
345.5147664716609,94.39784347495996
344.10969322763094,94.52665407565499
341.1708007824726,94.89731960619645
337.91007638820884,95.17617010828015
330.69489074824406,95.52888943121395
324.86497398819824,95.90159390867383
318.39138321437173,96.37599580599715
